model,episode,step,wealth,gross_return,net_return,reward,utility,cvar,turnover,transaction_cost,financing_cost,short_notional,gross_exposure,net_exposure,leverage_gate,effective_leverage,gate_gross_error,position_at_cap,direction_entropy,normalized_direction_entropy,effective_positions,calendar_index,w_1,w_2,w_3,w_4,w_5,w_6,w_7,r_1,r_2,r_3,r_4,r_5,r_6,r_7
equal_weight,1,1,101827.09471212378,0.01827094712123789,0.01827094712123789,0.014450373158805811,0.017943109516079025,0.06985472714546428,0.0,0.0,0.0,0.0,1.0,1.0,,0.0,,False,,,7.0,1,0.14285714285714285,0.14285714285714285,0.14285714285714285,0.14285714285714285,0.14285714285714285,0.14285714285714285,0.14285714285714285,1.0005303404444805,1.012687236336312,1.0027938226015538,1.0313199105145414,1.0026604589291652,1.0684019370460047,1.009502923976608
equal_weight,1,2,102536.52827087908,0.006967041147161623,0.006967041147161623,0.0031842121121008742,0.0247378013831141,0.07220959509868399,0.0,0.0,0.0,0.0,1.0,1.0,,0.0,,False,,,7.0,2,0.14285714285714285,0.14285714285714285,0.14285714285714285,0.14285714285714285,0.14285714285714285,0.14285714285714285,0.14285714285714285,1.019315344276995,1.0104687132164811,1.0205171841833278,0.9855386840202459,1.0069651741293533,1.0084985835694051,0.997465604634323
equal_weight,1,3,104763.35864734426,0.021717434888983034,0.021717434888983034,0.01728029351098404,0.045467792450018085,0.06899395111839893,0.0,0.0,0.0,0.0,1.0,1.0,,0.0,,False,,,7.0,3,0.14285714285714285,0.14285714285714285,0.14285714285714285,0.14285714285714285,0.14285714285714285,0.14285714285714285,0.14285714285714285,1.0221921915497179,1.0356698471049701,1.0434986865451779,1.0458547322083638,1.021080368906456,0.9960674157303371,0.9876588021778585
equal_weight,1,4,105162.08002839577,0.0038059240005248185,0.0038059240005248185,-0.0001921832931480478,0.049086895457011614,0.07622572600283153,0.0,0.0,0.0,0.0,1.0,1.0,,0.0,,False,,,7.0,4,0.14285714285714285,0.14285714285714285,0.14285714285714285,0.14285714285714285,0.14285714285714285,0.14285714285714285,0.14285714285714285,1.0280826401994365,1.021746058022258,1.0382897806730846,1.0024552788495267,0.9977419354838709,0.9379582628313593,1.000367511944138
equal_weight,1,5,105473.06673885624,0.00295721338315591,0.00295721338315591,-0.0004723236504115278,0.051890657094546766,0.06552170575893358,0.0,0.0,0.0,0.0,1.0,1.0,,0.0,,False,,,7.0,5,0.14285714285714285,0.14285714285714285,0.14285714285714285,0.14285714285714285,0.14285714285714285,0.14285714285714285,0.14285714285714285,1.0098316194475092,1.0042798992640376,1.018410706312502,1.0,1.002909796314258,0.988574864702345,0.9966936076414401
equal_weight,1,6,110188.87155189745,0.04471098602562873,0.04471098602562873,0.037426654429361744,0.0924673372945709,0.06300051541324797,0.0,0.0,0.0,0.0,1.0,1.0,,0.0,,False,,,7.0,6,0.14285714285714285,0.14285714285714285,0.14285714285714285,0.14285714285714285,0.14285714285714285,0.14285714285714285,0.14285714285714285,1.0561787225444728,1.07454593939288,1.0578565933512618,1.0892232330300908,1.0396518375241781,0.9933090024330901,1.002211573903428
equal_weight,1,7,106475.5323946432,-0.03369976572911282,-0.03369976572911282,-0.03615305728009406,0.06081709336415575,0.09005626699357804,0.0,0.0,0.0,0.0,1.0,1.0,,0.0,,False,,,7.0,7,0.14285714285714285,0.14285714285714285,0.14285714285714285,0.14285714285714285,0.14285714285714285,0.14285714285714285,0.14285714285714285,0.9610526217750979,0.9804529781020231,0.9571618544716682,0.9222614840989399,0.947596899224806,1.011022657685242,0.9845531445384331
equal_weight,1,8,104496.26418548459,-0.01858894869689509,-0.01858894869689509,-0.021524128516197623,0.043027989761467045,0.07470049827017834,0.0,0.0,0.0,0.0,1.0,1.0,,0.0,,False,,,7.0,8,0.14285714285714285,0.14285714285714285,0.14285714285714285,0.14285714285714285,0.14285714285714285,0.14285714285714285,0.14285714285714285,0.9731154872222838,0.9711852581306858,0.9629996232560255,0.9522814350400557,0.9581151832460733,1.0533010296789824,0.9988793425476279
equal_weight,1,9,103526.11870406671,-0.009284020715762842,-0.009284020715762842,-0.012032587908017658,0.0340601845042241,0.06129565301549426,0.0,0.0,0.0,0.0,1.0,1.0,,0.0,,False,,,7.0,9,0.14285714285714285,0.14285714285714285,0.14285714285714285,0.14285714285714285,0.14285714285714285,0.14285714285714285,0.14285714285714285,1.0109963000452014,1.0079791009476824,1.0086329152204732,0.9663496708119972,0.9583333333333334,0.9815986198964922,1.0011219147344803
equal_weight,1,10,104333.58017836857,0.007799591875070844,0.007799591875070844,0.00423208201026973,0.04153581398203621,0.06487094935084753,0.0,0.0,0.0,0.0,1.0,1.0,,0.0,,False,,,7.0,10,0.14285714285714285,0.14285714285714285,0.14285714285714285,0.14285714285714285,0.14285714285714285,0.14285714285714285,0.14285714285714285,1.0132439300667035,1.0452709779845217,1.0043046145479644,1.0034065102195306,1.0245901639344261,0.9660222612770942,0.9977586850952559
equal_weight,1,11,101348.6189056195,-0.02860978476580589,-0.02860978476580589,-0.031759303873471506,0.013306731953351969,0.07060443689574539,0.0,0.0,0.0,0.0,1.0,1.0,,0.0,,False,,,7.0,11,0.14285714285714285,0.14285714285714285,0.14285714285714285,0.14285714285714285,0.14285714285714285,0.14285714285714285,0.14285714285714285,1.004842437168933,1.0091613275630966,0.9940845942149397,0.9411542814032442,0.9356521739130435,0.9241964827167981,0.9906402096593037
equal_weight,1,12,103693.8197970887,0.0231399393182965,0.0231399393182965,0.018659847304430956,0.035622371750957504,0.07311584986349155,0.0,0.0,0.0,0.0,1.0,1.0,,0.0,,False,,,7.0,12,0.14285714285714285,0.14285714285714285,0.14285714285714285,0.14285714285714285,0.14285714285714285,0.14285714285714285,0.14285714285714285,1.0360215483535529,1.021502497143988,1.0471245506781481,1.0400801603206413,1.0360594795539033,0.9770341207349081,1.0041572184429328
equal_weight,1,13,102928.2567502244,-0.00738291875410102,-0.00738291875410102,-0.011155842828899603,0.028449493294444905,0.07965928744774006,0.0,0.0,0.0,0.0,1.0,1.0,,0.0,,False,,,7.0,13,0.14285714285714285,0.14285714285714285,0.14285714285714285,0.14285714285714285,0.14285714285714285,0.14285714285714285,0.14285714285714285,1.030263218631604,1.0570596953253422,1.0216260752256048,0.9703275529865124,0.9601722282023681,0.9194089993284082,0.9894617990214528
equal_weight,1,14,104296.4366640104,0.013292558885031447,0.013292558885031447,0.008911386092714517,0.0411944722316,0.07667185688881155,0.0,0.0,0.0,0.0,1.0,1.0,,0.0,,False,,,7.0,14,0.14285714285714285,0.14285714285714285,0.14285714285714285,0.14285714285714285,0.14285714285714285,0.14285714285714285,0.14285714285714285,1.0042943009181393,0.992207955075134,1.0190061088156275,1.0559968228752978,1.046711509715994,0.9831994156318481,0.99163179916318
equal_weight,1,15,98376.00041413569,-0.05676547003180288,-0.05676547003180288,-0.06114637523759431,-0.016508087125190363,0.06887631761607897,0.0,0.0,0.0,0.0,1.0,1.0,,0.0,,False,,,7.0,15,0.14285714285714285,0.14285714285714285,0.14285714285714285,0.14285714285714285,0.14285714285714285,0.14285714285714285,0.14285714285714285,0.9305966410201849,0.9079768850724007,0.9492578825091647,0.9386987589319293,0.9339521599428774,0.9034175334323922,1.038741848868431
equal_weight,1,16,99217.1391276844,0.008550243047163342,0.008550243047163342,0.0051174460987114135,-0.007890379416283455,0.07000523220390988,0.0,0.0,0.0,0.0,1.0,1.0,,0.0,,False,,,7.0,16,0.14285714285714285,0.14285714285714285,0.14285714285714285,0.14285714285714285,0.14285714285714285,0.14285714285714285,0.14285714285714285,1.0178593449224487,1.0033726303860246,1.0168301139748919,0.9911858974358975,0.9889143730886851,1.0394736842105263,1.002215657311669
equal_weight,1,17,93664.18223374253,-0.055967718307173286,-0.055967718307173286,-0.06262024795464988,-0.06764397675993372,0.057333012219992145,0.0,0.0,0.0,0.0,1.0,1.0,,0.0,,False,,,7.0,17,0.14285714285714285,0.14285714285714285,0.14285714285714285,0.14285714285714285,0.14285714285714285,0.14285714285714285,0.14285714285714285,0.9005749972130336,0.8982312353523753,0.906226913619528,0.9240097008892482,0.9984538074990336,0.9446202531645569,1.0361090641120116
equal_weight,1,18,98308.57203768904,0.04958554799908743,0.04958554799908743,0.046415505213083214,-0.01720529479018884,0.08046353513323336,0.0,0.0,0.0,0.0,1.0,1.0,,0.0,,False,,,7.0,18,0.14285714285714285,0.14285714285714285,0.14285714285714285,0.14285714285714285,0.14285714285714285,0.14285714285714285,0.14285714285714285,1.0878451084988776,1.105887779215494,1.080196082028685,1.0822397200349958,1.0007742934572201,0.9865996649916248,1.0035561877667143
equal_weight,1,19,105854.36517515586,0.0767562073282273,0.0767562073282273,0.06843116331671781,0.05530584558764984,0.08159954122241737,0.0,0.0,0.0,0.0,1.0,1.0,,0.0,,False,,,7.0,19,0.14285714285714285,0.14285714285714285,0.14285714285714285,0.14285714285714285,0.14285714285714285,0.14285714285714285,0.14285714285714285,1.0297288920628345,1.0344408881821956,1.0366536879752946,1.1059013742926436,1.085880077369439,1.2478777589134125,0.9968107725017719
equal_weight,1,20,108948.43683541984,0.029229514107842913,0.029229514107842913,0.02226626126988805,0.08213460509706594,0.09124996479056104,0.0,0.0,0.0,0.0,1.0,1.0,,0.0,,False,,,7.0,20,0.14285714285714285,0.14285714285714285,0.14285714285714285,0.14285714285714285,0.14285714285714285,0.14285714285714285,0.14285714285714285,1.0179242518378595,1.0261253529989354,1.0004892614601024,1.0303362573099413,1.0399002493765588,1.1047619047619048,0.9850693210095981
equal_weight,1,21,110318.25452083237,0.012573082507661981,0.012573082507661981,0.0075946116859088334,0.09353170575123526,0.07604977936520979,0.0,0.0,0.0,0.0,1.0,1.0,,0.0,,False,,,7.0,21,0.14285714285714285,0.14285714285714285,0.14285714285714285,0.14285714285714285,0.14285714285714285,0.14285714285714285,0.14285714285714285,1.0393135068908235,1.0489629372043836,1.0256175982612805,1.038666193685704,0.984583761562179,0.9562807881773397,0.9945867917719236
equal_weight,1,22,104263.39552400693,-0.054885377067691365,-0.054885377067691365,-0.05637096663367705,0.04089062611648098,0.07459773997845526,0.0,0.0,0.0,0.0,1.0,1.0,,0.0,,False,,,7.0,22,0.14285714285714285,0.14285714285714285,0.14285714285714285,0.14285714285714285,0.14285714285714285,0.14285714285714285,0.14285714285714285,0.9342222757517478,0.9192601541484278,0.933144921461059,0.9316939890710383,0.9439805149617257,0.9175788795878945,1.0359216255442671
equal_weight,1,23,110645.87395478833,0.061214948915718104,0.061214948915718104,0.051840165282846844,0.09621573380258541,0.06969884806515182,0.0,0.0,0.0,0.0,1.0,1.0,,0.0,,False,,,7.0,23,0.14285714285714285,0.14285714285714285,0.14285714285714285,0.14285714285714285,0.14285714285714285,0.14285714285714285,0.14285714285714285,1.068930144367124,1.074208932789611,1.0719290343572334,1.0821114369501466,1.0269074824917066,1.0224561403508772,1.0819614711033276
equal_weight,1,24,112379.990026696,0.015672668215502172,0.015672668215502172,0.01003814916603011,0.11016187155520418,0.07815977173177323,0.0,0.0,0.0,0.0,1.0,1.0,,0.0,,False,,,7.0,24,0.14285714285714285,0.14285714285714285,0.14285714285714285,0.14285714285714285,0.14285714285714285,0.14285714285714285,0.14285714285714285,1.0131281613727836,1.0211309798074761,1.0099364281396368,1.0027100271002711,1.007896625987078,1.037748798901853,1.0171576561994171
equal_weight,2,1,100696.70411471617,0.006967041147161623,0.006967041147161623,0.0038427485598829746,0.006918837322842819,0.06152177525919689,0.0,0.0,0.0,0.0,1.0,1.0,,0.0,,False,,,7.0,2,0.14285714285714285,0.14285714285714285,0.14285714285714285,0.14285714285714285,0.14285714285714285,0.14285714285714285,0.14285714285714285,1.019315344276995,1.0104687132164811,1.0205171841833278,0.9855386840202459,1.0069651741293533,1.0084985835694051,0.997465604634323
equal_weight,2,2,102883.5782298627,0.021717434888983034,0.021717434888983034,0.0176962833552538,0.028027584960353846,0.06824928564514457,0.0,0.0,0.0,0.0,1.0,1.0,,0.0,,False,,,7.0,3,0.14285714285714285,0.14285714285714285,0.14285714285714285,0.14285714285714285,0.14285714285714285,0.14285714285714285,0.14285714285714285,1.0221921915497179,1.0356698471049701,1.0434986865451779,1.0458547322083638,1.021080368906456,0.9960674157303371,0.9876588021778585
equal_weight,2,3,103275.14530950761,0.0038059240005248185,0.0038059240005248185,0.0006074408339780423,0.031712812407014845,0.06155573225365913,0.0,0.0,0.0,0.0,1.0,1.0,,0.0,,False,,,7.0,4,0.14285714285714285,0.14285714285714285,0.14285714285714285,0.14285714285714285,0.14285714285714285,0.14285714285714285,0.14285714285714285,1.0280826401994365,1.021746058022258,1.0382897806730846,1.0024552788495267,0.9977419354838709,0.9379582628313593,1.000367511944138
equal_weight,2,4,103580.55195136426,0.00295721338315591,0.00295721338315591,-0.0004635607466709651,0.03456780142517002,0.06637099529652278,0.0,0.0,0.0,0.0,1.0,1.0,,0.0,,False,,,7.0,5,0.14285714285714285,0.14285714285714285,0.14285714285714285,0.14285714285714285,0.14285714285714285,0.14285714285714285,0.14285714285714285,1.0098316194475092,1.0042798992640376,1.018410706312502,1.0,1.002909796314258,0.988574864702345,0.9966936076414401
equal_weight,2,5,108211.74056218863,0.04471098602562873,0.04471098602562873,0.03824185474975741,0.07588585600348419,0.061523996571135234,0.0,0.0,0.0,0.0,1.0,1.0,,0.0,,False,,,7.0,6,0.14285714285714285,0.14285714285714285,0.14285714285714285,0.14285714285714285,0.14285714285714285,0.14285714285714285,0.14285714285714285,1.0561787225444728,1.07454593939288,1.0578565933512618,1.0892232330300908,1.0396518375241781,0.9933090024330901,1.002211573903428
equal_weight,2,6,104565.03025610333,-0.03369976572911282,-0.03369976572911282,-0.03630146426090691,0.04365733213984202,0.08145880794529496,0.0,0.0,0.0,0.0,1.0,1.0,,0.0,,False,,,7.0,7,0.14285714285714285,0.14285714285714285,0.14285714285714285,0.14285714285714285,0.14285714285714285,0.14285714285714285,0.14285714285714285,0.9610526217750979,0.9804529781020231,0.9571618544716682,0.9222614840989399,0.947596899224806,1.011022657685242,0.9845531445384331
equal_weight,2,7,102621.27627318335,-0.01858894869689509,-0.01858894869689509,-0.021845178282370873,0.025543204765894556,0.07462101816846815,0.0,0.0,0.0,0.0,1.0,1.0,,0.0,,False,,,7.0,8,0.14285714285714285,0.14285714285714285,0.14285714285714285,0.14285714285714285,0.14285714285714285,0.14285714285714285,0.14285714285714285,0.9731154872222838,0.9711852581306858,0.9629996232560255,0.9522814350400557,0.9581151832460733,1.0533010296789824,0.9988793425476279
equal_weight,2,8,101668.53821838509,-0.009284020715762842,-0.009284020715762842,-0.012009771751432134,0.016411549213002807,0.057562323970807724,0.0,0.0,0.0,0.0,1.0,1.0,,0.0,,False,,,7.0,9,0.14285714285714285,0.14285714285714285,0.14285714285714285,0.14285714285714285,0.14285714285714285,0.14285714285714285,0.14285714285714285,1.0109963000452014,1.0079791009476824,1.0086329152204732,0.9663496708119972,0.9583333333333334,0.9815986198964922,1.0011219147344803
equal_weight,2,9,102461.51132302353,0.007799591875070844,0.007799591875070844,0.004128981234403485,0.024023765521701934,0.06966470148591283,0.0,0.0,0.0,0.0,1.0,1.0,,0.0,,False,,,7.0,10,0.14285714285714285,0.14285714285714285,0.14285714285714285,0.14285714285714285,0.14285714285714285,0.14285714285714285,0.14285714285714285,1.0132439300667035,1.0452709779845217,1.0043046145479644,1.0034065102195306,1.0245901639344261,0.9660222612770942,0.9977586850952559
equal_weight,2,10,99530.10953729265,-0.02860978476580589,-0.02860978476580589,-0.032055884602020565,-0.004721088572009258,0.06622061016618751,0.0,0.0,0.0,0.0,1.0,1.0,,0.0,,False,,,7.0,11,0.14285714285714285,0.14285714285714285,0.14285714285714285,0.14285714285714285,0.14285714285714285,0.14285714285714285,0.14285714285714285,1.004842437168933,1.0091613275630966,0.9940845942149397,0.9411542814032442,0.9356521739130435,0.9241964827167981,0.9906402096593037
equal_weight,2,11,101833.230232329,0.0231399393182965,0.0231399393182965,0.019248498903618433,0.01800227910031471,0.0694973753741107,0.0,0.0,0.0,0.0,1.0,1.0,,0.0,,False,,,7.0,12,0.14285714285714285,0.14285714285714285,0.14285714285714285,0.14285714285714285,0.14285714285714285,0.14285714285714285,0.14285714285714285,1.0360215483535529,1.021502497143988,1.0471245506781481,1.0400801603206413,1.0360594795539033,0.9770341207349081,1.0041572184429328
equal_weight,2,12,101081.40376705605,-0.00738291875410102,-0.00738291875410102,-0.011072942195928526,0.010698345360816042,0.07538016912859714,0.0,0.0,0.0,0.0,1.0,1.0,,0.0,,False,,,7.0,13,0.14285714285714285,0.14285714285714285,0.14285714285714285,0.14285714285714285,0.14285714285714285,0.14285714285714285,0.14285714285714285,1.030263218631604,1.0570596953253422,1.0216260752256048,0.9703275529865124,0.9601722282023681,0.9194089993284082,0.9894617990214528
equal_weight,2,13,102425.03427881128,0.013292558885031447,0.013292558885031447,0.009353355585491364,0.02367618713419295,0.07248972375771089,0.0,0.0,0.0,0.0,1.0,1.0,,0.0,,False,,,7.0,14,0.14285714285714285,0.14285714285714285,0.14285714285714285,0.14285714285714285,0.14285714285714285,0.14285714285714285,0.14285714285714285,1.0042943009181393,0.992207955075134,1.0190061088156275,1.0559968228752978,1.046711509715994,0.9831994156318481,0.99163179916318
equal_weight,2,14,96610.82906495103,-0.05676547003180288,-0.05676547003180288,-0.06192553230907921,-0.03508065263336513,0.06337385083042274,0.0,0.0,0.0,0.0,1.0,1.0,,0.0,,False,,,7.0,15,0.14285714285714285,0.14285714285714285,0.14285714285714285,0.14285714285714285,0.14285714285714285,0.14285714285714285,0.14285714285714285,0.9305966410201849,0.9079768850724007,0.9492578825091647,0.9386987589319293,0.9339521599428774,0.9034175334323922,1.038741848868431
equal_weight,2,15,97436.87513444432,0.008550243047163342,0.008550243047163342,0.00484862773993244,-0.02630549124260262,0.07853067301660137,0.0,0.0,0.0,0.0,1.0,1.0,,0.0,,False,,,7.0,16,0.14285714285714285,0.14285714285714285,0.14285714285714285,0.14285714285714285,0.14285714285714285,0.14285714285714285,0.14285714285714285,1.0178593449224487,1.0033726303860246,1.0168301139748919,0.9911858974358975,0.9889143730886851,1.0394736842105263,1.002215657311669
equal_weight,2,16,91983.55555418851,-0.055967718307173286,-0.055967718307173286,-0.06381734225836666,-0.08715084340362234,0.05943980194693895,0.0,0.0,0.0,0.0,1.0,1.0,,0.0,,False,,,7.0,17,0.14285714285714285,0.14285714285714285,0.14285714285714285,0.14285714285714285,0.14285714285714285,0.14285714285714285,0.14285714285714285,0.9005749972130336,0.8982312353523753,0.906226913619528,0.9240097008892482,0.9984538074990336,0.9446202531645569,1.0361090641120116
equal_weight,2,17,96544.61056324745,0.04958554799908743,0.04958554799908743,0.04710339384037398,-0.03579059894274361,0.08513701241009483,0.0,0.0,0.0,0.0,1.0,1.0,,0.0,,False,,,7.0,18,0.14285714285714285,0.14285714285714285,0.14285714285714285,0.14285714285714285,0.14285714285714285,0.14285714285714285,0.14285714285714285,1.0878451084988776,1.105887779215494,1.080196082028685,1.0822397200349958,1.0007742934572201,0.9865996649916248,1.0035561877667143
equal_weight,2,18,103955.00870806303,0.0767562073282273,0.0767562073282273,0.06979697062772655,0.0380453886466392,0.08078033923312516,0.0,0.0,0.0,0.0,1.0,1.0,,0.0,,False,,,7.0,19,0.14285714285714285,0.14285714285714285,0.14285714285714285,0.14285714285714285,0.14285714285714285,0.14285714285714285,0.14285714285714285,1.0297288920628345,1.0344408881821956,1.0366536879752946,1.1059013742926436,1.085880077369439,1.2478777589134125,0.9968107725017719
equal_weight,2,19,106993.56310167629,0.029229514107842913,0.029229514107842913,0.022904120863598134,0.06536433500238037,0.08829650984286071,0.0,0.0,0.0,0.0,1.0,1.0,,0.0,,False,,,7.0,20,0.14285714285714285,0.14285714285714285,0.14285714285714285,0.14285714285714285,0.14285714285714285,0.14285714285714285,0.14285714285714285,1.0179242518378595,1.0261253529989354,1.0004892614601024,1.0303362573099413,1.0399002493765588,1.1047619047619048,0.9850693210095981
equal_weight,2,20,108338.8019983424,0.012573082507661981,0.012573082507661981,0.007945808789409443,0.07696967147993738,0.07319055376295147,0.0,0.0,0.0,0.0,1.0,1.0,,0.0,,False,,,7.0,21,0.14285714285714285,0.14285714285714285,0.14285714285714285,0.14285714285714285,0.14285714285714285,0.14285714285714285,0.14285714285714285,1.0393135068908235,1.0489629372043836,1.0256175982612805,1.038666193685704,0.984583761562179,0.9562807881773397,0.9945867917719236
equal_weight,2,21,102392.58599960142,-0.054885377067691365,-0.054885377067691365,-0.05735847896654536,0.023366789462771598,0.07511193898759154,0.0,0.0,0.0,0.0,1.0,1.0,,0.0,,False,,,7.0,22,0.14285714285714285,0.14285714285714285,0.14285714285714285,0.14285714285714285,0.14285714285714285,0.14285714285714285,0.14285714285714285,0.9342222757517478,0.9192601541484278,0.933144921461059,0.9316939890710383,0.9439805149617257,0.9175788795878945,1.0359216255442671
equal_weight,2,22,108660.5429209153,0.061214948915718104,0.061214948915718104,0.05263204002846812,0.07970273926588567,0.07407819549291905,0.0,0.0,0.0,0.0,1.0,1.0,,0.0,,False,,,7.0,23,0.14285714285714285,0.14285714285714285,0.14285714285714285,0.14285714285714285,0.14285714285714285,0.14285714285714285,0.14285714285714285,1.068930144367124,1.074208932789611,1.0719290343572334,1.0821114369501466,1.0269074824917066,1.0224561403508772,1.0819614711033276
equal_weight,2,23,110363.54355823113,0.015672668215502172,0.015672668215502172,0.00986525747165103,0.09390368616392797,0.08671378852782537,0.0,0.0,0.0,0.0,1.0,1.0,,0.0,,False,,,7.0,24,0.14285714285714285,0.14285714285714285,0.14285714285714285,0.14285714285714285,0.14285714285714285,0.14285714285714285,0.14285714285714285,1.0131281613727836,1.0211309798074761,1.0099364281396368,1.0027100271002711,1.007896625987078,1.037748798901853,1.0171576561994171
equal_weight,2,24,110862.97659404056,0.004525344327548808,0.004525344327548808,0.0009779802127529973,0.09798561185867083,0.06207890963979726,0.0,0.0,0.0,0.0,1.0,1.0,,0.0,,False,,,7.0,25,0.14285714285714285,0.14285714285714285,0.14285714285714285,0.14285714285714285,0.14285714285714285,0.14285714285714285,0.14285714285714285,0.9819083802034764,0.9740025585719445,0.9828400247399243,0.9851351351351353,0.9754273504273504,1.0244708994708993,1.1078930617441118
equal_weight,3,1,102171.7434888983,0.021717434888983034,0.021717434888983034,0.018020216907739566,0.021255813150866665,0.06471192486254197,0.0,0.0,0.0,0.0,1.0,1.0,,0.0,,False,,,7.0,3,0.14285714285714285,0.14285714285714285,0.14285714285714285,0.14285714285714285,0.14285714285714285,0.14285714285714285,0.14285714285714285,1.0221921915497179,1.0356698471049701,1.0434986865451779,1.0458547322083638,1.021080368906456,0.9960674157303371,0.9876588021778585
equal_weight,3,2,102560.60137961817,0.0038059240005248185,0.0038059240005248185,0.0001654386031245559,0.02496671572878495,0.07090927949587457,0.0,0.0,0.0,0.0,1.0,1.0,,0.0,,False,,,7.0,4,0.14285714285714285,0.14285714285714285,0.14285714285714285,0.14285714285714285,0.14285714285714285,0.14285714285714285,0.14285714285714285,1.0280826401994365,1.021746058022258,1.0382897806730846,1.0024552788495267,0.9977419354838709,0.9379582628313593,1.000367511944138
equal_weight,3,3,102863.89496260248,0.00295721338315591,0.00295721338315591,-0.0002007117562291016,0.027841595572904332,0.06151183200696968,0.0,0.0,0.0,0.0,1.0,1.0,,0.0,,False,,,7.0,5,0.14285714285714285,0.14285714285714285,0.14285714285714285,0.14285714285714285,0.14285714285714285,0.14285714285714285,0.14285714285714285,1.0098316194475092,1.0042798992640376,1.018410706312502,1.0,1.002909796314258,0.988574864702345,0.9966936076414401
equal_weight,3,4,107463.04113281715,0.04471098602562873,0.04471098602562873,0.03842869109264529,0.06944751473758615,0.06354456144073058,0.0,0.0,0.0,0.0,1.0,1.0,,0.0,,False,,,7.0,6,0.14285714285714285,0.14285714285714285,0.14285714285714285,0.14285714285714285,0.14285714285714285,0.14285714285714285,0.14285714285714285,1.0561787225444728,1.07454593939288,1.0578565933512618,1.0892232330300908,1.0396518375241781,0.9933090024330901,1.002211573903428
equal_weight,3,5,103841.56182210319,-0.03369976572911282,-0.03369976572911282,-0.03642301262927823,0.03699445342207386,0.0793990262753188,0.0,0.0,0.0,0.0,1.0,1.0,,0.0,,False,,,7.0,7,0.14285714285714285,0.14285714285714285,0.14285714285714285,0.14285714285714285,0.14285714285714285,0.14285714285714285,0.14285714285714285,0.9610526217750979,0.9804529781020231,0.9571618544716682,0.9222614840989399,0.947596899224806,1.011022657685242,0.9845531445384331
equal_weight,3,6,101911.25635678666,-0.01858894869689509,-0.01858894869689509,-0.02188327451427994,0.018754124177366993,0.07285890539146149,0.0,0.0,0.0,0.0,1.0,1.0,,0.0,,False,,,7.0,8,0.14285714285714285,0.14285714285714285,0.14285714285714285,0.14285714285714285,0.14285714285714285,0.14285714285714285,0.14285714285714285,0.9731154872222838,0.9711852581306858,0.9629996232560255,0.9522814350400557,0.9581151832460733,1.0533010296789824,0.9988793425476279
equal_weight,3,7,100965.11014160083,-0.009284020715762842,-0.009284020715762842,-0.012438417834971238,0.00955884800449669,0.0648628332420187,0.0,0.0,0.0,0.0,1.0,1.0,,0.0,,False,,,7.0,9,0.14285714285714285,0.14285714285714285,0.14285714285714285,0.14285714285714285,0.14285714285714285,0.14285714285714285,0.14285714285714285,1.0109963000452014,1.0079791009476824,1.0086329152204732,0.9663496708119972,0.9583333333333334,0.9815986198964922,1.0011219147344803
equal_weight,3,8,101752.59679432689,0.007799591875070844,0.007799591875070844,0.004706548335699443,0.01722409893743959,0.05917405194486918,0.0,0.0,0.0,0.0,1.0,1.0,,0.0,,False,,,7.0,10,0.14285714285714285,0.14285714285714285,0.14285714285714285,0.14285714285714285,0.14285714285714285,0.14285714285714285,0.14285714285714285,1.0132439300667035,1.0452709779845217,1.0043046145479644,1.0034065102195306,1.0245901639344261,0.9660222612770942,0.9977586850952559
equal_weight,3,9,98841.47690067936,-0.02860978476580589,-0.02860978476580589,-0.03209630145164275,-0.011721021737511661,0.06302361553383001,0.0,0.0,0.0,0.0,1.0,1.0,,0.0,,False,,,7.0,11,0.14285714285714285,0.14285714285714285,0.14285714285714285,0.14285714285714285,0.14285714285714285,0.14285714285714285,0.14285714285714285,1.004842437168933,1.0091613275630966,0.9940845942149397,0.9411542814032442,0.9356521739130435,0.9241964827167981,0.9906402096593037
equal_weight,3,10,101128.66267829189,0.0231399393182965,0.0231399393182965,0.019427300995877094,0.011160660572387404,0.0690876262804394,0.0,0.0,0.0,0.0,1.0,1.0,,0.0,,False,,,7.0,12,0.14285714285714285,0.14285714285714285,0.14285714285714285,0.14285714285714285,0.14285714285714285,0.14285714285714285,0.14285714285714285,1.0360215483535529,1.021502497143988,1.0471245506781481,1.0400801603206413,1.0360594795539033,0.9770341207349081,1.0041572184429328
equal_weight,3,11,100382.03797802718,-0.00738291875410102,-0.00738291875410102,-0.01043810757809539,0.003805840025989604,0.06166574063395177,0.0,0.0,0.0,0.0,1.0,1.0,,0.0,,False,,,7.0,13,0.14285714285714285,0.14285714285714285,0.14285714285714285,0.14285714285714285,0.14285714285714285,0.14285714285714285,0.14285714285714285,1.030263218631604,1.0570596953253422,1.0216260752256048,0.9703275529865124,0.9601722282023681,0.9194089993284082,0.9894617990214528
equal_weight,3,12,101716.37212884956,0.013292558885031447,0.013292558885031447,0.009204946378415742,0.016874098957003092,0.07726625105195492,0.0,0.0,0.0,0.0,1.0,1.0,,0.0,,False,,,7.0,14,0.14285714285714285,0.14285714285714285,0.14285714285714285,0.14285714285714285,0.14285714285714285,0.14285714285714285,0.14285714285714285,1.0042943009181393,0.992207955075134,1.0190061088156275,1.0559968228752978,1.046711509715994,0.9831994156318481,0.99163179916318
equal_weight,3,13,95942.39445502564,-0.05676547003180288,-0.05676547003180288,-0.06282426231954577,-0.04229210213089307,0.07316122463299202,0.0,0.0,0.0,0.0,1.0,1.0,,0.0,,False,,,7.0,15,0.14285714285714285,0.14285714285714285,0.14285714285714285,0.14285714285714285,0.14285714285714285,0.14285714285714285,0.14285714285714285,0.9305966410201849,0.9079768850724007,0.9492578825091647,0.9386987589319293,0.9339521599428774,0.9034175334323922,1.038741848868431
equal_weight,3,14,96762.72524614293,0.008550243047163342,0.008550243047163342,0.00543163453938029,-0.033455803829647746,0.06809327523730074,0.0,0.0,0.0,0.0,1.0,1.0,,0.0,,False,,,7.0,16,0.14285714285714285,0.14285714285714285,0.14285714285714285,0.14285714285714285,0.14285714285714285,0.14285714285714285,0.14285714285714285,1.0178593449224487,1.0033726303860246,1.0168301139748919,0.9911858974358975,0.9889143730886851,1.0394736842105263,1.002215657311669
equal_weight,3,15,91347.1362969324,-0.055967718307173286,-0.055967718307173286,-0.0646131487460191,-0.09472506806278691,0.06687769025759877,0.0,0.0,0.0,0.0,1.0,1.0,,0.0,,False,,,7.0,17,0.14285714285714285,0.14285714285714285,0.14285714285714285,0.14285714285714285,0.14285714285714285,0.14285714285714285,0.14285714285714285,0.9005749972130336,0.8982312353523753,0.906226913619528,0.9240097008892482,0.9984538074990336,0.9446202531645569,1.0361090641120116
equal_weight,3,16,95876.63410836311,0.04958554799908743,0.04958554799908743,0.04791513388223092,-0.04300699466542102,0.07605879030269944,0.0,0.0,0.0,0.0,1.0,1.0,,0.0,,False,,,7.0,18,0.14285714285714285,0.14285714285714285,0.14285714285714285,0.14285714285714285,0.14285714285714285,0.14285714285714285,0.14285714285714285,1.0878451084988776,1.105887779215494,1.080196082028685,1.0822397200349958,1.0007742934572201,0.9865996649916248,1.0035561877667143
equal_weight,3,17,103235.76091391723,0.0767562073282273,0.0767562073282273,0.07022618186416484,0.03134341128763851,0.08248448177789375,0.0,0.0,0.0,0.0,1.0,1.0,,0.0,,False,,,7.0,19,0.14285714285714285,0.14285714285714285,0.14285714285714285,0.14285714285714285,0.14285714285714285,0.14285714285714285,0.14285714285714285,1.0297288920628345,1.0344408881821956,1.0366536879752946,1.1059013742926436,1.085880077369439,1.2478777589134125,0.9968107725017719
equal_weight,3,18,106253.29204398447,0.029229514107842913,0.029229514107842913,0.023723444726097512,0.05885268986673731,0.07571667706002569,0.0,0.0,0.0,0.0,1.0,1.0,,0.0,,False,,,7.0,20,0.14285714285714285,0.14285714285714285,0.14285714285714285,0.14285714285714285,0.14285714285714285,0.14285714285714285,0.14285714285714285,1.0179242518378595,1.0261253529989354,1.0004892614601024,1.0303362573099413,1.0399002493765588,1.1047619047619048,0.9850693210095981
equal_weight,3,19,107589.22345156419,0.012573082507661981,0.012573082507661981,0.008893808728216438,0.07053888120106,0.055847652122125085,0.0,0.0,0.0,0.0,1.0,1.0,,0.0,,False,,,7.0,21,0.14285714285714285,0.14285714285714285,0.14285714285714285,0.14285714285714285,0.14285714285714285,0.14285714285714285,0.14285714285714285,1.0393135068908235,1.0489629372043836,1.0256175982612805,1.038666193685704,0.984583761562179,0.9562807881773397,0.9945867917719236
equal_weight,3,20,101684.14835400498,-0.054885377067691365,-0.054885377067691365,-0.05772497954135365,0.016562545699274178,0.07497288079135662,0.0,0.0,0.0,0.0,1.0,1.0,,0.0,,False,,,7.0,22,0.14285714285714285,0.14285714285714285,0.14285714285714285,0.14285714285714285,0.14285714285714285,0.14285714285714285,0.14285714285714285,0.9342222757517478,0.9192601541484278,0.933144921461059,0.9316939890710383,0.9439805149617257,0.9175788795878945,1.0359216255442671
equal_weight,3,21,107908.73830103369,0.061214948915718104,0.061214948915718104,0.052734370651095826,0.0732909903827309,0.07988148064721792,0.0,0.0,0.0,0.0,1.0,1.0,,0.0,,False,,,7.0,23,0.14285714285714285,0.14285714285714285,0.14285714285714285,0.14285714285714285,0.14285714285714285,0.14285714285714285,0.14285714285714285,1.068930144367124,1.074208932789611,1.0719290343572334,1.0821114369501466,1.0269074824917066,1.0224561403508772,1.0819614711033276
equal_weight,3,22,109599.95615397925,0.015672668215502172,0.015672668215502172,0.010172618220371254,0.08759087586214054,0.0825453451807676,0.0,0.0,0.0,0.0,1.0,1.0,,0.0,,False,,,7.0,24,0.14285714285714285,0.14285714285714285,0.14285714285714285,0.14285714285714285,0.14285714285714285,0.14285714285714285,0.14285714285714285,1.0131281613727836,1.0211309798074761,1.0099364281396368,1.0027100271002711,1.007896625987078,1.037748798901853,1.0171576561994171
equal_weight,3,23,110095.93369386025,0.004525344327548808,0.004525344327548808,0.001004843878469299,0.09170124050115835,0.062110415210970334,0.0,0.0,0.0,0.0,1.0,1.0,,0.0,,False,,,7.0,25,0.14285714285714285,0.14285714285714285,0.14285714285714285,0.14285714285714285,0.14285714285714285,0.14285714285714285,0.14285714285714285,0.9819083802034764,0.9740025585719445,0.9828400247399243,0.9851351351351353,0.9754273504273504,1.0244708994708993,1.1078930617441118
equal_weight,3,24,110740.98287690697,0.005858973727770778,0.005858973727770778,0.0021525661157248007,0.09699194099483477,0.06276268755903228,0.0,0.0,0.0,0.0,1.0,1.0,,0.0,,False,,,7.0,26,0.14285714285714285,0.14285714285714285,0.14285714285714285,0.14285714285714285,0.14285714285714285,0.14285714285714285,0.14285714285714285,1.0171811676906573,1.0045787328777878,1.0194502657857352,1.0099451303155005,1.0087623220153341,1.013557133634603,0.9675380637747775
equal_weight,4,1,100380.59240005248,0.0038059240005248185,0.0038059240005248185,0.0002972748055689984,0.003791493863033679,0.06988438114929361,0.0,0.0,0.0,0.0,1.0,1.0,,0.0,,False,,,7.0,4,0.14285714285714285,0.14285714285714285,0.14285714285714285,0.14285714285714285,0.14285714285714285,0.14285714285714285,0.14285714285714285,1.0280826401994365,1.021746058022258,1.0382897806730846,1.0024552788495267,0.9977419354838709,0.9379582628313593,1.000367511944138
equal_weight,4,2,100677.43923130704,0.00295721338315591,0.00295721338315591,-0.0003443242919472082,0.0067288087229812055,0.06563278303789469,0.0,0.0,0.0,0.0,1.0,1.0,,0.0,,False,,,7.0,5,0.14285714285714285,0.14285714285714285,0.14285714285714285,0.14285714285714285,0.14285714285714285,0.14285714285714285,0.14285714285714285,1.0098316194475092,1.0042798992640376,1.018410706312502,1.0,1.002909796314258,0.988574864702345,0.9966936076414401
equal_weight,4,3,105178.8268098741,0.04471098602562873,0.04471098602562873,0.038783528121468035,0.04923830172811838,0.07451929767338292,0.0,0.0,0.0,0.0,1.0,1.0,,0.0,,False,,,7.0,6,0.14285714285714285,0.14285714285714285,0.14285714285714285,0.14285714285714285,0.14285714285714285,0.14285714285714285,0.14285714285714285,1.0561787225444728,1.07454593939288,1.0578565933512618,1.0892232330300908,1.0396518375241781,0.9933090024330901,1.002211573903428
equal_weight,4,4,101634.3249867184,-0.03369976572911282,-0.03369976572911282,-0.037462720768928245,0.016080443166538227,0.08609724414696182,0.0,0.0,0.0,0.0,1.0,1.0,,0.0,,False,,,7.0,7,0.14285714285714285,0.14285714285714285,0.14285714285714285,0.14285714285714285,0.14285714285714285,0.14285714285714285,0.14285714285714285,0.9610526217750979,0.9804529781020231,0.9571618544716682,0.9222614840989399,0.947596899224806,1.011022657685242,0.9845531445384331
equal_weight,4,5,99745.04973369674,-0.01858894869689509,-0.01858894869689509,-0.02215876065280621,-0.002556019240893992,0.07044596490747984,0.0,0.0,0.0,0.0,1.0,1.0,,0.0,,False,,,7.0,8,0.14285714285714285,0.14285714285714285,0.14285714285714285,0.14285714285714285,0.14285714285714285,0.14285714285714285,0.14285714285714285,0.9731154872222838,0.9711852581306858,0.9629996232560255,0.9522814350400557,0.9581151832460733,1.0533010296789824,0.9988793425476279
equal_weight,4,6,98819.0146256743,-0.009284020715762842,-0.009284020715762842,-0.012438194671200428,-0.011950993225334772,0.06086441373519295,0.0,0.0,0.0,0.0,1.0,1.0,,0.0,,False,,,7.0,9,0.14285714285714285,0.14285714285714285,0.14285714285714285,0.14285714285714285,0.14285714285714285,0.14285714285714285,0.14285714285714285,1.0109963000452014,1.0079791009476824,1.0086329152204732,0.9663496708119972,0.9583333333333334,0.9815986198964922,1.0011219147344803
equal_weight,4,7,99589.76260925122,0.007799591875070844,0.007799591875070844,0.004746843807073164,-0.004119272704347976,0.06169753427827264,0.0,0.0,0.0,0.0,1.0,1.0,,0.0,,False,,,7.0,10,0.14285714285714285,0.14285714285714285,0.14285714285714285,0.14285714285714285,0.14285714285714285,0.14285714285714285,0.14285714285714285,1.0132439300667035,1.0452709779845217,1.0043046145479644,1.0034065102195306,1.0245901639344261,0.9660222612770942,0.9977586850952559
equal_weight,4,8,96740.52093612285,-0.02860978476580589,-0.02860978476580589,-0.03310672181732738,-0.033693007152911125,0.07065974737528463,0.0,0.0,0.0,0.0,1.0,1.0,,0.0,,False,,,7.0,11,0.14285714285714285,0.14285714285714285,0.14285714285714285,0.14285714285714285,0.14285714285714285,0.14285714285714285,0.14285714285714285,1.004842437168933,1.0091613275630966,0.9940845942149397,0.9411542814032442,0.9356521739130435,0.9241964827167981,0.9906402096593037
equal_weight,4,9,98979.09072020512,0.0231399393182965,0.0231399393182965,0.019787644286178435,-0.01031439339729645,0.07181938938872476,0.0,0.0,0.0,0.0,1.0,1.0,,0.0,,False,,,7.0,12,0.14285714285714285,0.14285714285714285,0.14285714285714285,0.14285714285714285,0.14285714285714285,0.14285714285714285,0.14285714285714285,1.0360215483535529,1.021502497143988,1.0471245506781481,1.0400801603206413,1.0360594795539033,0.9770341207349081,1.0041572184429328
equal_weight,4,10,98248.33613506304,-0.00738291875410102,-0.00738291875410102,-0.011410935093066617,-0.017828941780031027,0.07792773420664081,0.0,0.0,0.0,0.0,1.0,1.0,,0.0,,False,,,7.0,13,0.14285714285714285,0.14285714285714285,0.14285714285714285,0.14285714285714285,0.14285714285714285,0.14285714285714285,0.14285714285714285,1.030263218631604,1.0570596953253422,1.0216260752256048,0.9703275529865124,0.9601722282023681,0.9194089993284082,0.9894617990214528
equal_weight,4,11,99554.30792849473,0.013292558885031447,0.013292558885031447,0.009378801841809174,-0.004476873786570801,0.07946532303302102,0.0,0.0,0.0,0.0,1.0,1.0,,0.0,,False,,,7.0,14,0.14285714285714285,0.14285714285714285,0.14285714285714285,0.14285714285714285,0.14285714285714285,0.14285714285714285,0.14285714285714285,1.0042943009181393,0.992207955075134,1.0190061088156275,1.0559968228752978,1.046711509715994,0.9831994156318481,0.99163179916318
equal_weight,4,12,93903.06084524289,-0.05676547003180288,-0.05676547003180288,-0.06383996008910005,-0.0649280129942218,0.06777641762898101,0.0,0.0,0.0,0.0,1.0,1.0,,0.0,,False,,,7.0,15,0.14285714285714285,0.14285714285714285,0.14285714285714285,0.14285714285714285,0.14285714285714285,0.14285714285714285,0.14285714285714285,0.9305966410201849,0.9079768850724007,0.9492578825091647,0.9386987589319293,0.9339521599428774,0.9034175334323922,1.038741848868431
equal_weight,4,13,94705.95483834228,0.008550243047163342,0.008550243047163342,0.004997027143475862,-0.055899812959959716,0.08062345781572436,0.0,0.0,0.0,0.0,1.0,1.0,,0.0,,False,,,7.0,16,0.14285714285714285,0.14285714285714285,0.14285714285714285,0.14285714285714285,0.14285714285714285,0.14285714285714285,0.14285714285714285,1.0178593449224487,1.0033726303860246,1.0168301139748919,0.9911858974358975,0.9889143730886851,1.0394736842105263,1.002215657311669
equal_weight,4,14,89405.47863593807,-0.055967718307173286,-0.055967718307173286,-0.06581319570742084,-0.11849968844977798,0.06426640435205147,0.0,0.0,0.0,0.0,1.0,1.0,,0.0,,False,,,7.0,17,0.14285714285714285,0.14285714285714285,0.14285714285714285,0.14285714285714285,0.14285714285714285,0.14285714285714285,0.14285714285714285,0.9005749972130336,0.8982312353523753,0.906226913619528,0.9240097008892482,0.9984538074990336,0.9446202531645569,1.0361090641120116
equal_weight,4,15,93838.69828822176,0.04958554799908743,0.04958554799908743,0.04902951514083283,-0.06565843116082082,0.07623484296248674,0.0,0.0,0.0,0.0,1.0,1.0,,0.0,,False,,,7.0,18,0.14285714285714285,0.14285714285714285,0.14285714285714285,0.14285714285714285,0.14285714285714285,0.14285714285714285,0.14285714285714285,1.0878451084988776,1.105887779215494,1.080196082028685,1.0822397200349958,1.0007742934572201,0.9865996649916248,1.0035561877667143
equal_weight,4,16,101041.40086944347,0.0767562073282273,0.0767562073282273,0.07149396073197757,0.010306674892493484,0.08942290642673455,0.0,0.0,0.0,0.0,1.0,1.0,,0.0,,False,,,7.0,19,0.14285714285714285,0.14285714285714285,0.14285714285714285,0.14285714285714285,0.14285714285714285,0.14285714285714285,0.14285714285714285,1.0297288920628345,1.0344408881821956,1.0366536879752946,1.1059013742926436,1.085880077369439,1.2478777589134125,0.9968107725017719
equal_weight,4,17,103994.79192163308,0.029229514107842913,0.029229514107842913,0.023659256664962866,0.038413384437976594,0.08894905761040489,0.0,0.0,0.0,0.0,1.0,1.0,,0.0,,False,,,7.0,20,0.14285714285714285,0.14285714285714285,0.14285714285714285,0.14285714285714285,0.14285714285714285,0.14285714285714285,0.14285714285714285,1.0179242518378595,1.0261253529989354,1.0004892614601024,1.0303362573099413,1.0399002493765588,1.1047619047619048,0.9850693210095981
equal_weight,4,18,105302.32702083091,0.012573082507661981,0.012573082507661981,0.008172702090829792,0.05035336987170291,0.07534566685793055,0.0,0.0,0.0,0.0,1.0,1.0,,0.0,,False,,,7.0,21,0.14285714285714285,0.14285714285714285,0.14285714285714285,0.14285714285714285,0.14285714285714285,0.14285714285714285,0.14285714285714285,1.0393135068908235,1.0489629372043836,1.0256175982612805,1.038666193685704,0.984583761562179,0.9562807881773397,0.9945867917719236
equal_weight,4,19,99522.76909618726,-0.054885377067691365,-0.054885377067691365,-0.058714137015440676,-0.004795193181888813,0.07131147923697902,0.0,0.0,0.0,0.0,1.0,1.0,,0.0,,False,,,7.0,22,0.14285714285714285,0.14285714285714285,0.14285714285714285,0.14285714285714285,0.14285714285714285,0.14285714285714285,0.14285714285714285,0.9342222757517478,0.9192601541484278,0.933144921461059,0.9316939890710383,0.9439805149617257,0.9175788795878945,1.0359216255442671
equal_weight,4,20,105615.05032236117,0.061214948915718104,0.061214948915718104,0.05431708695148024,0.05316524780533427,0.07286708071485681,0.0,0.0,0.0,0.0,1.0,1.0,,0.0,,False,,,7.0,23,0.14285714285714285,0.14285714285714285,0.14285714285714285,0.14285714285714285,0.14285714285714285,0.14285714285714285,0.14285714285714285,1.068930144367124,1.074208932789611,1.0719290343572334,1.0821114369501466,1.0269074824917066,1.0224561403508772,1.0819614711033276
equal_weight,4,21,107270.31996462711,0.015672668215502172,0.015672668215502172,0.010952776390725257,0.06777569011656281,0.07315331841006575,0.0,0.0,0.0,0.0,1.0,1.0,,0.0,,False,,,7.0,24,0.14285714285714285,0.14285714285714285,0.14285714285714285,0.14285714285714285,0.14285714285714285,0.14285714285714285,0.14285714285714285,1.0131281613727836,1.0211309798074761,1.0099364281396368,1.0027100271002711,1.007896625987078,1.037748798901853,1.0171576561994171
equal_weight,4,22,107755.75509859338,0.004525344327548808,0.004525344327548808,0.0015713223478056142,0.07197532133199847,0.05256617735260073,0.0,0.0,0.0,0.0,1.0,1.0,,0.0,,False,,,7.0,25,0.14285714285714285,0.14285714285714285,0.14285714285714285,0.14285714285714285,0.14285714285714285,0.14285714285714285,0.14285714285714285,0.9819083802034764,0.9740025585719445,0.9828400247399243,0.9851351351351353,0.9754273504273504,1.0244708994708993,1.1078930617441118
equal_weight,4,23,108387.09323673214,0.005858973727770778,0.005858973727770778,0.0025870801256876407,0.07738092226916349,0.05637041622954764,0.0,0.0,0.0,0.0,1.0,1.0,,0.0,,False,,,7.0,26,0.14285714285714285,0.14285714285714285,0.14285714285714285,0.14285714285714285,0.14285714285714285,0.14285714285714285,0.14285714285714285,1.0171811676906573,1.0045787328777878,1.0194502657857352,1.0099451303155005,1.0087623220153341,1.013557133634603,0.9675380637747775
equal_weight,4,24,109884.28696992679,0.01381339501304435,0.01381339501304435,0.00953717962821699,0.08995177784274033,0.06067351890719707,0.0,0.0,0.0,0.0,1.0,1.0,,0.0,,False,,,7.0,27,0.14285714285714285,0.14285714285714285,0.14285714285714285,0.14285714285714285,0.14285714285714285,0.14285714285714285,0.14285714285714285,1.0204317810759416,1.036630597940096,1.0048074160114426,1.0196943972835313,1.0007238508867176,1.024203821656051,0.9902019002375297
equal_weight,5,1,100295.72133831559,0.00295721338315591,0.00295721338315591,-0.0008334219896430706,0.0029484940570702056,0.07563832093426552,0.0,0.0,0.0,0.0,1.0,1.0,,0.0,,False,,,7.0,5,0.14285714285714285,0.14285714285714285,0.14285714285714285,0.14285714285714285,0.14285714285714285,0.14285714285714285,0.14285714285714285,1.0098316194475092,1.0042798992640376,1.018410706312502,1.0,1.002909796314258,0.988574864702345,0.9966936076414401
equal_weight,5,2,104780.04193350337,0.04471098602562873,0.04471098602562873,0.0391989523248798,0.04561977496188563,0.06944657159871244,0.0,0.0,0.0,0.0,1.0,1.0,,0.0,,False,,,7.0,6,0.14285714285714285,0.14285714285714285,0.14285714285714285,0.14285714285714285,0.14285714285714285,0.14285714285714285,0.14285714285714285,1.0561787225444728,1.07454593939288,1.0578565933512618,1.0892232330300908,1.0396518375241781,0.9933090024330901,1.002211573903428
equal_weight,5,3,101248.97906725768,-0.03369976572911282,-0.03369976572911282,-0.037509040713481025,0.012335720110599802,0.08449971724390401,0.0,0.0,0.0,0.0,1.0,1.0,,0.0,,False,,,7.0,7,0.14285714285714285,0.14285714285714285,0.14285714285714285,0.14285714285714285,0.14285714285714285,0.14285714285714285,0.14285714285714285,0.9610526217750979,0.9804529781020231,0.9571618544716682,0.9222614840989399,0.947596899224806,1.011022657685242,0.9845531445384331
equal_weight,5,4,99366.86698976342,-0.01858894869689509,-0.01858894869689509,-0.02187480311201283,-0.006371671256393707,0.06334823490038646,0.0,0.0,0.0,0.0,1.0,1.0,,0.0,,False,,,7.0,8,0.14285714285714285,0.14285714285714285,0.14285714285714285,0.14285714285714285,0.14285714285714285,0.14285714285714285,0.14285714285714285,0.9731154872222838,0.9711852581306858,0.9629996232560255,0.9522814350400557,0.9581151832460733,1.0533010296789824,0.9988793425476279
equal_weight,5,5,98444.34293817001,-0.009284020715762842,-0.009284020715762842,-0.013077339116677906,-0.01580240179780623,0.07293217150530763,0.0,0.0,0.0,0.0,1.0,1.0,,0.0,,False,,,7.0,9,0.14285714285714285,0.14285714285714285,0.14285714285714285,0.14285714285714285,0.14285714285714285,0.14285714285714285,0.14285714285714285,1.0109963000452014,1.0079791009476824,1.0086329152204732,0.9663496708119972,0.9583333333333334,0.9815986198964922,1.0011219147344803
equal_weight,5,6,99212.16863549725,0.007799591875070844,0.007799591875070844,0.004937139694469515,-0.007940874343723259,0.058487755192269154,0.0,0.0,0.0,0.0,1.0,1.0,,0.0,,False,,,7.0,10,0.14285714285714285,0.14285714285714285,0.14285714285714285,0.14285714285714285,0.14285714285714285,0.14285714285714285,0.14285714285714285,1.0132439300667035,1.0452709779845217,1.0043046145479644,1.0034065102195306,1.0245901639344261,0.9660222612770942,0.9977586850952559
equal_weight,5,7,96373.72984468684,-0.02860978476580589,-0.02860978476580589,-0.032992098436304025,-0.03762716417800949,0.06611617204035593,0.0,0.0,0.0,0.0,1.0,1.0,,0.0,,False,,,7.0,11,0.14285714285714285,0.14285714285714285,0.14285714285714285,0.14285714285714285,0.14285714285714285,0.14285714285714285,0.14285714285714285,1.004842437168933,1.0091613275630966,0.9940845942149397,0.9411542814032442,0.9356521739130435,0.9241964827167981,0.9906402096593037
equal_weight,5,8,98603.81210517079,0.0231399393182965,0.0231399393182965,0.02002769964693385,-0.014159573195203112,0.06879782671745052,0.0,0.0,0.0,0.0,1.0,1.0,,0.0,,False,,,7.0,12,0.14285714285714285,0.14285714285714285,0.14285714285714285,0.14285714285714285,0.14285714285714285,0.14285714285714285,0.14285714285714285,1.0360215483535529,1.021502497143988,1.0471245506781481,1.0400801603206413,1.0360594795539033,0.9770341207349081,1.0041572184429328
equal_weight,5,9,97875.82817155367,-0.00738291875410102,-0.00738291875410102,-0.011069590824380669,-0.02170272137798057,0.0705288528320642,0.0,0.0,0.0,0.0,1.0,1.0,,0.0,,False,,,7.0,13,0.14285714285714285,0.14285714285714285,0.14285714285714285,0.14285714285714285,0.14285714285714285,0.14285714285714285,0.14285714285714285,1.030263218631604,1.0570596953253422,1.0216260752256048,0.9703275529865124,0.9601722282023681,0.9194089993284082,0.9894617990214528
equal_weight,5,10,99176.84838094527,0.013292558885031447,0.013292558885031447,0.009435383866471244,-0.008299836428487195,0.07935002166044267,0.0,0.0,0.0,0.0,1.0,1.0,,0.0,,False,,,7.0,14,0.14285714285714285,0.14285714285714285,0.14285714285714285,0.14285714285714285,0.14285714285714285,0.14285714285714285,0.14285714285714285,1.0042943009181393,0.992207955075134,1.0190061088156275,1.0559968228752978,1.046711509715994,0.9831994156318481,0.99163179916318
equal_weight,5,11,93547.02796632807,-0.05676547003180288,-0.05676547003180288,-0.06409103975679814,-0.06898104807770755,0.06819656215155562,0.0,0.0,0.0,0.0,1.0,1.0,,0.0,,False,,,7.0,15,0.14285714285714285,0.14285714285714285,0.14285714285714285,0.14285714285714285,0.14285714285714285,0.14285714285714285,0.14285714285714285,0.9305966410201849,0.9079768850724007,0.9492578825091647,0.9386987589319293,0.9339521599428774,0.9034175334323922,1.038741848868431
equal_weight,5,12,94346.87779177996,0.008550243047163342,0.008550243047163342,0.0057228376339270364,-0.05991848740025363,0.06679446087053774,0.0,0.0,0.0,0.0,1.0,1.0,,0.0,,False,,,7.0,16,0.14285714285714285,0.14285714285714285,0.14285714285714285,0.14285714285714285,0.14285714285714285,0.14285714285714285,0.14285714285714285,1.0178593449224487,1.0033726303860246,1.0168301139748919,0.9911858974358975,0.9889143730886851,1.0394736842105263,1.002215657311669
equal_weight,5,13,89066.49831236832,-0.055967718307173286,-0.055967718307173286,-0.06566967877807334,-0.12275661325862841,0.05663105839397102,0.0,0.0,0.0,0.0,1.0,1.0,,0.0,,False,,,7.0,17,0.14285714285714285,0.14285714285714285,0.14285714285714285,0.14285714285714285,0.14285714285714285,0.14285714285714285,0.14285714285714285,0.9005749972130336,0.8982312353523753,0.906226913619528,0.9240097008892482,0.9984538074990336,0.9446202531645569,1.0361090641120116
equal_weight,5,14,93482.9094395469,0.04958554799908743,0.04958554799908743,0.049074255067504825,-0.06971424616033728,0.07936224061572611,0.0,0.0,0.0,0.0,1.0,1.0,,0.0,,False,,,7.0,18,0.14285714285714285,0.14285714285714285,0.14285714285714285,0.14285714285714285,0.14285714285714285,0.14285714285714285,0.14285714285714285,1.0878451084988776,1.105887779215494,1.080196082028685,1.0822397200349958,1.0007742934572201,0.9865996649916248,1.0035561877667143
equal_weight,5,15,100658.30301813465,0.0767562073282273,0.0767562073282273,0.072049157675516,0.006539977313307688,0.08410131596257932,0.0,0.0,0.0,0.0,1.0,1.0,,0.0,,False,,,7.0,19,0.14285714285714285,0.14285714285714285,0.14285714285714285,0.14285714285714285,0.14285714285714285,0.14285714285714285,0.14285714285714285,1.0297288920628345,1.0344408881821956,1.0366536879752946,1.1059013742926436,1.085880077369439,1.2478777589134125,0.9968107725017719
equal_weight,5,16,103600.49630627476,0.029229514107842913,0.029229514107842913,0.023653765846216677,0.03475365885922577,0.09119831399402806,0.0,0.0,0.0,0.0,1.0,1.0,,0.0,,False,,,7.0,20,0.14285714285714285,0.14285714285714285,0.14285714285714285,0.14285714285714285,0.14285714285714285,0.14285714285714285,0.14285714285714285,1.0179242518378595,1.0261253529989354,1.0004892614601024,1.0303362573099413,1.0399002493765588,1.1047619047619048,0.9850693210095981
equal_weight,5,17,104903.07389416828,0.012573082507661981,0.012573082507661981,0.008115621527638436,0.046739086970080224,0.07739613166432041,0.0,0.0,0.0,0.0,1.0,1.0,,0.0,,False,,,7.0,21,0.14285714285714285,0.14285714285714285,0.14285714285714285,0.14285714285714285,0.14285714285714285,0.14285714285714285,0.14285714285714285,1.0393135068908235,1.0489629372043836,1.0256175982612805,1.038666193685704,0.984583761562179,0.9562807881773397,0.9945867917719236
equal_weight,5,18,99145.42912792697,-0.054885377067691365,-0.054885377067691365,-0.05894875611091793,-0.008619367323231764,0.07180603635211888,0.0,0.0,0.0,0.0,1.0,1.0,,0.0,,False,,,7.0,22,0.14285714285714285,0.14285714285714285,0.14285714285714285,0.14285714285714285,0.14285714285714285,0.14285714285714285,0.14285714285714285,0.9342222757517478,0.9192601541484278,0.933144921461059,0.9316939890710383,0.9439805149617257,0.9175788795878945,1.0359216255442671
equal_weight,5,19,105214.61150721996,0.061214948915718104,0.061214948915718104,0.05334614201343353,0.049561666697425566,0.09669784014447588,0.0,0.0,0.0,0.0,1.0,1.0,,0.0,,False,,,7.0,23,0.14285714285714285,0.14285714285714285,0.14285714285714285,0.14285714285714285,0.14285714285714285,0.14285714285714285,0.14285714285714285,1.068930144367124,1.074208932789611,1.0719290343572334,1.0821114369501466,1.0269074824917066,1.0224561403508772,1.0819614711033276
equal_weight,5,20,106863.60520479557,0.015672668215502172,0.015672668215502172,0.010954094459378528,0.06422771524170467,0.07423908169801162,0.0,0.0,0.0,0.0,1.0,1.0,,0.0,,False,,,7.0,24,0.14285714285714285,0.14285714285714285,0.14285714285714285,0.14285714285714285,0.14285714285714285,0.14285714285714285,0.14285714285714285,1.0131281613727836,1.0211309798074761,1.0099364281396368,1.0027100271002711,1.007896625987078,1.037748798901853,1.0171576561994171
equal_weight,5,21,107347.19981443051,0.004525344327548808,0.004525344327548808,0.0011059906993132382,0.06844332993437652,0.06219247986717209,0.0,0.0,0.0,0.0,1.0,1.0,,0.0,,False,,,7.0,25,0.14285714285714285,0.14285714285714285,0.14285714285714285,0.14285714285714285,0.14285714285714285,0.14285714285714285,0.14285714285714285,0.9819083802034764,0.9740025585719445,0.9828400247399243,0.9851351351351353,0.9754273504273504,1.0244708994708993,1.1078930617441118
equal_weight,5,22,107976.14423789302,0.005858973727770778,0.005858973727770778,0.002187475378669032,0.07386950417788551,0.06477397729679929,0.0,0.0,0.0,0.0,1.0,1.0,,0.0,,False,,,7.0,26,0.14285714285714285,0.14285714285714285,0.14285714285714285,0.14285714285714285,0.14285714285714285,0.14285714285714285,0.14285714285714285,1.0171811676906573,1.0045787328777878,1.0194502657857352,1.0099451303155005,1.0087623220153341,1.013557133634603,0.9675380637747775
equal_weight,5,23,109467.66137023648,0.01381339501304435,0.01381339501304435,0.009803725726657483,0.08648820347239727,0.05629947135708553,0.0,0.0,0.0,0.0,1.0,1.0,,0.0,,False,,,7.0,27,0.14285714285714285,0.14285714285714285,0.14285714285714285,0.14285714285714285,0.14285714285714285,0.14285714285714285,0.14285714285714285,1.0204317810759416,1.036630597940096,1.0048074160114426,1.0196943972835313,1.0007238508867176,1.024203821656051,0.9902019002375297
equal_weight,5,24,110290.32998551168,0.007515174846869144,0.007515174846869144,0.0034574553533391044,0.09330219600270906,0.06713074353945361,0.0,0.0,0.0,0.0,1.0,1.0,,0.0,,False,,,7.0,28,0.14285714285714285,0.14285714285714285,0.14285714285714285,0.14285714285714285,0.14285714285714285,0.14285714285714285,0.14285714285714285,1.034047030048888,1.0449943420211207,1.037165241936394,0.9783549783549785,0.9924050632911392,0.9950248756218906,0.9706146926536732
equal_weight,6,1,104471.09860256287,0.04471098602562873,0.04471098602562873,0.04023318005664679,0.04279746898778369,0.051285778622738094,0.0,0.0,0.0,0.0,1.0,1.0,,0.0,,False,,,7.0,6,0.14285714285714285,0.14285714285714285,0.14285714285714285,0.14285714285714285,0.14285714285714285,0.14285714285714285,0.14285714285714285,1.0561787225444728,1.07454593939288,1.0578565933512618,1.0892232330300908,1.0396518375241781,0.9933090024330901,1.002211573903428
equal_weight,6,2,100950.44705419346,-0.03369976572911282,-0.03369976572911282,-0.03714372800531927,0.009414986084045895,0.07522490203162943,0.0,0.0,0.0,0.0,1.0,1.0,,0.0,,False,,,7.0,7,0.14285714285714285,0.14285714285714285,0.14285714285714285,0.14285714285714285,0.14285714285714285,0.14285714285714285,0.14285714285714285,0.9610526217750979,0.9804529781020231,0.9571618544716682,0.9222614840989399,0.947596899224806,1.011022657685242,0.9845531445384331
equal_weight,6,3,99073.88437297443,-0.01858894869689509,-0.01858894869689509,-0.02221456412870634,-0.009347727031062014,0.06903702027196858,0.0,0.0,0.0,0.0,1.0,1.0,,0.0,,False,,,7.0,8,0.14285714285714285,0.14285714285714285,0.14285714285714285,0.14285714285714285,0.14285714285714285,0.14285714285714285,0.14285714285714285,0.9731154872222838,0.9711852581306858,0.9629996232560255,0.9522814350400557,0.9581151832460733,1.0533010296789824,0.9988793425476279
equal_weight,6,4,98154.08037806464,-0.009284020715762842,-0.009284020715762842,-0.01268267534338082,-0.018806346255044737,0.06448112238796193,0.0,0.0,0.0,0.0,1.0,1.0,,0.0,,False,,,7.0,9,0.14285714285714285,0.14285714285714285,0.14285714285714285,0.14285714285714285,0.14285714285714285,0.14285714285714285,0.14285714285714285,1.0109963000452014,1.0079791009476824,1.0086329152204732,0.9663496708119972,0.9583333333333334,0.9815986198964922,1.0011219147344803
equal_weight,6,5,98919.64214588644,0.007799591875070844,0.007799591875070844,0.004246555512040546,-0.010921570586762241,0.07276440312483899,0.0,0.0,0.0,0.0,1.0,1.0,,0.0,,False,,,7.0,10,0.14285714285714285,0.14285714285714285,0.14285714285714285,0.14285714285714285,0.14285714285714285,0.14285714285714285,0.14285714285714285,1.0132439300667035,1.0452709779845217,1.0043046145479644,1.0034065102195306,1.0245901639344261,0.9660222612770942,0.9977586850952559
equal_weight,6,6,96089.57247498208,-0.02860978476580589,-0.02860978476580589,-0.033113420376094244,-0.04069564911464285,0.06678683696427262,0.0,0.0,0.0,0.0,1.0,1.0,,0.0,,False,,,7.0,11,0.14285714285714285,0.14285714285714285,0.14285714285714285,0.14285714285714285,0.14285714285714285,0.14285714285714285,0.14285714285714285,1.004842437168933,1.0091613275630966,0.9940845942149397,0.9411542814032442,0.9356521739130435,0.9241964827167981,0.9906402096593037
equal_weight,6,7,98313.07935117422,0.0231399393182965,0.0231399393182965,0.019981900694633632,-0.017158659457711556,0.07110177924595329,0.0,0.0,0.0,0.0,1.0,1.0,,0.0,,False,,,7.0,12,0.14285714285714285,0.14285714285714285,0.14285714285714285,0.14285714285714285,0.14285714285714285,0.14285714285714285,0.14285714285714285,1.0360215483535529,1.021502497143988,1.0471245506781481,1.0400801603206413,1.0360594795539033,0.9770341207349081,1.0041572184429328
equal_weight,6,8,97587.24187385902,-0.00738291875410102,-0.00738291875410102,-0.011035966101475512,-0.02472411433924626,0.06941022439881613,0.0,0.0,0.0,0.0,1.0,1.0,,0.0,,False,,,7.0,13,0.14285714285714285,0.14285714285714285,0.14285714285714285,0.14285714285714285,0.14285714285714285,0.14285714285714285,0.14285714285714285,1.030263218631604,1.0570596953253422,1.0216260752256048,0.9703275529865124,0.9601722282023681,0.9194089993284082,0.9894617990214528
equal_weight,6,9,98884.42603289509,0.013292558885031447,0.013292558885031447,0.009653420682028187,-0.01128159419900765,0.0757819891642085,0.0,0.0,0.0,0.0,1.0,1.0,,0.0,,False,,,7.0,14,0.14285714285714285,0.14285714285714285,0.14285714285714285,0.14285714285714285,0.14285714285714285,0.14285714285714285,0.14285714285714285,1.0042943009181393,0.992207955075134,1.0190061088156275,1.0559968228752978,1.046711509715994,0.9831994156318481,0.99163179916318
equal_weight,6,10,93271.20511031276,-0.05676547003180288,-0.05676547003180288,-0.06405247073037786,-0.07214225313942313,0.06383623579924749,0.0,0.0,0.0,0.0,1.0,1.0,,0.0,,False,,,7.0,15,0.14285714285714285,0.14285714285714285,0.14285714285714285,0.14285714285714285,0.14285714285714285,0.14285714285714285,0.14285714285714285,0.9305966410201849,0.9079768850724007,0.9492578825091647,0.9386987589319293,0.9339521599428774,0.9034175334323922,1.038741848868431
equal_weight,6,11,94068.69658330776,0.008550243047163342,0.008550243047163342,0.0053101436273837056,-0.06305289253624835,0.07558433951582146,0.0,0.0,0.0,0.0,1.0,1.0,,0.0,,False,,,7.0,16,0.14285714285714285,0.14285714285714285,0.14285714285714285,0.14285714285714285,0.14285714285714285,0.14285714285714285,0.14285714285714285,1.0178593449224487,1.0033726303860246,1.0168301139748919,0.9911858974358975,0.9889143730886851,1.0394736842105263,1.002215657311669
equal_weight,6,12,88803.88627141023,-0.055967718307173286,-0.055967718307173286,-0.06625576199145015,-0.12607684414138398,0.0646362077262904,0.0,0.0,0.0,0.0,1.0,1.0,,0.0,,False,,,7.0,17,0.14285714285714285,0.14285714285714285,0.14285714285714285,0.14285714285714285,0.14285714285714285,0.14285714285714285,0.14285714285714285,0.9005749972130336,0.8982312353523753,0.906226913619528,0.9240097008892482,0.9984538074990336,0.9446202531645569,1.0361090641120116
equal_weight,6,13,93207.27563662674,0.04958554799908743,0.04958554799908743,0.04890830268442937,-0.07287761944523563,0.08581844023437965,0.0,0.0,0.0,0.0,1.0,1.0,,0.0,,False,,,7.0,18,0.14285714285714285,0.14285714285714285,0.14285714285714285,0.14285714285714285,0.14285714285714285,0.14285714285714285,0.14285714285714285,1.0878451084988776,1.105887779215494,1.080196082028685,1.0822397200349958,1.0007742934572201,0.9865996649916248,1.0035561877667143
equal_weight,6,14,100361.5126098909,0.0767562073282273,0.0767562073282273,0.0719596278795261,0.003602104038588183,0.09040191208595434,0.0,0.0,0.0,0.0,1.0,1.0,,0.0,,False,,,7.0,19,0.14285714285714285,0.14285714285714285,0.14285714285714285,0.14285714285714285,0.14285714285714285,0.14285714285714285,0.14285714285714285,1.0297288920628345,1.0344408881821956,1.0366536879752946,1.1059013742926436,1.085880077369439,1.2478777589134125,0.9968107725017719
equal_weight,6,15,103295.03085860616,0.029229514107842913,0.029229514107842913,0.023890363595305074,0.03189921946116181,0.08813503654537104,0.0,0.0,0.0,0.0,1.0,1.0,,0.0,,False,,,7.0,20,0.14285714285714285,0.14285714285714285,0.14285714285714285,0.14285714285714285,0.14285714285714285,0.14285714285714285,0.14285714285714285,1.0179242518378595,1.0261253529989354,1.0004892614601024,1.0303362573099413,1.0399002493765588,1.1047619047619048,0.9850693210095981
equal_weight,6,16,104593.76780422291,0.012573082507661981,0.012573082507661981,0.008723975401078563,0.0439200910404286,0.06593792356376454,0.0,0.0,0.0,0.0,1.0,1.0,,0.0,,False,,,7.0,21,0.14285714285714285,0.14285714285714285,0.14285714285714285,0.14285714285714285,0.14285714285714285,0.14285714285714285,0.14285714285714285,1.0393135068908235,1.0489629372043836,1.0256175982612805,1.038666193685704,0.984583761562179,0.9562807881773397,0.9945867917719236
equal_weight,6,17,98853.09941935758,-0.054885377067691365,-0.054885377067691365,-0.05898423177737709,-0.011602070014790522,0.06924141444315944,0.0,0.0,0.0,0.0,1.0,1.0,,0.0,,False,,,7.0,22,0.14285714285714285,0.14285714285714285,0.14285714285714285,0.14285714285714285,0.14285714285714285,0.14285714285714285,0.14285714285714285,0.9342222757517478,0.9192601541484278,0.933144921461059,0.9316939890710383,0.9439805149617257,0.9175788795878945,1.0359216255442671
equal_weight,6,18,104904.38685047395,0.061214948915718104,0.061214948915718104,0.05460341917504067,0.04675101773831858,0.07499337156136866,0.0,0.0,0.0,0.0,1.0,1.0,,0.0,,False,,,7.0,23,0.14285714285714285,0.14285714285714285,0.14285714285714285,0.14285714285714285,0.14285714285714285,0.14285714285714285,0.14285714285714285,1.068930144367124,1.074208932789611,1.0719290343572334,1.0821114369501466,1.0269074824917066,1.0224561403508772,1.0819614711033276
equal_weight,6,19,106548.51849993212,0.015672668215502172,0.015672668215502172,0.010621372298621189,0.061460436917631034,0.08176093761382532,0.0,0.0,0.0,0.0,1.0,1.0,,0.0,,False,,,7.0,24,0.14285714285714285,0.14285714285714285,0.14285714285714285,0.14285714285714285,0.14285714285714285,0.14285714285714285,0.14285714285714285,1.0131281613727836,1.0211309798074761,1.0099364281396368,1.0027100271002711,1.007896625987078,1.037748798901853,1.0171576561994171
equal_weight,6,20,107030.68723373451,0.004525344327548808,0.004525344327548808,0.001026345478120781,0.06568851808249021,0.0640347137347679,0.0,0.0,0.0,0.0,1.0,1.0,,0.0,,False,,,7.0,25,0.14285714285714285,0.14285714285714285,0.14285714285714285,0.14285714285714285,0.14285714285714285,0.14285714285714285,0.14285714285714285,0.9819083802034764,0.9740025585719445,0.9828400247399243,0.9851351351351353,0.9754273504273504,1.0244708994708993,1.1078930617441118
equal_weight,6,21,107657.77721830222,0.005858973727770778,0.005858973727770778,0.0026156896952643075,0.07113073868109143,0.05653061806673828,0.0,0.0,0.0,0.0,1.0,1.0,,0.0,,False,,,7.0,26,0.14285714285714285,0.14285714285714285,0.14285714285714285,0.14285714285714285,0.14285714285714285,0.14285714285714285,0.14285714285714285,1.0171811676906573,1.0045787328777878,1.0194502657857352,1.0099451303155005,1.0087623220153341,1.013557133634603,0.9675380637747775
equal_weight,6,22,109144.89662124496,0.01381339501304435,0.01381339501304435,0.009404829530690688,0.08378675416203485,0.06502371900505458,0.0,0.0,0.0,0.0,1.0,1.0,,0.0,,False,,,7.0,27,0.14285714285714285,0.14285714285714285,0.14285714285714285,0.14285714285714285,0.14285714285714285,0.14285714285714285,0.14285714285714285,1.0204317810759416,1.036630597940096,1.0048074160114426,1.0196943972835313,1.0007238508867176,1.024203821656051,0.9902019002375297
equal_weight,6,23,109965.13960299708,0.007515174846869144,0.007515174846869144,0.002791044230725491,0.09062089712225019,0.08086197458979695,0.0,0.0,0.0,0.0,1.0,1.0,,0.0,,False,,,7.0,28,0.14285714285714285,0.14285714285714285,0.14285714285714285,0.14285714285714285,0.14285714285714285,0.14285714285714285,0.14285714285714285,1.034047030048888,1.0449943420211207,1.037165241936394,0.9783549783549785,0.9924050632911392,0.9950248756218906,0.9706146926536732
equal_weight,6,24,114615.24100148516,0.04228705038047664,0.04228705038047664,0.03332520093429871,0.12751568529438229,0.07139174475666776,0.0,0.0,0.0,0.0,1.0,1.0,,0.0,,False,,,7.0,29,0.14285714285714285,0.14285714285714285,0.14285714285714285,0.14285714285714285,0.14285714285714285,0.14285714285714285,0.14285714285714285,1.028589803182445,1.0354429604664128,1.0173620255284004,1.0408441116405716,1.0557580174927113,1.08125,1.0367624343527957
equal_weight,7,1,96630.02342708872,-0.03369976572911282,-0.03369976572911282,-0.039000728469982746,-0.03487504663034735,0.0825136367927079,0.0,0.0,0.0,0.0,1.0,1.0,,0.0,,False,,,7.0,7,0.14285714285714285,0.14285714285714285,0.14285714285714285,0.14285714285714285,0.14285714285714285,0.14285714285714285,0.14285714285714285,0.9610526217750979,0.9804529781020231,0.9571618544716682,0.9222614840989399,0.947596899224806,1.011022657685242,0.9845531445384331
equal_weight,7,2,94833.7728790228,-0.01858894869689509,-0.01858894869689509,-0.023242877373927558,-0.05447665914934796,0.07282529709853894,0.0,0.0,0.0,0.0,1.0,1.0,,0.0,,False,,,7.0,8,0.14285714285714285,0.14285714285714285,0.14285714285714285,0.14285714285714285,0.14285714285714285,0.14285714285714285,0.14285714285714285,0.9731154872222838,0.9711852581306858,0.9629996232560255,0.9522814350400557,0.9581151832460733,1.0533010296789824,0.9988793425476279
equal_weight,7,3,93953.33416706,-0.009284020715762842,-0.009284020715762842,-0.013256640195581045,-0.06435818256527548,0.06750233559307052,0.0,0.0,0.0,0.0,1.0,1.0,,0.0,,False,,,7.0,9,0.14285714285714285,0.14285714285714285,0.14285714285714285,0.14285714285714285,0.14285714285714285,0.14285714285714285,0.14285714285714285,1.0109963000452014,1.0079791009476824,1.0086329152204732,0.9663496708119972,0.9583333333333334,0.9815986198964922,1.0011219147344803
equal_weight,7,4,94686.13182886523,0.007799591875070844,0.007799591875070844,0.005160990798308984,-0.05612087080227335,0.061526419293862926,0.0,0.0,0.0,0.0,1.0,1.0,,0.0,,False,,,7.0,10,0.14285714285714285,0.14285714285714285,0.14285714285714285,0.14285714285714285,0.14285714285714285,0.14285714285714285,0.14285714285714285,1.0132439300667035,1.0452709779845217,1.0043046145479644,1.0034065102195306,1.0245901639344261,0.9660222612770942,0.9977586850952559
equal_weight,7,5,91977.18197693466,-0.02860978476580589,-0.02860978476580589,-0.034114108910766196,-0.0872261777391401,0.06017603947798889,0.0,0.0,0.0,0.0,1.0,1.0,,0.0,,False,,,7.0,11,0.14285714285714285,0.14285714285714285,0.14285714285714285,0.14285714285714285,0.14285714285714285,0.14285714285714285,0.14285714285714285,1.004842437168933,1.0091613275630966,0.9940845942149397,0.9411542814032442,0.9356521739130435,0.9241964827167981,0.9906402096593037
equal_weight,7,6,94105.52838654885,0.0231399393182965,0.0231399393182965,0.02046919126393832,-0.06263682606657239,0.0824032081725877,0.0,0.0,0.0,0.0,1.0,1.0,,0.0,,False,,,7.0,12,0.14285714285714285,0.14285714285714285,0.14285714285714285,0.14285714285714285,0.14285714285714285,0.14285714285714285,0.14285714285714285,1.0360215483535529,1.021502497143988,1.0471245506781481,1.0400801603206413,1.0360594795539033,0.9770341207349081,1.0041572184429328
equal_weight,7,7,93410.7549161592,-0.00738291875410102,-0.00738291875410102,-0.011558387461322817,-0.07054053989559317,0.07309347264604084,0.0,0.0,0.0,0.0,1.0,1.0,,0.0,,False,,,7.0,13,0.14285714285714285,0.14285714285714285,0.14285714285714285,0.14285714285714285,0.14285714285714285,0.14285714285714285,0.14285714285714285,1.030263218631604,1.0570596953253422,1.0216260752256048,0.9703275529865124,0.9601722282023681,0.9194089993284082,0.9894617990214528
equal_weight,7,8,94652.42287637749,0.013292558885031447,0.013292558885031447,0.00992818878059059,-0.056496991425214915,0.08230719379575326,0.0,0.0,0.0,0.0,1.0,1.0,,0.0,,False,,,7.0,14,0.14285714285714285,0.14285714285714285,0.14285714285714285,0.14285714285714285,0.14285714285714285,0.14285714285714285,0.14285714285714285,1.0042943009181393,0.992207955075134,1.0190061088156275,1.0559968228752978,1.046711509715994,0.9831994156318481,0.99163179916318
equal_weight,7,9,89279.43360215095,-0.05676547003180288,-0.05676547003180288,-0.06707890813786739,-0.12007879043702596,0.06994218252112684,0.0,0.0,0.0,0.0,1.0,1.0,,0.0,,False,,,7.0,15,0.14285714285714285,0.14285714285714285,0.14285714285714285,0.14285714285714285,0.14285714285714285,0.14285714285714285,0.14285714285714285,0.9305966410201849,0.9079768850724007,0.9492578825091647,0.9386987589319293,0.9339521599428774,0.9034175334323922,1.038741848868431
equal_weight,7,10,90042.79445856242,0.008550243047163342,0.008550243047163342,0.00529343471447591,-0.11058303555894056,0.08404640327218989,0.0,0.0,0.0,0.0,1.0,1.0,,0.0,,False,,,7.0,16,0.14285714285714285,0.14285714285714285,0.14285714285714285,0.14285714285714285,0.14285714285714285,0.14285714285714285,0.14285714285714285,1.0178593449224487,1.0033726303860246,1.0168301139748919,0.9911858974358975,0.9889143730886851,1.0394736842105263,1.002215657311669
equal_weight,7,11,85003.3047027149,-0.055967718307173286,-0.055967718307173286,-0.06877731697624401,-0.17642485018357323,0.058710047032226584,0.0,0.0,0.0,0.0,1.0,1.0,,0.0,,False,,,7.0,17,0.14285714285714285,0.14285714285714285,0.14285714285714285,0.14285714285714285,0.14285714285714285,0.14285714285714285,0.14285714285714285,0.9005749972130336,0.8982312353523753,0.906226913619528,0.9240097008892482,0.9984538074990336,0.9446202531645569,1.0361090641120116
equal_weight,7,12,89218.24014813242,0.04958554799908743,0.04958554799908743,0.05164026168663793,-0.12084703569546118,0.0787510560294825,0.0,0.0,0.0,0.0,1.0,1.0,,0.0,,False,,,7.0,18,0.14285714285714285,0.14285714285714285,0.14285714285714285,0.14285714285714285,0.14285714285714285,0.14285714285714285,0.14285714285714285,1.0878451084988776,1.105887779215494,1.080196082028685,1.0822397200349958,1.0007742934572201,0.9865996649916248,1.0035561877667143
equal_weight,7,13,96066.29388640204,0.0767562073282273,0.0767562073282273,0.07568778494914201,-0.04094782836370836,0.08422844765221614,0.0,0.0,0.0,0.0,1.0,1.0,,0.0,,False,,,7.0,19,0.14285714285714285,0.14285714285714285,0.14285714285714285,0.14285714285714285,0.14285714285714285,0.14285714285714285,0.14285714285714285,1.0297288920628345,1.0344408881821956,1.0366536879752946,1.1059013742926436,1.085880077369439,1.2478777589134125,0.9968107725017719
equal_weight,7,14,98874.26497884281,0.029229514107842913,0.029229514107842913,0.024614571584029327,-0.011385521008910438,0.09895471541537196,0.0,0.0,0.0,0.0,1.0,1.0,,0.0,,False,,,7.0,20,0.14285714285714285,0.14285714285714285,0.14285714285714285,0.14285714285714285,0.14285714285714285,0.14285714285714285,0.14285714285714285,1.0179242518378595,1.0261253529989354,1.0004892614601024,1.0303362573099413,1.0399002493765588,1.1047619047619048,0.9850693210095981
equal_weight,7,15,100117.41927030623,0.012573082507661981,0.012573082507661981,0.009371314104672849,0.0011728155915525784,0.06374044991580335,0.0,0.0,0.0,0.0,1.0,1.0,,0.0,,False,,,7.0,21,0.14285714285714285,0.14285714285714285,0.14285714285714285,0.14285714285714285,0.14285714285714285,0.14285714285714285,0.14285714285714285,1.0393135068908235,1.0489629372043836,1.0256175982612805,1.038666193685704,0.984583761562179,0.9562807881773397,0.9945867917719236
equal_weight,7,16,94622.43696261132,-0.054885377067691365,-0.054885377067691365,-0.06157780248492499,-0.05683179603071875,0.07146381725307323,0.0,0.0,0.0,0.0,1.0,1.0,,0.0,,False,,,7.0,22,0.14285714285714285,0.14285714285714285,0.14285714285714285,0.14285714285714285,0.14285714285714285,0.14285714285714285,0.14285714285714285,0.9342222757517478,0.9192601541484278,0.933144921461059,0.9316939890710383,0.9439805149617257,0.9175788795878945,1.0359216255442671
equal_weight,7,17,100414.74460755833,0.061214948915718104,0.061214948915718104,0.05760429345577257,0.0041303158134717854,0.06715636776835933,0.0,0.0,0.0,0.0,1.0,1.0,,0.0,,False,,,7.0,23,0.14285714285714285,0.14285714285714285,0.14285714285714285,0.14285714285714285,0.14285714285714285,0.14285714285714285,0.14285714285714285,1.068930144367124,1.074208932789611,1.0719290343572334,1.0821114369501466,1.0269074824917066,1.0224561403508772,1.0819614711033276
equal_weight,7,18,101988.51158373698,0.015672668215502172,0.015672668215502172,0.011513425249938498,0.01949740762815555,0.07707333129490535,0.0,0.0,0.0,0.0,1.0,1.0,,0.0,,False,,,7.0,24,0.14285714285714285,0.14285714285714285,0.14285714285714285,0.14285714285714285,0.14285714285714285,0.14285714285714285,0.14285714285714285,1.0131281613727836,1.0211309798074761,1.0099364281396368,1.0027100271002711,1.007896625987078,1.037748798901853,1.0171576561994171
equal_weight,7,19,102450.04471610759,0.004525344327548808,0.004525344327548808,0.0010928226949005124,0.02391453047089187,0.06648600295671617,0.0,0.0,0.0,0.0,1.0,1.0,,0.0,,False,,,7.0,25,0.14285714285714285,0.14285714285714285,0.14285714285714285,0.14285714285714285,0.14285714285714285,0.14285714285714285,0.14285714285714285,0.9819083802034764,0.9740025585719445,0.9828400247399243,0.9851351351351353,0.9754273504273504,1.0244708994708993,1.1078930617441118
equal_weight,7,20,103050.2968365082,0.005858973727770778,0.005858973727770778,0.002259059291600429,0.02960007811862575,0.068529767122669,0.0,0.0,0.0,0.0,1.0,1.0,,0.0,,False,,,7.0,26,0.14285714285714285,0.14285714285714285,0.14285714285714285,0.14285714285714285,0.14285714285714285,0.14285714285714285,0.14285714285714285,1.0171811676906573,1.0045787328777878,1.0194502657857352,1.0099451303155005,1.0087623220153341,1.013557133634603,0.9675380637747775
equal_weight,7,21,104473.77129292236,0.01381339501304435,0.01381339501304435,0.00991261942377578,0.042821956530877614,0.0661851797695217,0.0,0.0,0.0,0.0,1.0,1.0,,0.0,,False,,,7.0,27,0.14285714285714285,0.14285714285714285,0.14285714285714285,0.14285714285714285,0.14285714285714285,0.14285714285714285,0.14285714285714285,1.0204317810759416,1.036630597940096,1.0048074160114426,1.0196943972835313,1.0007238508867176,1.024203821656051,0.9902019002375297
equal_weight,7,22,105258.90995110049,0.007515174846869144,0.007515174846869144,0.003691545720881255,0.04996166076148423,0.06896317019450718,0.0,0.0,0.0,0.0,1.0,1.0,,0.0,,False,,,7.0,28,0.14285714285714285,0.14285714285714285,0.14285714285714285,0.14285714285714285,0.14285714285714285,0.14285714285714285,0.14285714285714285,1.034047030048888,1.0449943420211207,1.037165241936394,0.9783549783549785,0.9924050632911392,0.9950248756218906,0.9706146926536732
equal_weight,7,23,109709.99877919673,0.04228705038047664,0.04228705038047664,0.03528668451174441,0.08850605129199907,0.06515412037540856,0.0,0.0,0.0,0.0,1.0,1.0,,0.0,,False,,,7.0,29,0.14285714285714285,0.14285714285714285,0.14285714285714285,0.14285714285714285,0.14285714285714285,0.14285714285714285,0.14285714285714285,1.028589803182445,1.0354429604664128,1.0173620255284004,1.0408441116405716,1.0557580174927113,1.08125,1.0367624343527957
equal_weight,7,24,110679.17258763404,0.008833960616368985,0.008833960616368985,0.0046045485450664485,0.09648764386252018,0.06754088050909328,0.0,0.0,0.0,0.0,1.0,1.0,,0.0,,False,,,7.0,30,0.14285714285714285,0.14285714285714285,0.14285714285714285,0.14285714285714285,0.14285714285714285,0.14285714285714285,0.14285714285714285,1.0293303784225487,1.0479104071466634,1.0217829114307377,0.9565075212557227,0.9206075250258889,1.0710982658959536,1.0146007151370682
equal_weight,8,1,98141.10513031049,-0.01858894869689509,-0.01858894869689509,-0.02253862703041904,-0.01894104276919739,0.07195168522443297,0.0,0.0,0.0,0.0,1.0,1.0,,0.0,,False,,,7.0,8,0.14285714285714285,0.14285714285714285,0.14285714285714285,0.14285714285714285,0.14285714285714285,0.14285714285714285,0.14285714285714285,0.9731154872222838,0.9711852581306858,0.9629996232560255,0.9522814350400557,0.9581151832460733,1.0533010296789824,0.9988793425476279
equal_weight,8,2,97229.96107721284,-0.009284020715762842,-0.009284020715762842,-0.01284479294456177,-0.028489561160961463,0.06592549105595397,0.0,0.0,0.0,0.0,1.0,1.0,,0.0,,False,,,7.0,9,0.14285714285714285,0.14285714285714285,0.14285714285714285,0.14285714285714285,0.14285714285714285,0.14285714285714285,0.14285714285714285,1.0109963000452014,1.0079791009476824,1.0086329152204732,0.9663496708119972,0.9583333333333334,0.9815986198964922,1.0011219147344803
equal_weight,8,3,97988.31509164412,0.007799591875070844,0.007799591875070844,0.004478579028327788,-0.020529844874610292,0.06962274516046764,0.0,0.0,0.0,0.0,1.0,1.0,,0.0,,False,,,7.0,10,0.14285714285714285,0.14285714285714285,0.14285714285714285,0.14285714285714285,0.14285714285714285,0.14285714285714285,0.14285714285714285,1.0132439300667035,1.0452709779845217,1.0043046145479644,1.0034065102195306,1.0245901639344261,0.9660222612770942,0.9977586850952559
equal_weight,8,4,95184.89048730822,-0.02860978476580589,-0.02860978476580589,-0.03383873381588948,-0.050586910254772244,0.07563336871455052,0.0,0.0,0.0,0.0,1.0,1.0,,0.0,,False,,,7.0,11,0.14285714285714285,0.14285714285714285,0.14285714285714285,0.14285714285714285,0.14285714285714285,0.14285714285714285,0.14285714285714285,1.004842437168933,1.0091613275630966,0.9940845942149397,0.9411542814032442,0.9356521739130435,0.9241964827167981,0.9906402096593037
equal_weight,8,5,97387.46307720323,0.0231399393182965,0.0231399393182965,0.019964026865213272,-0.02682621397300089,0.07593338833116164,0.0,0.0,0.0,0.0,1.0,1.0,,0.0,,False,,,7.0,12,0.14285714285714285,0.14285714285714285,0.14285714285714285,0.14285714285714285,0.14285714285714285,0.14285714285714285,0.14285714285714285,1.0360215483535529,1.021502497143988,1.0471245506781481,1.0400801603206413,1.0360594795539033,0.9770341207349081,1.0041572184429328
equal_weight,8,6,96668.45934963622,-0.00738291875410102,-0.00738291875410102,-0.011453502327162702,-0.03446357449759341,0.07632283605140369,0.0,0.0,0.0,0.0,1.0,1.0,,0.0,,False,,,7.0,13,0.14285714285714285,0.14285714285714285,0.14285714285714285,0.14285714285714285,0.14285714285714285,0.14285714285714285,0.14285714285714285,1.030263218631604,1.0570596953253422,1.0216260752256048,0.9703275529865124,0.9601722282023681,0.9194089993284082,0.9894617990214528
equal_weight,8,7,97953.43053786653,0.013292558885031447,0.013292558885031447,0.010428839206236551,-0.020893290320672442,0.06282889941368829,0.0,0.0,0.0,0.0,1.0,1.0,,0.0,,False,,,7.0,14,0.14285714285714285,0.14285714285714285,0.14285714285714285,0.14285714285714285,0.14285714285714285,0.14285714285714285,0.14285714285714285,1.0042943009181393,0.992207955075134,1.0190061088156275,1.0559968228752978,1.046711509715994,0.9831994156318481,0.99163179916318
equal_weight,8,8,92393.05801215698,-0.05676547003180288,-0.05676547003180288,-0.06490033388421573,-0.08233239760114985,0.06922453207476645,0.0,0.0,0.0,0.0,1.0,1.0,,0.0,,False,,,7.0,15,0.14285714285714285,0.14285714285714285,0.14285714285714285,0.14285714285714285,0.14285714285714285,0.14285714285714285,0.14285714285714285,0.9305966410201849,0.9079768850724007,0.9492578825091647,0.9386987589319293,0.9339521599428774,0.9034175334323922,1.038741848868431
equal_weight,8,9,93183.04111403158,0.008550243047163342,0.008550243047163342,0.005919613199239729,-0.07315664743787709,0.06512273928066076,0.0,0.0,0.0,0.0,1.0,1.0,,0.0,,False,,,7.0,16,0.14285714285714285,0.14285714285714285,0.14285714285714285,0.14285714285714285,0.14285714285714285,0.14285714285714285,0.14285714285714285,1.0178593449224487,1.0033726303860246,1.0168301139748919,0.9911858974358975,0.9889143730886851,1.0394736842105263,1.002215657311669
equal_weight,8,10,87967.79891795572,-0.055967718307173286,-0.055967718307173286,-0.06673569816048085,-0.1367796083344801,0.062254745277556436,0.0,0.0,0.0,0.0,1.0,1.0,,0.0,,False,,,7.0,17,0.14285714285714285,0.14285714285714285,0.14285714285714285,0.14285714285714285,0.14285714285714285,0.14285714285714285,0.14285714285714285,0.9005749972130336,0.8982312353523753,0.906226913619528,0.9240097008892482,0.9984538074990336,0.9446202531645569,1.0361090641120116
equal_weight,8,11,92329.73043357609,0.04958554799908743,0.04958554799908743,0.04967445966544321,-0.08307475317435342,0.08060790989366953,0.0,0.0,0.0,0.0,1.0,1.0,,0.0,,False,,,7.0,18,0.14285714285714285,0.14285714285714285,0.14285714285714285,0.14285714285714285,0.14285714285714285,0.14285714285714285,0.14285714285714285,1.0878451084988776,1.105887779215494,1.080196082028685,1.0822397200349958,1.0007742934572201,0.9865996649916248,1.0035561877667143
equal_weight,8,12,99416.61036529498,0.0767562073282273,0.0767562073282273,0.07334774630188418,-0.005868130411622596,0.07717752921693298,0.0,0.0,0.0,0.0,1.0,1.0,,0.0,,False,,,7.0,19,0.14285714285714285,0.14285714285714285,0.14285714285714285,0.14285714285714285,0.14285714285714285,0.14285714285714285,0.14285714285714285,1.0297288920628345,1.0344408881821956,1.0366536879752946,1.1059013742926436,1.085880077369439,1.2478777589134125,0.9968107725017719
equal_weight,8,13,102322.50958052129,0.029229514107842913,0.029229514107842913,0.024308784988863276,0.022697934110906703,0.08514559067332043,0.0,0.0,0.0,0.0,1.0,1.0,,0.0,,False,,,7.0,20,0.14285714285714285,0.14285714285714285,0.14285714285714285,0.14285714285714285,0.14285714285714285,0.14285714285714285,0.14285714285714285,1.0179242518378595,1.0261253529989354,1.0004892614601024,1.0303362573099413,1.0399002493765588,1.1047619047619048,0.9850693210095981
equal_weight,8,14,103609.01893586823,0.012573082507661981,0.012573082507661981,0.008865655108718567,0.0348330577099869,0.06538936980723266,0.0,0.0,0.0,0.0,1.0,1.0,,0.0,,False,,,7.0,21,0.14285714285714285,0.14285714285714285,0.14285714285714285,0.14285714285714285,0.14285714285714285,0.14285714285714285,0.14285714285714285,1.0393135068908235,1.0489629372043836,1.0256175982612805,1.038666193685704,0.984583761562179,0.9562807881773397,0.9945867917719236
equal_weight,8,15,97922.39886395952,-0.054885377067691365,-0.054885377067691365,-0.05938033148242161,-0.021216812089405845,0.0666092336605772,0.0,0.0,0.0,0.0,1.0,1.0,,0.0,,False,,,7.0,22,0.14285714285714285,0.14285714285714285,0.14285714285714285,0.14285714285714285,0.14285714285714285,0.14285714285714285,0.14285714285714285,0.9342222757517478,0.9192601541484278,0.933144921461059,0.9316939890710383,0.9439805149617257,0.9175788795878945,1.0359216255442671
equal_weight,8,16,103916.71350812138,0.061214948915718104,0.061214948915718104,0.05455337511622897,0.0376908908672835,0.08708655680920753,0.0,0.0,0.0,0.0,1.0,1.0,,0.0,,False,,,7.0,23,0.14285714285714285,0.14285714285714285,0.14285714285714285,0.14285714285714285,0.14285714285714285,0.14285714285714285,0.14285714285714285,1.068930144367124,1.074208932789611,1.0719290343572334,1.0821114369501466,1.0269074824917066,1.0224561403508772,1.0819614711033276
equal_weight,8,17,105545.36568097955,0.015672668215502172,0.015672668215502172,0.011254025480423008,0.0525401152878745,0.07190397880335986,0.0,0.0,0.0,0.0,1.0,1.0,,0.0,,False,,,7.0,24,0.14285714285714285,0.14285714285714285,0.14285714285714285,0.14285714285714285,0.14285714285714285,0.14285714285714285,0.14285714285714285,1.0131281613727836,1.0211309798074761,1.0099364281396368,1.0027100271002711,1.007896625987078,1.037748798901853,1.0171576561994171
equal_weight,8,18,106022.99480286303,0.004525344327548808,0.004525344327548808,0.0012534169375311606,0.05680838212561401,0.06029699800416698,0.0,0.0,0.0,0.0,1.0,1.0,,0.0,,False,,,7.0,25,0.14285714285714285,0.14285714285714285,0.14285714285714285,0.14285714285714285,0.14285714285714285,0.14285714285714285,0.14285714285714285,0.9819083802034764,0.9740025585719445,0.9828400247399243,0.9851351351351353,0.9754273504273504,1.0244708994708993,1.1078930617441118
equal_weight,8,19,106644.18074395259,0.005858973727770778,0.005858973727770778,0.0017808963189246442,0.06230232814957748,0.07426099410077651,0.0,0.0,0.0,0.0,1.0,1.0,,0.0,,False,,,7.0,26,0.14285714285714285,0.14285714285714285,0.14285714285714285,0.14285714285714285,0.14285714285714285,0.14285714285714285,0.14285714285714285,1.0171811676906573,1.0045787328777878,1.0194502657857352,1.0099451303155005,1.0087623220153341,1.013557133634603,0.9675380637747775
equal_weight,8,20,108117.2989384113,0.01381339501304435,0.01381339501304435,0.009406902046769056,0.07507863235683776,0.06738804320982449,0.0,0.0,0.0,0.0,1.0,1.0,,0.0,,False,,,7.0,27,0.14285714285714285,0.14285714285714285,0.14285714285714285,0.14285714285714285,0.14285714285714285,0.14285714285714285,0.14285714285714285,1.0204317810759416,1.036630597940096,1.0048074160114426,1.0196943972835313,1.0007238508867176,1.024203821656051,0.9902019002375297
equal_weight,8,21,108929.81934390469,0.007515174846869144,0.007515174846869144,0.0037187482472003275,0.08197773022749777,0.06360699246919363,0.0,0.0,0.0,0.0,1.0,1.0,,0.0,,False,,,7.0,28,0.14285714285714285,0.14285714285714285,0.14285714285714285,0.14285714285714285,0.14285714285714285,0.14285714285714285,0.14285714285714285,1.034047030048888,1.0449943420211207,1.037165241936394,0.9783549783549785,0.9924050632911392,0.9950248756218906,0.9706146926536732
equal_weight,8,22,113536.1401024366,0.04228705038047664,0.04228705038047664,0.0333880627598871,0.11922318382696273,0.07714781679155722,0.0,0.0,0.0,0.0,1.0,1.0,,0.0,,False,,,7.0,29,0.14285714285714285,0.14285714285714285,0.14285714285714285,0.14285714285714285,0.14285714285714285,0.14285714285714285,0.14285714285714285,1.028589803182445,1.0354429604664128,1.0173620255284004,1.0408441116405716,1.0557580174927113,1.08125,1.0367624343527957
equal_weight,8,23,114539.11389263609,0.008833960616368985,0.008833960616368985,0.004121584351392538,0.1269357985977123,0.07182060838714088,0.0,0.0,0.0,0.0,1.0,1.0,,0.0,,False,,,7.0,30,0.14285714285714285,0.14285714285714285,0.14285714285714285,0.14285714285714285,0.14285714285714285,0.14285714285714285,0.14285714285714285,1.0293303784225487,1.0479104071466634,1.0217829114307377,0.9565075212557227,0.9206075250258889,1.0710982658959536,1.0146007151370682
equal_weight,8,24,110026.5978198882,-0.03939716241368629,-0.03939716241368629,-0.03955719194282799,0.09112885446391406,0.07500495618059462,0.0,0.0,0.0,0.0,1.0,1.0,,0.0,,False,,,7.0,31,0.14285714285714285,0.14285714285714285,0.14285714285714285,0.14285714285714285,0.14285714285714285,0.14285714285714285,0.14285714285714285,0.8883429458072976,0.9111819056684046,0.8713745250537601,0.9620512820512821,0.9591301087364079,1.0766324878575284,1.0555066079295152
equal_weight,9,1,99071.59792842371,-0.009284020715762842,-0.009284020715762842,-0.01251648239834683,-0.009371021473248309,0.06290921850197043,0.0,0.0,0.0,0.0,1.0,1.0,,0.0,,False,,,7.0,9,0.14285714285714285,0.14285714285714285,0.14285714285714285,0.14285714285714285,0.14285714285714285,0.14285714285714285,0.14285714285714285,1.0109963000452014,1.0079791009476824,1.0086329152204732,0.9663496708119972,0.9583333333333334,0.9815986198964922,1.0011219147344803
equal_weight,9,2,99844.31595867653,0.007799591875070844,0.007799591875070844,0.003971310484256785,-0.0015592679445859403,0.07680886088811166,0.0,0.0,0.0,0.0,1.0,1.0,,0.0,,False,,,7.0,10,0.14285714285714285,0.14285714285714285,0.14285714285714285,0.14285714285714285,0.14285714285714285,0.14285714285714285,0.14285714285714285,1.0132439300667035,1.0452709779845217,1.0043046145479644,1.0034065102195306,1.0245901639344261,0.9660222612770942,0.9977586850952559
equal_weight,9,3,96987.79156900967,-0.02860978476580589,-0.02860978476580589,-0.03282516212302876,-0.031057604078416956,0.06653651978395483,0.0,0.0,0.0,0.0,1.0,1.0,,0.0,,False,,,7.0,11,0.14285714285714285,0.14285714285714285,0.14285714285714285,0.14285714285714285,0.14285714285714285,0.14285714285714285,0.14285714285714285,1.004842437168933,1.0091613275630966,0.9940845942149397,0.9411542814032442,0.9356521739130435,0.9241964827167981,0.9906402096593037
equal_weight,9,4,99232.08318053215,0.0231399393182965,0.0231399393182965,0.019717885396853898,-0.0077385941608298925,0.0720224904146633,0.0,0.0,0.0,0.0,1.0,1.0,,0.0,,False,,,7.0,12,0.14285714285714285,0.14285714285714285,0.14285714285714285,0.14285714285714285,0.14285714285714285,0.14285714285714285,0.14285714285714285,1.0360215483535529,1.021502497143988,1.0471245506781481,1.0400801603206413,1.0360594795539033,0.9770341207349081,1.0041572184429328
equal_weight,9,5,98499.46077261008,-0.00738291875410102,-0.00738291875410102,-0.010919251814399936,-0.015233984182451143,0.0684772358555737,0.0,0.0,0.0,0.0,1.0,1.0,,0.0,,False,,,7.0,13,0.14285714285714285,0.14285714285714285,0.14285714285714285,0.14285714285714285,0.14285714285714285,0.14285714285714285,0.14285714285714285,1.030263218631604,1.0570596953253422,1.0216260752256048,0.9703275529865124,0.9601722282023681,0.9194089993284082,0.9894617990214528
equal_weight,9,6,99808.77065507385,0.013292558885031447,0.013292558885031447,0.009948453716392804,-0.0019159573218971993,0.0673914628832228,0.0,0.0,0.0,0.0,1.0,1.0,,0.0,,False,,,7.0,14,0.14285714285714285,0.14285714285714285,0.14285714285714285,0.14285714285714285,0.14285714285714285,0.14285714285714285,0.14285714285714285,1.0042943009181393,0.992207955075134,1.0190061088156275,1.0559968228752978,1.046711509715994,0.9831994156318481,0.99163179916318
equal_weight,9,7,94143.07887554217,-0.05676547003180288,-0.05676547003180288,-0.06385498661497321,-0.062212976189155,0.07115935495430814,0.0,0.0,0.0,0.0,1.0,1.0,,0.0,,False,,,7.0,15,0.14285714285714285,0.14285714285714285,0.14285714285714285,0.14285714285714285,0.14285714285714285,0.14285714285714285,0.14285714285714285,0.9305966410201849,0.9079768850724007,0.9492578825091647,0.9386987589319293,0.9339521599428774,0.9034175334323922,1.038741848868431
equal_weight,9,8,94948.02508113632,0.008550243047163342,0.008550243047163342,0.0050922196196008735,-0.05320779357492267,0.07825925989262916,0.0,0.0,0.0,0.0,1.0,1.0,,0.0,,False,,,7.0,16,0.14285714285714285,0.14285714285714285,0.14285714285714285,0.14285714285714285,0.14285714285714285,0.14285714285714285,0.14285714285714285,1.0178593449224487,1.0033726303860246,1.0168301139748919,0.9911858974358975,0.9889143730886851,1.0394736842105263,1.002215657311669
equal_weight,9,9,89634.00075957287,-0.055967718307173286,-0.055967718307173286,-0.06591741546156257,-0.1156480705154741,0.06954277042022283,0.0,0.0,0.0,0.0,1.0,1.0,,0.0,,False,,,7.0,17,0.14285714285714285,0.14285714285714285,0.14285714285714285,0.14285714285714285,0.14285714285714285,0.14285714285714285,0.14285714285714285,0.9005749972130336,0.8982312353523753,0.906226913619528,0.9240097008892482,0.9984538074990336,0.9446202531645569,1.0361090641120116
equal_weight,9,10,94078.55180658691,0.04958554799908743,0.04958554799908743,0.048695080250703494,-0.06294153215269316,0.08022916224154898,0.0,0.0,0.0,0.0,1.0,1.0,,0.0,,False,,,7.0,18,0.14285714285714285,0.14285714285714285,0.14285714285714285,0.14285714285714285,0.14285714285714285,0.14285714285714285,0.14285714285714285,1.0878451084988776,1.105887779215494,1.080196082028685,1.0822397200349958,1.0007742934572201,0.9865996649916248,1.0035561877667143
equal_weight,9,11,101299.66463419267,0.0767562073282273,0.0767562073282273,0.07150220885282417,0.012829900660440874,0.08538447920619724,0.0,0.0,0.0,0.0,1.0,1.0,,0.0,,False,,,7.0,19,0.14285714285714285,0.14285714285714285,0.14285714285714285,0.14285714285714285,0.14285714285714285,0.14285714285714285,0.14285714285714285,1.0297288920628345,1.0344408881821956,1.0366536879752946,1.1059013742926436,1.085880077369439,1.2478777589134125,0.9968107725017719
equal_weight,9,12,104260.60461073756,0.029229514107842913,0.029229514107842913,0.023127676522841846,0.04086495207508867,0.09814749783611895,0.0,0.0,0.0,0.0,1.0,1.0,,0.0,,False,,,7.0,20,0.14285714285714285,0.14285714285714285,0.14285714285714285,0.14285714285714285,0.14285714285714285,0.14285714285714285,0.14285714285714285,1.0179242518378595,1.0261253529989354,1.0004892614601024,1.0303362573099413,1.0399002493765588,1.1047619047619048,0.9850693210095981
equal_weight,9,13,105571.48179480708,0.012573082507661981,0.012573082507661981,0.00832511967801043,0.05277449648415511,0.07168849462112023,0.0,0.0,0.0,0.0,1.0,1.0,,0.0,,False,,,7.0,21,0.14285714285714285,0.14285714285714285,0.14285714285714285,0.14285714285714285,0.14285714285714285,0.14285714285714285,0.14285714285714285,1.0393135068908235,1.0489629372043836,1.0256175982612805,1.038666193685704,0.984583761562179,0.9562807881773397,0.9945867917719236
equal_weight,9,14,99777.15120890418,-0.054885377067691365,-0.054885377067691365,-0.05847646893853837,-0.002233465161069148,0.06937014586628218,0.0,0.0,0.0,0.0,1.0,1.0,,0.0,,False,,,7.0,22,0.14285714285714285,0.14285714285714285,0.14285714285714285,0.14285714285714285,0.14285714285714285,0.14285714285714285,0.14285714285714285,0.9342222757517478,0.9192601541484278,0.933144921461059,0.9316939890710383,0.9439805149617257,0.9175788795878945,1.0359216255442671
equal_weight,9,15,105885.00442311313,0.061214948915718104,0.061214948915718104,0.0536691607161378,0.05557920552750639,0.08287019944875476,0.0,0.0,0.0,0.0,1.0,1.0,,0.0,,False,,,7.0,23,0.14285714285714285,0.14285714285714285,0.14285714285714285,0.14285714285714285,0.14285714285714285,0.14285714285714285,0.14285714285714285,1.068930144367124,1.074208932789611,1.0719290343572334,1.0821114369501466,1.0269074824917066,1.0224561403508772,1.0819614711033276
equal_weight,9,16,107544.50496643357,0.015672668215502172,0.015672668215502172,0.010089568984508357,0.0701523984771546,0.08967247930279695,0.0,0.0,0.0,0.0,1.0,1.0,,0.0,,False,,,7.0,24,0.14285714285714285,0.14285714285714285,0.14285714285714285,0.14285714285714285,0.14285714285714285,0.14285714285714285,0.14285714285714285,1.0131281613727836,1.0211309798074761,1.0099364281396368,1.0027100271002711,1.007896625987078,1.037748798901853,1.0171576561994171
equal_weight,9,17,108031.18088194246,0.004525344327548808,0.004525344327548808,0.001161846875748997,0.07434132272162253,0.060541547374378626,0.0,0.0,0.0,0.0,1.0,1.0,,0.0,,False,,,7.0,25,0.14285714285714285,0.14285714285714285,0.14285714285714285,0.14285714285714285,0.14285714285714285,0.14285714285714285,0.14285714285714285,0.9819083802034764,0.9740025585719445,0.9828400247399243,0.9851351351351353,0.9754273504273504,1.0244708994708993,1.1078930617441118
equal_weight,9,18,108664.13273250981,0.005858973727770778,0.005858973727770778,0.0021010478108188274,0.07973314206480298,0.06581543064723241,0.0,0.0,0.0,0.0,1.0,1.0,,0.0,,False,,,7.0,26,0.14285714285714285,0.14285714285714285,0.14285714285714285,0.14285714285714285,0.14285714285714285,0.14285714285714285,0.14285714285714285,1.0171811676906573,1.0045787328777878,1.0194502657857352,1.0099451303155005,1.0087623220153341,1.013557133634603,0.9675380637747775
equal_weight,9,19,110165.15332169386,0.01381339501304435,0.01381339501304435,0.009238663107534469,0.0922719482086185,0.06600286072562121,0.0,0.0,0.0,0.0,1.0,1.0,,0.0,,False,,,7.0,27,0.14285714285714285,0.14285714285714285,0.14285714285714285,0.14285714285714285,0.14285714285714285,0.14285714285714285,0.14285714285714285,1.0204317810759416,1.036630597940096,1.0048074160114426,1.0196943972835313,1.0007238508867176,1.024203821656051,0.9902019002375297
equal_weight,9,20,110993.06371093853,0.007515174846869144,0.007515174846869144,0.003968768459742751,0.09904279910290603,0.056041648690895535,0.0,0.0,0.0,0.0,1.0,1.0,,0.0,,False,,,7.0,28,0.14285714285714285,0.14285714285714285,0.14285714285714285,0.14285714285714285,0.14285714285714285,0.14285714285714285,0.14285714285714285,1.034047030048888,1.0449943420211207,1.037165241936394,0.9783549783549785,0.9924050632911392,0.9950248756218906,0.9706146926536732
equal_weight,9,21,115686.63298796644,0.04228705038047664,0.04228705038047664,0.03360882279438363,0.13559589887621804,0.05888553957856741,0.0,0.0,0.0,0.0,1.0,1.0,,0.0,,False,,,7.0,29,0.14285714285714285,0.14285714285714285,0.14285714285714285,0.14285714285714285,0.14285714285714285,0.14285714285714285,0.14285714285714285,1.028589803182445,1.0354429604664128,1.0173620255284004,1.0408441116405716,1.0557580174927113,1.08125,1.0367624343527957
equal_weight,9,22,116708.60414762246,0.008833960616368985,0.008833960616368985,0.0037686740612725596,0.14316514424667515,0.07601142618369104,0.0,0.0,0.0,0.0,1.0,1.0,,0.0,,False,,,7.0,30,0.14285714285714285,0.14285714285714285,0.14285714285714285,0.14285714285714285,0.14285714285714285,0.14285714285714285,0.14285714285714285,1.0293303784225487,1.0479104071466634,1.0217829114307377,0.9565075212557227,0.9206075250258889,1.0710982658959536,1.0146007151370682
equal_weight,9,23,112110.61631494395,-0.03939716241368629,-0.03939716241368629,-0.038996006954190206,0.10802381356037238,0.07709352535774885,0.0,0.0,0.0,0.0,1.0,1.0,,0.0,,False,,,7.0,31,0.14285714285714285,0.14285714285714285,0.14285714285714285,0.14285714285714285,0.14285714285714285,0.14285714285714285,0.14285714285714285,0.8883429458072976,0.9111819056684046,0.8713745250537601,0.9620512820512821,0.9591301087364079,1.0766324878575284,1.0555066079295152
equal_weight,9,24,102727.18821896557,-0.0836979440878125,-0.0836979440878125,-0.08528265783265844,0.026547871758667352,0.07613432061906825,0.0,0.0,0.0,0.0,1.0,1.0,,0.0,,False,,,7.0,32,0.14285714285714285,0.14285714285714285,0.14285714285714285,0.14285714285714285,0.14285714285714285,0.14285714285714285,0.14285714285714285,0.8748807130139254,0.8987705690454519,0.8625624855383022,0.9506041222459132,0.9378420641125881,0.8997493734335839,0.9897050639955481
equal_weight,10,1,100779.95918750709,0.007799591875070844,0.007799591875070844,0.004840212707332446,0.007739229047075913,0.05798032679486934,0.0,0.0,0.0,0.0,1.0,1.0,,0.0,,False,,,7.0,10,0.14285714285714285,0.14285714285714285,0.14285714285714285,0.14285714285714285,0.14285714285714285,0.14285714285714285,0.14285714285714285,1.0132439300667035,1.0452709779845217,1.0043046145479644,1.0034065102195306,1.0245901639344261,0.9660222612770942,0.9977586850952559
equal_weight,10,2,97896.6662464458,-0.02860978476580589,-0.02860978476580589,-0.03269913486955615,-0.02148524392300799,0.06949323798944483,0.0,0.0,0.0,0.0,1.0,1.0,,0.0,,False,,,7.0,11,0.14285714285714285,0.14285714285714285,0.14285714285714285,0.14285714285714285,0.14285714285714285,0.14285714285714285,0.14285714285714285,1.004842437168933,1.0091613275630966,0.9940845942149397,0.9411542814032442,0.9356521739130435,0.9241964827167981,0.9906402096593037
equal_weight,10,3,100161.98916285209,0.0231399393182965,0.0231399393182965,0.019694792012041853,0.0016172718234329642,0.06815447468798205,0.0,0.0,0.0,0.0,1.0,1.0,,0.0,,False,,,7.0,12,0.14285714285714285,0.14285714285714285,0.14285714285714285,0.14285714285714285,0.14285714285714285,0.14285714285714285,0.14285714285714285,1.0360215483535529,1.021502497143988,1.0471245506781481,1.0400801603206413,1.0360594795539033,0.9770341207349081,1.0041572184429328
equal_weight,10,4,99422.5013346136,-0.00738291875410102,-0.00738291875410102,-0.011379031773580555,-0.005808530841954873,0.07906458216385434,0.0,0.0,0.0,0.0,1.0,1.0,,0.0,,False,,,7.0,13,0.14285714285714285,0.14285714285714285,0.14285714285714285,0.14285714285714285,0.14285714285714285,0.14285714285714285,0.14285714285714285,1.030263218631604,1.0570596953253422,1.0216260752256048,0.9703275529865124,0.9601722282023681,0.9194089993284082,0.9894617990214528
equal_weight,10,5,100744.08078810107,0.013292558885031447,0.013292558885031447,0.009713860774158242,0.007385851181332614,0.0696104249825849,0.0,0.0,0.0,0.0,1.0,1.0,,0.0,,False,,,7.0,14,0.14285714285714285,0.14285714285714285,0.14285714285714285,0.14285714285714285,0.14285714285714285,0.14285714285714285,0.14285714285714285,1.0042943009181393,0.992207955075134,1.0190061088156275,1.0559968228752978,1.046711509715994,0.9831994156318481,0.99163179916318
equal_weight,10,6,95025.29568924259,-0.05676547003180288,-0.05676547003180288,-0.06339796645901781,-0.052351368913662766,0.07321492728044852,0.0,0.0,0.0,0.0,1.0,1.0,,0.0,,False,,,7.0,15,0.14285714285714285,0.14285714285714285,0.14285714285714285,0.14285714285714285,0.14285714285714285,0.14285714285714285,0.14285714285714285,0.9305966410201849,0.9079768850724007,0.9492578825091647,0.9386987589319293,0.9339521599428774,0.9034175334323922,1.038741848868431
equal_weight,10,7,95837.78506301418,0.008550243047163342,0.008550243047163342,0.005249598648356748,-0.04342979060137009,0.07343959327871857,0.0,0.0,0.0,0.0,1.0,1.0,,0.0,,False,,,7.0,16,0.14285714285714285,0.14285714285714285,0.14285714285714285,0.14285714285714285,0.14285714285714285,0.14285714285714285,0.14285714285714285,1.0178593449224487,1.0033726303860246,1.0168301139748919,0.9911858974358975,0.9889143730886851,1.0394736842105263,1.002215657311669
equal_weight,10,8,90473.96290542398,-0.055967718307173286,-0.055967718307173286,-0.06585895014440088,-0.10529037071730762,0.07996740056926697,0.0,0.0,0.0,0.0,1.0,1.0,,0.0,,False,,,7.0,17,0.14285714285714285,0.14285714285714285,0.14285714285714285,0.14285714285714285,0.14285714285714285,0.14285714285714285,0.14285714285714285,0.9005749972130336,0.8982312353523753,0.906226913619528,0.9240097008892482,0.9984538074990336,0.9446202531645569,1.0361090641120116
equal_weight,10,9,94960.16393573853,0.04958554799908743,0.04958554799908743,0.04848403911500607,-0.053073160948542863,0.07466341307517395,0.0,0.0,0.0,0.0,1.0,1.0,,0.0,,False,,,7.0,18,0.14285714285714285,0.14285714285714285,0.14285714285714285,0.14285714285714285,0.14285714285714285,0.14285714285714285,0.14285714285714285,1.0878451084988776,1.105887779215494,1.080196082028685,1.0822397200349958,1.0007742934572201,0.9865996649916248,1.0035561877667143
equal_weight,10,10,102248.94596671253,0.0767562073282273,0.0767562073282273,0.07042232818173841,0.02199480831269085,0.0929128215899061,0.0,0.0,0.0,0.0,1.0,1.0,,0.0,,False,,,7.0,19,0.14285714285714285,0.14285714285714285,0.14285714285714285,0.14285714285714285,0.14285714285714285,0.14285714285714285,0.14285714285714285,1.0297288920628345,1.0344408881821956,1.0366536879752946,1.1059013742926436,1.085880077369439,1.2478777589134125,0.9968107725017719
equal_weight,10,11,105237.63297535863,0.029229514107842913,0.029229514107842913,0.023544247107953317,0.04976958172923773,0.0846105261718713,0.0,0.0,0.0,0.0,1.0,1.0,,0.0,,False,,,7.0,20,0.14285714285714285,0.14285714285714285,0.14285714285714285,0.14285714285714285,0.14285714285714285,0.14285714285714285,0.14285714285714285,1.0179242518378595,1.0261253529989354,1.0004892614601024,1.0303362573099413,1.0399002493765588,1.1047619047619048,0.9850693210095981
equal_weight,10,12,106560.79441766886,0.012573082507661981,0.012573082507661981,0.007963750812834403,0.06156855768129499,0.07670450278445706,0.0,0.0,0.0,0.0,1.0,1.0,,0.0,,False,,,7.0,21,0.14285714285714285,0.14285714285714285,0.14285714285714285,0.14285714285714285,0.14285714285714285,0.14285714285714285,0.14285714285714285,1.0393135068908235,1.0489629372043836,1.0256175982612805,1.038666193685704,0.984583761562179,0.9562807881773397,0.9945867917719236
equal_weight,10,13,100712.16503542237,-0.054885377067691365,-0.054885377067691365,-0.05798446410940247,0.007071291091517051,0.06974395039249072,0.0,0.0,0.0,0.0,1.0,1.0,,0.0,,False,,,7.0,22,0.14285714285714285,0.14285714285714285,0.14285714285714285,0.14285714285714285,0.14285714285714285,0.14285714285714285,0.14285714285714285,0.9342222757517478,0.9192601541484278,0.933144921461059,0.9316939890710383,0.9439805149617257,0.9175788795878945,1.0359216255442671
equal_weight,10,14,106877.25507325713,0.061214948915718104,0.061214948915718104,0.05329040363003016,0.06434722774778623,0.07971066052478039,0.0,0.0,0.0,0.0,1.0,1.0,,0.0,,False,,,7.0,23,0.14285714285714285,0.14285714285714285,0.14285714285714285,0.14285714285714285,0.14285714285714285,0.14285714285714285,0.14285714285714285,1.068930144367124,1.074208932789611,1.0719290343572334,1.0821114369501466,1.0269074824917066,1.0224561403508772,1.0819614711033276
equal_weight,10,15,108552.30683180389,0.015672668215502172,0.015672668215502172,0.010784991286996223,0.07878512287219497,0.07305807674825035,0.0,0.0,0.0,0.0,1.0,1.0,,0.0,,False,,,7.0,24,0.14285714285714285,0.14285714285714285,0.14285714285714285,0.14285714285714285,0.14285714285714285,0.14285714285714285,0.14285714285714285,1.0131281613727836,1.0211309798074761,1.0099364281396368,1.0027100271002711,1.007896625987078,1.037748798901853,1.0171576561994171
equal_weight,10,16,109043.54339776753,0.004525344327548808,0.004525344327548808,0.0005979214701011771,0.08293515705720056,0.07104225429808828,0.0,0.0,0.0,0.0,1.0,1.0,,0.0,,False,,,7.0,25,0.14285714285714285,0.14285714285714285,0.14285714285714285,0.14285714285714285,0.14285714285714285,0.14285714285714285,0.14285714285714285,0.9819083802034764,0.9740025585719445,0.9828400247399243,0.9851351351351353,0.9754273504273504,1.0244708994708993,1.1078930617441118
equal_weight,10,17,109682.42665371808,0.005858973727770778,0.005858973727770778,0.0021997968189891746,0.08827691863790343,0.062839295234274,0.0,0.0,0.0,0.0,1.0,1.0,,0.0,,False,,,7.0,26,0.14285714285714285,0.14285714285714285,0.14285714285714285,0.14285714285714285,0.14285714285714285,0.14285714285714285,0.14285714285714285,1.0171811676906573,1.0045787328777878,1.0194502657857352,1.0099451303155005,1.0087623220153341,1.013557133634603,0.9675380637747775
equal_weight,10,18,111197.51333907516,0.01381339501304435,0.01381339501304435,0.009094182382639048,0.10069931424572875,0.06656426450372543,0.0,0.0,0.0,0.0,1.0,1.0,,0.0,,False,,,7.0,27,0.14285714285714285,0.14285714285714285,0.14285714285714285,0.14285714285714285,0.14285714285714285,0.14285714285714285,0.14285714285714285,1.0204317810759416,1.036630597940096,1.0048074160114426,1.0196943972835313,1.0007238508867176,1.024203821656051,0.9902019002375297
equal_weight,10,19,112033.18209435538,0.007515174846869144,0.007515174846869144,0.003504766122694454,0.10740730442005053,0.06406448103254644,0.0,0.0,0.0,0.0,1.0,1.0,,0.0,,False,,,7.0,28,0.14285714285714285,0.14285714285714285,0.14285714285714285,0.14285714285714285,0.14285714285714285,0.14285714285714285,0.14285714285714285,1.034047030048888,1.0449943420211207,1.037165241936394,0.9783549783549785,0.9924050632911392,0.9950248756218906,0.9706146926536732
equal_weight,10,20,116770.73490986449,0.04228705038047664,0.04228705038047664,0.033251682746691755,0.14362104445784163,0.059241145821986904,0.0,0.0,0.0,0.0,1.0,1.0,,0.0,,False,,,7.0,29,0.14285714285714285,0.14285714285714285,0.14285714285714285,0.14285714285714285,0.14285714285714285,0.14285714285714285,0.14285714285714285,1.028589803182445,1.0354429604664128,1.0173620255284004,1.0408441116405716,1.0557580174927113,1.08125,1.0367624343527957
equal_weight,10,21,117802.28298320269,0.008833960616368985,0.008833960616368985,0.004012091461586631,0.15112001679747677,0.0697376175609703,0.0,0.0,0.0,0.0,1.0,1.0,,0.0,,False,,,7.0,30,0.14285714285714285,0.14285714285714285,0.14285714285714285,0.14285714285714285,0.14285714285714285,0.14285714285714285,0.14285714285714285,1.0293303784225487,1.0479104071466634,1.0217829114307377,0.9565075212557227,0.9206075250258889,1.0710982658959536,1.0146007151370682
equal_weight,10,22,113161.20730781041,-0.03939716241368629,-0.03939716241368629,-0.0384157841758986,0.11630493895324512,0.07201412663333898,0.0,0.0,0.0,0.0,1.0,1.0,,0.0,,False,,,7.0,31,0.14285714285714285,0.14285714285714285,0.14285714285714285,0.14285714285714285,0.14285714285714285,0.14285714285714285,0.14285714285714285,0.8883429458072976,0.9111819056684046,0.8713745250537601,0.9620512820512821,0.9591301087364079,1.0766324878575284,1.0555066079295152
equal_weight,10,23,103689.84690565194,-0.0836979440878125,-0.0836979440878125,-0.08488952419021369,0.03558542148306332,0.08340013440063775,0.0,0.0,0.0,0.0,1.0,1.0,,0.0,,False,,,7.0,32,0.14285714285714285,0.14285714285714285,0.14285714285714285,0.14285714285714285,0.14285714285714285,0.14285714285714285,0.14285714285714285,0.8748807130139254,0.8987705690454519,0.8625624855383022,0.9506041222459132,0.9378420641125881,0.8997493734335839,0.9897050639955481
equal_weight,10,24,113101.77591420943,0.09077001547819297,0.09077001547819297,0.07599629734663911,0.11584058524551777,0.08517732831630682,0.0,0.0,0.0,0.0,1.0,1.0,,0.0,,False,,,7.0,33,0.14285714285714285,0.14285714285714285,0.14285714285714285,0.14285714285714285,0.14285714285714285,0.14285714285714285,0.14285714285714285,1.1268440206437376,1.154471978877262,1.1108063488991609,1.0661682242990655,1.0220925385577322,1.1103064066852368,1.0447005903851563
equal_weight,11,1,97139.0215234194,-0.02860978476580589,-0.02860978476580589,-0.032981723055509796,-0.029452411932014755,0.0705862224699008,0.0,0.0,0.0,0.0,1.0,1.0,,0.0,,False,,,7.0,11,0.14285714285714285,0.14285714285714285,0.14285714285714285,0.14285714285714285,0.14285714285714285,0.14285714285714285,0.14285714285714285,1.004842437168933,1.0091613275630966,0.9940845942149397,0.9411542814032442,0.9356521739130435,0.9241964827167981,0.9906402096593037
equal_weight,11,2,99386.81258691003,0.0231399393182965,0.0231399393182965,0.01963080880222036,-0.006169705991464047,0.07303794276660693,0.0,0.0,0.0,0.0,1.0,1.0,,0.0,,False,,,7.0,12,0.14285714285714285,0.14285714285714285,0.14285714285714285,0.14285714285714285,0.14285714285714285,0.14285714285714285,0.14285714285714285,1.0360215483535529,1.021502497143988,1.0471245506781481,1.0400801603206413,1.0360594795539033,0.9770341207349081,1.0041572184429328
equal_weight,11,3,98653.04782435182,-0.00738291875410102,-0.00738291875410102,-0.01147198719780618,-0.013653426886986564,0.07976532604567327,0.0,0.0,0.0,0.0,1.0,1.0,,0.0,,False,,,7.0,13,0.14285714285714285,0.14285714285714285,0.14285714285714285,0.14285714285714285,0.14285714285714285,0.14285714285714285,0.14285714285714285,1.030263218631604,1.0570596953253422,1.0216260752256048,0.9703275529865124,0.9601722282023681,0.9194089993284082,0.9894617990214528
equal_weight,11,4,99964.39927174484,0.013292558885031447,0.013292558885031447,0.009993782500562787,-0.00035613406887358146,0.0660702063510039,0.0,0.0,0.0,0.0,1.0,1.0,,0.0,,False,,,7.0,14,0.14285714285714285,0.14285714285714285,0.14285714285714285,0.14285714285714285,0.14285714285714285,0.14285714285714285,0.14285714285714285,1.0042943009181393,0.992207955075134,1.0190061088156275,1.0559968228752978,1.046711509715994,0.9831994156318481,0.99163179916318
equal_weight,11,5,94289.87316063743,-0.05676547003180288,-0.05676547003180288,-0.06371994208747413,-0.06055928010036116,0.07033592111973101,0.0,0.0,0.0,0.0,1.0,1.0,,0.0,,False,,,7.0,15,0.14285714285714285,0.14285714285714285,0.14285714285714285,0.14285714285714285,0.14285714285714285,0.14285714285714285,0.14285714285714285,0.9305966410201849,0.9079768850724007,0.9492578825091647,0.9386987589319293,0.9339521599428774,0.9034175334323922,1.038741848868431
equal_weight,11,6,95096.07449304708,0.008550243047163342,0.008550243047163342,0.005703646213890484,-0.05156811711835152,0.06575033536238306,0.0,0.0,0.0,0.0,1.0,1.0,,0.0,,False,,,7.0,16,0.14285714285714285,0.14285714285714285,0.14285714285714285,0.14285714285714285,0.14285714285714285,0.14285714285714285,0.14285714285714285,1.0178593449224487,1.0033726303860246,1.0168301139748919,0.9911858974358975,0.9889143730886851,1.0394736842105263,1.002215657311669
equal_weight,11,7,89773.76418370225,-0.055967718307173286,-0.055967718307173286,-0.06513596555269846,-0.11391118451234816,0.05585796317403638,0.0,0.0,0.0,0.0,1.0,1.0,,0.0,,False,,,7.0,17,0.14285714285714285,0.14285714285714285,0.14285714285714285,0.14285714285714285,0.14285714285714285,0.14285714285714285,0.14285714285714285,0.9005749972130336,0.8982312353523753,0.906226913619528,0.9240097008892482,0.9984538074990336,0.9446202531645569,1.0361090641120116
equal_weight,11,8,94225.24547669198,0.04958554799908743,0.04958554799908743,0.048978143353480524,-0.06128670181853213,0.07292678680671015,0.0,0.0,0.0,0.0,1.0,1.0,,0.0,,False,,,7.0,18,0.14285714285714285,0.14285714285714285,0.14285714285714285,0.14285714285714285,0.14285714285714285,0.14285714285714285,0.14285714285714285,1.0878451084988776,1.105887779215494,1.080196082028685,1.0822397200349958,1.0007742934572201,0.9865996649916248,1.0035561877667143
equal_weight,11,9,101457.61795405406,0.0767562073282273,0.0767562073282273,0.0713691261376764,0.014366766965829503,0.08568685293370465,0.0,0.0,0.0,0.0,1.0,1.0,,0.0,,False,,,7.0,19,0.14285714285714285,0.14285714285714285,0.14285714285714285,0.14285714285714285,0.14285714285714285,0.14285714285714285,0.14285714285714285,1.0297288920628345,1.0344408881821956,1.0366536879752946,1.1059013742926436,1.085880077369439,1.2478777589134125,0.9968107725017719
equal_weight,11,10,104423.17482939022,0.029229514107842913,0.029229514107842913,0.02422518574571771,0.04235817227944805,0.07532439135801669,0.0,0.0,0.0,0.0,1.0,1.0,,0.0,,False,,,7.0,20,0.14285714285714285,0.14285714285714285,0.14285714285714285,0.14285714285714285,0.14285714285714285,0.14285714285714285,0.14285714285714285,1.0179242518378595,1.0261253529989354,1.0004892614601024,1.0303362573099413,1.0399002493765588,1.1047619047619048,0.9850693210095981
equal_weight,11,11,105736.09602223216,0.012573082507661981,0.012573082507661981,0.00901828620542751,0.05424917542847496,0.05745433887198806,0.0,0.0,0.0,0.0,1.0,1.0,,0.0,,False,,,7.0,21,0.14285714285714285,0.14285714285714285,0.14285714285714285,0.14285714285714285,0.14285714285714285,0.14285714285714285,0.14285714285714285,1.0393135068908235,1.0489629372043836,1.0256175982612805,1.038666193685704,0.984583761562179,0.9562807881773397,0.9945867917719236
equal_weight,11,12,99932.73052238632,-0.054885377067691365,-0.054885377067691365,-0.058463964024413166,-0.0006731475990102709,0.07083281993855864,0.0,0.0,0.0,0.0,1.0,1.0,,0.0,,False,,,7.0,22,0.14285714285714285,0.14285714285714285,0.14285714285714285,0.14285714285714285,0.14285714285714285,0.14285714285714285,0.14285714285714285,0.9342222757517478,0.9192601541484278,0.933144921461059,0.9316939890710383,0.9439805149617257,0.9175788795878945,1.0359216255442671
equal_weight,11,13,106050.10751632243,0.061214948915718104,0.061214948915718104,0.053955447269807694,0.0570495179874404,0.07534436633285962,0.0,0.0,0.0,0.0,1.0,1.0,,0.0,,False,,,7.0,23,0.14285714285714285,0.14285714285714285,0.14285714285714285,0.14285714285714285,0.14285714285714285,0.14285714285714285,0.14285714285714285,1.068930144367124,1.074208932789611,1.0719290343572334,1.0821114369501466,1.0269074824917066,1.0224561403508772,1.0819614711033276
equal_weight,11,14,107712.19566564409,0.015672668215502172,0.015672668215502172,0.0104542649033497,0.07160002280135469,0.08192479821129177,0.0,0.0,0.0,0.0,1.0,1.0,,0.0,,False,,,7.0,24,0.14285714285714285,0.14285714285714285,0.14285714285714285,0.14285714285714285,0.14285714285714285,0.14285714285714285,0.14285714285714285,1.0131281613727836,1.0211309798074761,1.0099364281396368,1.0027100271002711,1.007896625987078,1.037748798901853,1.0171576561994171
equal_weight,11,15,108199.63043930744,0.004525344327548808,0.004525344327548808,0.0007835572394584438,0.07578242555927095,0.0679769103691563,0.0,0.0,0.0,0.0,1.0,1.0,,0.0,,False,,,7.0,25,0.14285714285714285,0.14285714285714285,0.14285714285714285,0.14285714285714285,0.14285714285714285,0.14285714285714285,0.14285714285714285,0.9819083802034764,0.9740025585719445,0.9828400247399243,0.9851351351351353,0.9754273504273504,1.0244708994708993,1.1078930617441118
equal_weight,11,16,108833.56923140585,0.005858973727770778,0.005858973727770778,0.0026237679842689467,0.0811658507001971,0.055193143133144204,0.0,0.0,0.0,0.0,1.0,1.0,,0.0,,False,,,7.0,26,0.14285714285714285,0.14285714285714285,0.14285714285714285,0.14285714285714285,0.14285714285714285,0.14285714285714285,0.14285714285714285,1.0171811676906573,1.0045787328777878,1.0194502657857352,1.0099451303155005,1.0087623220153341,1.013557133634603,0.9675380637747775
equal_weight,11,17,110336.93031387878,0.01381339501304435,0.01381339501304435,0.009618186858582716,0.0936851359238744,0.058021967301891464,0.0,0.0,0.0,0.0,1.0,1.0,,0.0,,False,,,7.0,27,0.14285714285714285,0.14285714285714285,0.14285714285714285,0.14285714285714285,0.14285714285714285,0.14285714285714285,0.14285714285714285,1.0204317810759416,1.036630597940096,1.0048074160114426,1.0196943972835313,1.0007238508867176,1.024203821656051,0.9902019002375297
equal_weight,11,18,111166.1316372544,0.007515174846869144,0.007515174846869144,0.002929191176282896,0.1004454456838576,0.07662237167400622,0.0,0.0,0.0,0.0,1.0,1.0,,0.0,,False,,,7.0,28,0.14285714285714285,0.14285714285714285,0.14285714285714285,0.14285714285714285,0.14285714285714285,0.14285714285714285,0.14285714285714285,1.034047030048888,1.0449943420211207,1.037165241936394,0.9783549783549785,0.9924050632911392,0.9950248756218906,0.9706146926536732
equal_weight,11,19,115867.01944640167,0.04228705038047664,0.04228705038047664,0.03266846624624994,0.13694163811421345,0.07655452368211815,0.0,0.0,0.0,0.0,1.0,1.0,,0.0,,False,,,7.0,29,0.14285714285714285,0.14285714285714285,0.14285714285714285,0.14285714285714285,0.14285714285714285,0.14285714285714285,0.14285714285714285,1.028589803182445,1.0354429604664128,1.0173620255284004,1.0408441116405716,1.0557580174927113,1.08125,1.0367624343527957
equal_weight,11,20,116890.58413292724,0.008833960616368985,0.008833960616368985,0.0036717484822254443,0.1444990993775801,0.0777142556228241,0.0,0.0,0.0,0.0,1.0,1.0,,0.0,,False,,,7.0,30,0.14285714285714285,0.14285714285714285,0.14285714285714285,0.14285714285714285,0.14285714285714285,0.14285714285714285,0.14285714285714285,1.0293303784225487,1.0479104071466634,1.0217829114307377,0.9565075212557227,0.9206075250258889,1.0710982658959536,1.0146007151370682
equal_weight,11,21,112285.42680521164,-0.03939716241368629,-0.03939716241368629,-0.03838745006512615,0.10941247813506472,0.0660165764522154,0.0,0.0,0.0,0.0,1.0,1.0,,0.0,,False,,,7.0,31,0.14285714285714285,0.14285714285714285,0.14285714285714285,0.14285714285714285,0.14285714285714285,0.14285714285714285,0.14285714285714285,0.8883429458072976,0.9111819056684046,0.8713745250537601,0.9620512820512821,0.9591301087364079,1.0766324878575284,1.0555066079295152
equal_weight,11,22,102887.36743059287,-0.0836979440878125,-0.0836979440878125,-0.08480019497174601,0.028063381372263052,0.06902196417888684,0.0,0.0,0.0,0.0,1.0,1.0,,0.0,,False,,,7.0,32,0.14285714285714285,0.14285714285714285,0.14285714285714285,0.14285714285714285,0.14285714285714285,0.14285714285714285,0.14285714285714285,0.8748807130139254,0.8987705690454519,0.8625624855383022,0.9506041222459132,0.9378420641125881,0.8997493734335839,0.9897050639955481
equal_weight,11,23,112226.45536477832,0.09077001547819297,0.09077001547819297,0.07654101683192205,0.10894450265793143,0.08680208907492665,0.0,0.0,0.0,0.0,1.0,1.0,,0.0,,False,,,7.0,33,0.14285714285714285,0.14285714285714285,0.14285714285714285,0.14285714285714285,0.14285714285714285,0.14285714285714285,0.14285714285714285,1.1268440206437376,1.154471978877262,1.1108063488991609,1.0661682242990655,1.0220925385577322,1.1103064066852368,1.0447005903851563
equal_weight,11,24,114641.29901173041,0.0215175970683823,0.0215175970683823,0.01440239720713004,0.1277140013062158,0.0873420288230865,0.0,0.0,0.0,0.0,1.0,1.0,,0.0,,False,,,7.0,34,0.14285714285714285,0.14285714285714285,0.14285714285714285,0.14285714285714285,0.14285714285714285,0.14285714285714285,0.14285714285714285,1.0452818452385757,1.0675310126503827,1.0426107204951207,0.982468443197756,0.9755301794453507,1.0065228299046662,1.0306781485468246
equal_weight,12,1,102313.99393182965,0.0231399393182965,0.0231399393182965,0.018800986990812937,0.02261659273482597,0.0763121148802606,0.0,0.0,0.0,0.0,1.0,1.0,,0.0,,False,,,7.0,12,0.14285714285714285,0.14285714285714285,0.14285714285714285,0.14285714285714285,0.14285714285714285,0.14285714285714285,0.14285714285714285,1.0360215483535529,1.021502497143988,1.0471245506781481,1.0400801603206413,1.0360594795539033,0.9770341207349081,1.0041572184429328
equal_weight,12,2,101558.61802722338,-0.00738291875410102,-0.00738291875410102,-0.011223202749979923,0.015346979483371603,0.07907178997051113,0.0,0.0,0.0,0.0,1.0,1.0,,0.0,,False,,,7.0,13,0.14285714285714285,0.14285714285714285,0.14285714285714285,0.14285714285714285,0.14285714285714285,0.14285714285714285,0.14285714285714285,1.030263218631604,1.0570596953253422,1.0216260752256048,0.9703275529865124,0.9601722282023681,0.9194089993284082,0.9894617990214528
equal_weight,12,3,102908.59193763266,0.013292558885031447,0.013292558885031447,0.00906168767068674,0.02826383961599055,0.07710344923864412,0.0,0.0,0.0,0.0,1.0,1.0,,0.0,,False,,,7.0,14,0.14285714285714285,0.14285714285714285,0.14285714285714285,0.14285714285714285,0.14285714285714285,0.14285714285714285,0.14285714285714285,1.0042943009181393,0.992207955075134,1.0190061088156275,1.0559968228752978,1.046711509715994,0.9831994156318481,0.99163179916318
equal_weight,12,4,97066.93734598195,-0.05676547003180288,-0.05676547003180288,-0.06143789679445938,-0.030216907365311574,0.05914299626314517,0.0,0.0,0.0,0.0,1.0,1.0,,0.0,,False,,,7.0,15,0.14285714285714285,0.14285714285714285,0.14285714285714285,0.14285714285714285,0.14285714285714285,0.14285714285714285,0.14285714285714285,0.9305966410201849,0.9079768850724007,0.9492578825091647,0.9386987589319293,0.9339521599428774,0.9034175334323922,1.038741848868431
equal_weight,12,5,97896.88325213386,0.008550243047163342,0.008550243047163342,0.004718945569977849,-0.021482979621011644,0.0802996434864416,0.0,0.0,0.0,0.0,1.0,1.0,,0.0,,False,,,7.0,16,0.14285714285714285,0.14285714285714285,0.14285714285714285,0.14285714285714285,0.14285714285714285,0.14285714285714285,0.14285714285714285,1.0178593449224487,1.0033726303860246,1.0168301139748919,0.9911858974358975,0.9889143730886851,1.0394736842105263,1.002215657311669
equal_weight,12,6,92417.8180671282,-0.055967718307173286,-0.055967718307173286,-0.06377238671750099,-0.0820424252752261,0.06425882126573071,0.0,0.0,0.0,0.0,1.0,1.0,,0.0,,False,,,7.0,17,0.14285714285714285,0.14285714285714285,0.14285714285714285,0.14285714285714285,0.14285714285714285,0.14285714285714285,0.14285714285714285,0.9005749972130336,0.8982312353523753,0.906226913619528,0.9240097008892482,0.9984538074990336,0.9446202531645569,1.0361090641120116
equal_weight,12,7,97000.40622086672,0.04958554799908743,0.04958554799908743,0.04708404231735363,-0.030923517704691816,0.08069730506361296,0.0,0.0,0.0,0.0,1.0,1.0,,0.0,,False,,,7.0,18,0.14285714285714285,0.14285714285714285,0.14285714285714285,0.14285714285714285,0.14285714285714285,0.14285714285714285,0.14285714285714285,1.0878451084988776,1.105887779215494,1.080196082028685,1.0822397200349958,1.0007742934572201,0.9865996649916248,1.0035561877667143
equal_weight,12,8,104445.78951167784,0.0767562073282273,0.0767562073282273,0.06925250649155773,0.04256552162096272,0.08473065668193605,0.0,0.0,0.0,0.0,1.0,1.0,,0.0,,False,,,7.0,19,0.14285714285714285,0.14285714285714285,0.14285714285714285,0.14285714285714285,0.14285714285714285,0.14285714285714285,0.14285714285714285,1.0297288920628345,1.0344408881821956,1.0366536879752946,1.1059013742926436,1.085880077369439,1.2478777589134125,0.9968107725017719
equal_weight,12,9,107498.68918971422,0.029229514107842913,0.029229514107842913,0.023630068276405874,0.06975609885326595,0.07121017911794703,0.0,0.0,0.0,0.0,1.0,1.0,,0.0,,False,,,7.0,20,0.14285714285714285,0.14285714285714285,0.14285714285714285,0.14285714285714285,0.14285714285714285,0.14285714285714285,0.14285714285714285,1.0179242518378595,1.0261253529989354,1.0004892614601024,1.0303362573099413,1.0399002493765588,1.1047619047619048,0.9850693210095981
equal_weight,12,10,108850.279078362,0.012573082507661981,0.012573082507661981,0.008148719743568539,0.08130690296154985,0.06804168729430739,0.0,0.0,0.0,0.0,1.0,1.0,,0.0,,False,,,7.0,21,0.14285714285714285,0.14285714285714285,0.14285714285714285,0.14285714285714285,0.14285714285714285,0.14285714285714285,0.14285714285714285,1.0393135068908235,1.0489629372043836,1.0256175982612805,1.038666193685704,0.984583761562179,0.9562807881773397,0.9945867917719236
equal_weight,12,11,102875.99046722267,-0.054885377067691365,-0.054885377067691365,-0.05677498911069057,0.02795589577471902,0.06847963847719471,0.0,0.0,0.0,0.0,1.0,1.0,,0.0,,False,,,7.0,22,0.14285714285714285,0.14285714285714285,0.14285714285714285,0.14285714285714285,0.14285714285714285,0.14285714285714285,0.14285714285714285,0.9342222757517478,0.9192601541484278,0.933144921461059,0.9316939890710383,0.9439805149617257,0.9175788795878945,1.0359216255442671
equal_weight,12,12,109173.5389683276,0.061214948915718104,0.061214948915718104,0.052257084247749004,0.0840271283226326,0.07628296600329143,0.0,0.0,0.0,0.0,1.0,1.0,,0.0,,False,,,7.0,23,0.14285714285714285,0.14285714285714285,0.14285714285714285,0.14285714285714285,0.14285714285714285,0.14285714285714285,0.14285714285714285,1.068930144367124,1.074208932789611,1.0719290343572334,1.0821114369501466,1.0269074824917066,1.0224561403508772,1.0819614711033276
equal_weight,12,13,110884.57962249039,0.015672668215502172,0.015672668215502172,0.010195621928536572,0.09816134632558682,0.078771921488353,0.0,0.0,0.0,0.0,1.0,1.0,,0.0,,False,,,7.0,24,0.14285714285714285,0.14285714285714285,0.14285714285714285,0.14285714285714285,0.14285714285714285,0.14285714285714285,0.14285714285714285,1.0131281613727836,1.0211309798074761,1.0099364281396368,1.0027100271002711,1.007896625987078,1.037748798901853,1.0171576561994171
equal_weight,12,14,111386.37052589766,0.004525344327548808,0.004525344327548808,0.000452625205445251,0.10222409144079525,0.07220239819526363,0.0,0.0,0.0,0.0,1.0,1.0,,0.0,,False,,,7.0,25,0.14285714285714285,0.14285714285714285,0.14285714285714285,0.14285714285714285,0.14285714285714285,0.14285714285714285,0.14285714285714285,0.9819083802034764,0.9740025585719445,0.9828400247399243,0.9851351351351353,0.9754273504273504,1.0244708994708993,1.1078930617441118
equal_weight,12,15,112038.98034444063,0.005858973727770778,0.005858973727770778,0.0021539411727010574,0.10745349794713654,0.061509306672804735,0.0,0.0,0.0,0.0,1.0,1.0,,0.0,,False,,,7.0,26,0.14285714285714285,0.14285714285714285,0.14285714285714285,0.14285714285714285,0.14285714285714285,0.14285714285714285,0.14285714285714285,1.0171811676906573,1.0045787328777878,1.0194502657857352,1.0099451303155005,1.0087623220153341,1.013557133634603,0.9675380637747775
equal_weight,12,16,113586.6190367971,0.01381339501304435,0.01381339501304435,0.00914307859475828,0.11961460911514255,0.0603606514649544,0.0,0.0,0.0,0.0,1.0,1.0,,0.0,,False,,,7.0,27,0.14285714285714285,0.14285714285714285,0.14285714285714285,0.14285714285714285,0.14285714285714285,0.14285714285714285,0.14285714285714285,1.0204317810759416,1.036630597940096,1.0048074160114426,1.0196943972835313,1.0007238508867176,1.024203821656051,0.9902019002375297
equal_weight,12,17,114440.24233912335,0.007515174846869144,0.007515174846869144,0.003706074088053127,0.12618150786794258,0.0572164932949381,0.0,0.0,0.0,0.0,1.0,1.0,,0.0,,False,,,7.0,28,0.14285714285714285,0.14285714285714285,0.14285714285714285,0.14285714285714285,0.14285714285714285,0.14285714285714285,0.14285714285714285,1.034047030048888,1.0449943420211207,1.037165241936394,0.9783549783549785,0.9924050632911392,0.9950248756218906,0.9706146926536732
equal_weight,12,18,119279.58263247181,0.04228705038047664,0.04228705038047664,0.03158567735282258,0.1616335520880945,0.07732733734658655,0.0,0.0,0.0,0.0,1.0,1.0,,0.0,,False,,,7.0,29,0.14285714285714285,0.14285714285714285,0.14285714285714285,0.14285714285714285,0.14285714285714285,0.14285714285714285,0.14285714285714285,1.028589803182445,1.0354429604664128,1.0173620255284004,1.0408441116405716,1.0557580174927113,1.08125,1.0367624343527957
equal_weight,12,19,120333.293767784,0.008833960616368985,0.008833960616368985,0.0037016970208605788,0.16897479601134036,0.07279093804770574,0.0,0.0,0.0,0.0,1.0,1.0,,0.0,,False,,,7.0,30,0.14285714285714285,0.14285714285714285,0.14285714285714285,0.14285714285714285,0.14285714285714285,0.14285714285714285,0.14285714285714285,1.0293303784225487,1.0479104071466634,1.0217829114307377,0.9565075212557227,0.9206075250258889,1.0710982658959536,1.0146007151370682
equal_weight,12,20,115592.50344944079,-0.03939716241368629,-0.03939716241368629,-0.037278410381894535,0.13489199545073283,0.06391219642574009,0.0,0.0,0.0,0.0,1.0,1.0,,0.0,,False,,,7.0,31,0.14285714285714285,0.14285714285714285,0.14285714285714285,0.14285714285714285,0.14285714285714285,0.14285714285714285,0.14285714285714285,0.8883429458072976,0.9111819056684046,0.8713745250537601,0.9620512820512821,0.9591301087364079,1.0766324878575284,1.0555066079295152
equal_weight,12,21,105917.64855875922,-0.0836979440878125,-0.0836979440878125,-0.08241854494205064,0.05587027883720752,0.06793656657050685,0.0,0.0,0.0,0.0,1.0,1.0,,0.0,,False,,,7.0,32,0.14285714285714285,0.14285714285714285,0.14285714285714285,0.14285714285714285,0.14285714285714285,0.14285714285714285,0.14285714285714285,0.8748807130139254,0.8987705690454519,0.8625624855383022,0.9506041222459132,0.9378420641125881,0.8997493734335839,0.9897050639955481
equal_weight,12,22,115531.7951578516,0.09077001547819297,0.09077001547819297,0.07412765407428945,0.13443740865127585,0.0887895147955776,0.0,0.0,0.0,0.0,1.0,1.0,,0.0,,False,,,7.0,33,0.14285714285714285,0.14285714285714285,0.14285714285714285,0.14285714285714285,0.14285714285714285,0.14285714285714285,0.14285714285714285,1.1268440206437376,1.154471978877262,1.1108063488991609,1.0661682242990655,1.0220925385577322,1.1103064066852368,1.0447005903851563
equal_weight,12,23,118017.76177464513,0.0215175970683823,0.0215175970683823,0.013403146803372885,0.15266991598307078,0.09658721056844097,0.0,0.0,0.0,0.0,1.0,1.0,,0.0,,False,,,7.0,34,0.14285714285714285,0.14285714285714285,0.14285714285714285,0.14285714285714285,0.14285714285714285,0.14285714285714285,0.14285714285714285,1.0452818452385757,1.0675310126503827,1.0426107204951207,0.982468443197756,0.9755301794453507,1.0065228299046662,1.0306781485468246
equal_weight,12,24,124148.11535399292,0.051944330134422456,0.051944330134422456,0.03813964485122284,0.1945105270840204,0.07401932499453541,0.0,0.0,0.0,0.0,1.0,1.0,,0.0,,False,,,7.0,35,0.14285714285714285,0.14285714285714285,0.14285714285714285,0.14285714285714285,0.14285714285714285,0.14285714285714285,0.14285714285714285,1.0183883698313119,1.0599512631895773,1.0169313969075835,1.0549607423269096,1.023829431438127,1.175972083748754,1.0135770234986945
equal_weight,13,1,99261.7081245899,-0.00738291875410102,-0.00738291875410102,-0.01066575957466003,-0.007437831660960681,0.06455855827398699,0.0,0.0,0.0,0.0,1.0,1.0,,0.0,,False,,,7.0,13,0.14285714285714285,0.14285714285714285,0.14285714285714285,0.14285714285714285,0.14285714285714285,0.14285714285714285,0.14285714285714285,1.030263218631604,1.0570596953253422,1.0216260752256048,0.9703275529865124,0.9601722282023681,0.9194089993284082,0.9894617990214528
equal_weight,13,2,100581.15022486482,0.013292558885031447,0.013292558885031447,0.009473186709265311,0.005777923831310039,0.07485137566010816,0.0,0.0,0.0,0.0,1.0,1.0,,0.0,,False,,,7.0,14,0.14285714285714285,0.14285714285714285,0.14285714285714285,0.14285714285714285,0.14285714285714285,0.14285714285714285,0.14285714285714285,1.0042943009181393,0.992207955075134,1.0190061088156275,1.0559968228752978,1.046711509715994,0.9831994156318481,0.99163179916318
equal_weight,13,3,94871.61395601099,-0.05676547003180288,-0.05676547003180288,-0.06325291089774397,-0.05405606408642827,0.06837845960011318,0.0,0.0,0.0,0.0,1.0,1.0,,0.0,,False,,,7.0,15,0.14285714285714285,0.14285714285714285,0.14285714285714285,0.14285714285714285,0.14285714285714285,0.14285714285714285,0.14285714285714285,0.9305966410201849,0.9079768850724007,0.9492578825091647,0.9386987589319293,0.9339521599428774,0.9034175334323922,1.038741848868431
equal_weight,13,4,95682.78931361153,0.008550243047163342,0.008550243047163342,0.005222288365929908,-0.045120033784114666,0.07427483872767389,0.0,0.0,0.0,0.0,1.0,1.0,,0.0,,False,,,7.0,16,0.14285714285714285,0.14285714285714285,0.14285714285714285,0.14285714285714285,0.14285714285714285,0.14285714285714285,0.14285714285714285,1.0178593449224487,1.0033726303860246,1.0168301139748919,0.9911858974358975,0.9889143730886851,1.0394736842105263,1.002215657311669
equal_weight,13,5,90327.64191446271,-0.055967718307173286,-0.055967718307173286,-0.0648506382569892,-0.10708082133591712,0.057797014103734695,0.0,0.0,0.0,0.0,1.0,1.0,,0.0,,False,,,7.0,17,0.14285714285714285,0.14285714285714285,0.14285714285714285,0.14285714285714285,0.14285714285714285,0.14285714285714285,0.14285714285714285,0.9005749972130336,0.8982312353523753,0.906226913619528,0.9240097008892482,0.9984538074990336,0.9446202531645569,1.0361090641120116
equal_weight,13,6,94806.58753825669,0.04958554799908743,0.04958554799908743,0.04837493319060171,-0.054779025346183285,0.07853725598264247,0.0,0.0,0.0,0.0,1.0,1.0,,0.0,,False,,,7.0,18,0.14285714285714285,0.14285714285714285,0.14285714285714285,0.14285714285714285,0.14285714285714285,0.14285714285714285,0.14285714285714285,1.0878451084988776,1.105887779215494,1.080196082028685,1.0822397200349958,1.0007742934572201,0.9865996649916248,1.0035561877667143
equal_weight,13,7,102083.58162742485,0.0767562073282273,0.0767562073282273,0.0715005946146016,0.020410545890026888,0.07377953243217122,0.0,0.0,0.0,0.0,1.0,1.0,,0.0,,False,,,7.0,19,0.14285714285714285,0.14285714285714285,0.14285714285714285,0.14285714285714285,0.14285714285714285,0.14285714285714285,0.14285714285714285,1.0297288920628345,1.0344408881821956,1.0366536879752946,1.1059013742926436,1.085880077369439,1.2478777589134125,0.9968107725017719
equal_weight,13,8,105067.4351167828,0.029229514107842913,0.029229514107842913,0.02417356215960683,0.04823031142951506,0.07292406759762687,0.0,0.0,0.0,0.0,1.0,1.0,,0.0,,False,,,7.0,20,0.14285714285714285,0.14285714285714285,0.14285714285714285,0.14285714285714285,0.14285714285714285,0.14285714285714285,0.14285714285714285,1.0179242518378595,1.0261253529989354,1.0004892614601024,1.0303362573099413,1.0399002493765588,1.1047619047619048,0.9850693210095981
equal_weight,13,9,106388.45664737454,0.012573082507661981,0.012573082507661981,0.008110728525409543,0.06004840044394222,0.0741472097803523,0.0,0.0,0.0,0.0,1.0,1.0,,0.0,,False,,,7.0,21,0.14285714285714285,0.14285714285714285,0.14285714285714285,0.14285714285714285,0.14285714285714285,0.14285714285714285,0.14285714285714285,1.0393135068908235,1.0489629372043836,1.0256175982612805,1.038666193685704,0.984583761562179,0.9562807881773397,0.9945867917719236
equal_weight,13,10,100549.28608863364,-0.054885377067691365,-0.054885377067691365,-0.058156744228265285,0.005462854188238109,0.07142395945122346,0.0,0.0,0.0,0.0,1.0,1.0,,0.0,,False,,,7.0,22,0.14285714285714285,0.14285714285714285,0.14285714285714285,0.14285714285714285,0.14285714285714285,0.14285714285714285,0.14285714285714285,0.9342222757517478,0.9192601541484278,0.933144921461059,0.9316939890710383,0.9439805149617257,0.9175788795878945,1.0359216255442671
equal_weight,13,11,106704.40550006127,0.061214948915718104,0.061214948915718104,0.053567123118503236,0.06283157165481246,0.0760318869614222,0.0,0.0,0.0,0.0,1.0,1.0,,0.0,,False,,,7.0,23,0.14285714285714285,0.14285714285714285,0.14285714285714285,0.14285714285714285,0.14285714285714285,0.14285714285714285,0.14285714285714285,1.068930144367124,1.074208932789611,1.0719290343572334,1.0821114369501466,1.0269074824917066,1.0224561403508772,1.0819614711033276
equal_weight,13,12,108376.74824459614,0.015672668215502172,0.015672668215502172,0.010596955393894159,0.07729285460466662,0.07728655111920003,0.0,0.0,0.0,0.0,1.0,1.0,,0.0,,False,,,7.0,24,0.14285714285714285,0.14285714285714285,0.14285714285714285,0.14285714285714285,0.14285714285714285,0.14285714285714285,0.14285714285714285,1.0131281613727836,1.0211309798074761,1.0099364281396368,1.0027100271002711,1.007896625987078,1.037748798901853,1.0171576561994171
equal_weight,13,13,108867.190347503,0.004525344327548808,0.004525344327548808,0.0009472121414576453,0.08144961139530671,0.06419089298364894,0.0,0.0,0.0,0.0,1.0,1.0,,0.0,,False,,,7.0,25,0.14285714285714285,0.14285714285714285,0.14285714285714285,0.14285714285714285,0.14285714285714285,0.14285714285714285,0.14285714285714285,0.9819083802034764,0.9740025585719445,0.9828400247399243,0.9851351351351353,0.9754273504273504,1.0244708994708993,1.1078930617441118
equal_weight,13,14,109505.04035556524,0.005858973727770778,0.005858973727770778,0.0025074955423502335,0.08680002605087567,0.05685838226437449,0.0,0.0,0.0,0.0,1.0,1.0,,0.0,,False,,,7.0,26,0.14285714285714285,0.14285714285714285,0.14285714285714285,0.14285714285714285,0.14285714285714285,0.14285714285714285,0.14285714285714285,1.0171811676906573,1.0045787328777878,1.0194502657857352,1.0099451303155005,1.0087623220153341,1.013557133634603,0.9675380637747775
equal_weight,13,15,111017.67673391603,0.01381339501304435,0.01381339501304435,0.009164252590285343,0.09924254459335224,0.06556531904382468,0.0,0.0,0.0,0.0,1.0,1.0,,0.0,,False,,,7.0,27,0.14285714285714285,0.14285714285714285,0.14285714285714285,0.14285714285714285,0.14285714285714285,0.14285714285714285,0.14285714285714285,1.0204317810759416,1.036630597940096,1.0048074160114426,1.0196943972835313,1.0007238508867176,1.024203821656051,0.9902019002375297
equal_weight,13,16,111851.99398566461,0.007515174846869144,0.007515174846869144,0.00320428529553428,0.10596140098480145,0.07029142191829843,0.0,0.0,0.0,0.0,1.0,1.0,,0.0,,False,,,7.0,28,0.14285714285714285,0.14285714285714285,0.14285714285714285,0.14285714285714285,0.14285714285714285,0.14285714285714285,0.14285714285714285,1.034047030048888,1.0449943420211207,1.037165241936394,0.9783549783549785,0.9924050632911392,0.9950248756218906,0.9706146926536732
equal_weight,13,17,116581.88489049318,0.04228705038047664,0.04228705038047664,0.03289014034756817,0.14223380335691727,0.06764524049095298,0.0,0.0,0.0,0.0,1.0,1.0,,0.0,,False,,,7.0,29,0.14285714285714285,0.14285714285714285,0.14285714285714285,0.14285714285714285,0.14285714285714285,0.14285714285714285,0.14285714285714285,1.028589803182445,1.0354429604664128,1.0173620255284004,1.0408441116405716,1.0557580174927113,1.08125,1.0367624343527957
equal_weight,13,18,117611.76467019787,0.008833960616368985,0.008833960616368985,0.004273920124562089,0.14974492321906796,0.06474399475177212,0.0,0.0,0.0,0.0,1.0,1.0,,0.0,,False,,,7.0,30,0.14285714285714285,0.14285714285714285,0.14285714285714285,0.14285714285714285,0.14285714285714285,0.14285714285714285,0.14285714285714285,1.0293303784225487,1.0479104071466634,1.0217829114307377,0.9565075212557227,0.9206075250258889,1.0710982658959536,1.0146007151370682
equal_weight,13,19,112978.19487572584,-0.03939716241368629,-0.03939716241368629,-0.038867954098041654,0.11487344872169047,0.07992959201328337,0.0,0.0,0.0,0.0,1.0,1.0,,0.0,,False,,,7.0,31,0.14285714285714285,0.14285714285714285,0.14285714285714285,0.14285714285714285,0.14285714285714285,0.14285714285714285,0.14285714285714285,0.8883429458072976,0.9111819056684046,0.8713745250537601,0.9620512820512821,0.9591301087364079,1.0766324878575284,1.0555066079295152
equal_weight,13,20,103522.15223787534,-0.0836979440878125,-0.0836979440878125,-0.08487822937753792,0.03402317438090041,0.08055910073495709,0.0,0.0,0.0,0.0,1.0,1.0,,0.0,,False,,,7.0,32,0.14285714285714285,0.14285714285714285,0.14285714285714285,0.14285714285714285,0.14285714285714285,0.14285714285714285,0.14285714285714285,0.8748807130139254,0.8987705690454519,0.8625624855383022,0.9506041222459132,0.9378420641125881,0.8997493734335839,0.9897050639955481
equal_weight,13,21,112918.85959884313,0.09077001547819297,0.09077001547819297,0.0759074094360741,0.1144083428112791,0.08955517988609157,0.0,0.0,0.0,0.0,1.0,1.0,,0.0,,False,,,7.0,33,0.14285714285714285,0.14285714285714285,0.14285714285714285,0.14285714285714285,0.14285714285714285,0.14285714285714285,0.14285714285714285,1.1268440206437376,1.154471978877262,1.1108063488991609,1.0661682242990655,1.0220925385577322,1.1103064066852368,1.0447005903851563
equal_weight,13,22,115348.60212111227,0.0215175970683823,0.0215175970683823,0.013297618637423958,0.13306274925635198,0.10713575615297843,0.0,0.0,0.0,0.0,1.0,1.0,,0.0,,False,,,7.0,34,0.14285714285714285,0.14285714285714285,0.14285714285714285,0.14285714285714285,0.14285714285714285,0.14285714285714285,0.14285714285714285,1.0452818452385757,1.0675310126503827,1.0426107204951207,0.982468443197756,0.9755301794453507,1.0065228299046662,1.0306781485468246
equal_weight,13,23,121340.30799023547,0.051944330134422456,0.051944330134422456,0.0388667958227764,0.17587154955921802,0.07884008960179298,0.0,0.0,0.0,0.0,1.0,1.0,,0.0,,False,,,7.0,35,0.14285714285714285,0.14285714285714285,0.14285714285714285,0.14285714285714285,0.14285714285714285,0.14285714285714285,0.14285714285714285,1.0183883698313119,1.0599512631895773,1.0169313969075835,1.0549607423269096,1.023829431438127,1.175972083748754,1.0135770234986945
equal_weight,13,24,131435.64426951078,0.08319853844517766,0.08319853844517766,0.059313311118768766,0.2391713788464529,0.07973036336932222,0.0,0.0,0.0,0.0,1.0,1.0,,0.0,,False,,,7.0,36,0.14285714285714285,0.14285714285714285,0.14285714285714285,0.14285714285714285,0.14285714285714285,0.14285714285714285,0.14285714285714285,1.0551013292304916,1.0682486990147664,1.0238423367924046,1.11468200270636,1.0955492037566352,1.1479440440864774,1.0770221535291085
equal_weight,14,1,101329.25588850315,0.013292558885031447,0.013292558885031447,0.009636593075196983,0.013118184643197028,0.0696318313600009,0.0,0.0,0.0,0.0,1.0,1.0,,0.0,,False,,,7.0,14,0.14285714285714285,0.14285714285714285,0.14285714285714285,0.14285714285714285,0.14285714285714285,0.14285714285714285,0.14285714285714285,1.0042943009181393,0.992207955075134,1.0190061088156275,1.0559968228752978,1.046711509715994,0.9831994156318481,0.99163179916318
equal_weight,14,2,95577.25305001944,-0.05676547003180288,-0.05676547003180288,-0.06292752816636116,-0.04627405380301064,0.07070579440306989,0.0,0.0,0.0,0.0,1.0,1.0,,0.0,,False,,,7.0,15,0.14285714285714285,0.14285714285714285,0.14285714285714285,0.14285714285714285,0.14285714285714285,0.14285714285714285,0.14285714285714285,0.9305966410201849,0.9079768850724007,0.9492578825091647,0.9386987589319293,0.9339521599428774,0.9034175334323922,1.038741848868431
equal_weight,14,3,96394.46179337734,0.008550243047163342,0.008550243047163342,0.004706045569292218,-0.03740399748640311,0.08328021494630629,0.0,0.0,0.0,0.0,1.0,1.0,,0.0,,False,,,7.0,16,0.14285714285714285,0.14285714285714285,0.14285714285714285,0.14285714285714285,0.14285714285714285,0.14285714285714285,0.14285714285714285,1.0178593449224487,1.0033726303860246,1.0168301139748919,0.9911858974358975,0.9889143730886851,1.0394736842105263,1.002215657311669
equal_weight,14,4,90999.48370935403,-0.055967718307173286,-0.055967718307173286,-0.06505282399524609,-0.0989073335777706,0.07098975807757205,0.0,0.0,0.0,0.0,1.0,1.0,,0.0,,False,,,7.0,17,0.14285714285714285,0.14285714285714285,0.14285714285714285,0.14285714285714285,0.14285714285714285,0.14285714285714285,0.14285714285714285,0.9005749972130336,0.8982312353523753,0.906226913619528,0.9240097008892482,0.9984538074990336,0.9446202531645569,1.0361090641120116
equal_weight,14,5,95511.74297671637,0.04958554799908743,0.04958554799908743,0.04749142572568997,-0.0469916774985224,0.08848460707116444,0.0,0.0,0.0,0.0,1.0,1.0,,0.0,,False,,,7.0,18,0.14285714285714285,0.14285714285714285,0.14285714285714285,0.14285714285714285,0.14285714285714285,0.14285714285714285,0.14285714285714285,1.0878451084988776,1.105887779215494,1.080196082028685,1.0822397200349958,1.0007742934572201,0.9865996649916248,1.0035561877667143
equal_weight,14,6,102842.86212291758,0.0767562073282273,0.0767562073282273,0.07001358725280811,0.02764277524209502,0.09241730975618609,0.0,0.0,0.0,0.0,1.0,1.0,,0.0,,False,,,7.0,19,0.14285714285714285,0.14285714285714285,0.14285714285714285,0.14285714285714285,0.14285714285714285,0.14285714285714285,0.14285714285714285,1.0297288920628345,1.0344408881821956,1.0366536879752946,1.1059013742926436,1.085880077369439,1.2478777589134125,0.9968107725017719
equal_weight,14,7,105848.90901223035,0.029229514107842913,0.029229514107842913,0.022768535684066053,0.05525714971284712,0.09691677573372093,0.0,0.0,0.0,0.0,1.0,1.0,,0.0,,False,,,7.0,20,0.14285714285714285,0.14285714285714285,0.14285714285714285,0.14285714285714285,0.14285714285714285,0.14285714285714285,0.14285714285714285,1.0179242518378595,1.0261253529989354,1.0004892614601024,1.0303362573099413,1.0399002493765588,1.1047619047619048,0.9850693210095981
equal_weight,14,8,107179.75607858712,0.012573082507661981,0.012573082507661981,0.008297008273626911,0.06698798673625195,0.06867657499555835,0.0,0.0,0.0,0.0,1.0,1.0,,0.0,,False,,,7.0,21,0.14285714285714285,0.14285714285714285,0.14285714285714285,0.14285714285714285,0.14285714285714285,0.14285714285714285,0.14285714285714285,1.0393135068908235,1.0489629372043836,1.0256175982612805,1.038666193685704,0.984583761562179,0.9562807881773397,0.9945867917719236
equal_weight,14,9,101297.15475219068,-0.054885377067691365,-0.054885377067691365,-0.057564491427984435,0.012805441133701967,0.06763891650868901,0.0,0.0,0.0,0.0,1.0,1.0,,0.0,,False,,,7.0,22,0.14285714285714285,0.14285714285714285,0.14285714285714285,0.14285714285714285,0.14285714285714285,0.14285714285714285,0.14285714285714285,0.9342222757517478,0.9192601541484278,0.933144921461059,0.9316939890710383,0.9439805149617257,0.9175788795878945,1.0359216255442671
equal_weight,14,10,107498.05490565363,0.061214948915718104,0.061214948915718104,0.053089196384661426,0.06975061002019378,0.07711945003660779,0.0,0.0,0.0,0.0,1.0,1.0,,0.0,,False,,,7.0,23,0.14285714285714285,0.14285714285714285,0.14285714285714285,0.14285714285714285,0.14285714285714285,0.14285714285714285,0.14285714285714285,1.068930144367124,1.074208932789611,1.0719290343572334,1.0821114369501466,1.0269074824917066,1.0224561403508772,1.0819614711033276
equal_weight,14,11,109182.83625400177,0.015672668215502172,0.015672668215502172,0.009568698317700026,0.08410512649294921,0.09571636310110804,0.0,0.0,0.0,0.0,1.0,1.0,,0.0,,False,,,7.0,24,0.14285714285714285,0.14285714285714285,0.14285714285714285,0.14285714285714285,0.14285714285714285,0.14285714285714285,0.14285714285714285,1.0131281613727836,1.0211309798074761,1.0099364281396368,1.0027100271002711,1.007896625987078,1.037748798901853,1.0171576561994171
equal_weight,14,12,109676.9261827095,0.004525344327548808,0.004525344327548808,0.0004797700963411738,0.08823119428592319,0.07292595393265602,0.0,0.0,0.0,0.0,1.0,1.0,,0.0,,False,,,7.0,25,0.14285714285714285,0.14285714285714285,0.14285714285714285,0.14285714285714285,0.14285714285714285,0.14285714285714285,0.14285714285714285,0.9819083802034764,0.9740025585719445,0.9828400247399243,0.9851351351351353,0.9754273504273504,1.0244708994708993,1.1078930617441118
equal_weight,14,13,110319.52041175665,0.005858973727770778,0.005858973727770778,0.0020733509666068495,0.09354210726478929,0.06475124024518501,0.0,0.0,0.0,0.0,1.0,1.0,,0.0,,False,,,7.0,26,0.14285714285714285,0.14285714285714285,0.14285714285714285,0.14285714285714285,0.14285714285714285,0.14285714285714285,0.14285714285714285,1.0171811676906573,1.0045787328777878,1.0194502657857352,1.0099451303155005,1.0087623220153341,1.013557133634603,0.9675380637747775
equal_weight,14,14,111843.40752485384,0.01381339501304435,0.01381339501304435,0.009574320397305184,0.10589276370377043,0.055526720833519214,0.0,0.0,0.0,0.0,1.0,1.0,,0.0,,False,,,7.0,27,0.14285714285714285,0.14285714285714285,0.14285714285714285,0.14285714285714285,0.14285714285714285,0.14285714285714285,0.14285714285714285,1.0204317810759416,1.036630597940096,1.0048074160114426,1.0196943972835313,1.0007238508867176,1.024203821656051,0.9902019002375297
equal_weight,14,15,112683.93028787276,0.007515174846869144,0.007515174846869144,0.0034833885158370727,0.11256201532436094,0.06371726209506876,0.0,0.0,0.0,0.0,1.0,1.0,,0.0,,False,,,7.0,28,0.14285714285714285,0.14285714285714285,0.14285714285714285,0.14285714285714285,0.14285714285714285,0.14285714285714285,0.14285714285714285,1.034047030048888,1.0449943420211207,1.037165241936394,0.9783549783549785,0.9924050632911392,0.9950248756218906,0.9706146926536732
equal_weight,14,16,117449.00132502615,0.04228705038047664,0.04228705038047664,0.03287815428462507,0.1485666214967475,0.06252903775522939,0.0,0.0,0.0,0.0,1.0,1.0,,0.0,,False,,,7.0,29,0.14285714285714285,0.14285714285714285,0.14285714285714285,0.14285714285714285,0.14285714285714285,0.14285714285714285,0.14285714285714285,1.028589803182445,1.0354429604664128,1.0173620255284004,1.0408441116405716,1.0557580174927113,1.08125,1.0367624343527957
equal_weight,14,17,118486.54117716331,0.008833960616368985,0.008833960616368985,0.0037335852862810906,0.1560222873712035,0.07444161176349834,0.0,0.0,0.0,0.0,1.0,1.0,,0.0,,False,,,7.0,30,0.14285714285714285,0.14285714285714285,0.14285714285714285,0.14285714285714285,0.14285714285714285,0.14285714285714285,0.14285714285714285,1.0293303784225487,1.0479104071466634,1.0217829114307377,0.9565075212557227,0.9206075250258889,1.0710982658959536,1.0146007151370682
equal_weight,14,18,113818.50767057067,-0.03939716241368629,-0.03939716241368629,-0.037885745318638864,0.12140826613687561,0.06543448168621956,0.0,0.0,0.0,0.0,1.0,1.0,,0.0,,False,,,7.0,31,0.14285714285714285,0.14285714285714285,0.14285714285714285,0.14285714285714285,0.14285714285714285,0.14285714285714285,0.14285714285714285,0.8883429458072976,0.9111819056684046,0.8713745250537601,0.9620512820512821,0.9591301087364079,1.0766324878575284,1.0555066079295152
equal_weight,14,19,104292.13257940099,-0.0836979440878125,-0.0836979440878125,-0.08351997553616447,0.04115490280279055,0.06533224404158812,0.0,0.0,0.0,0.0,1.0,1.0,,0.0,,False,,,7.0,32,0.14285714285714285,0.14285714285714285,0.14285714285714285,0.14285714285714285,0.14285714285714285,0.14285714285714285,0.14285714285714285,0.8748807130139254,0.8987705690454519,0.8625624855383022,0.9506041222459132,0.9378420641125881,0.8997493734335839,0.9897050639955481
equal_weight,14,20,113758.73106788697,0.09077001547819297,0.09077001547819297,0.07527617770981239,0.12094659406561303,0.0903102710602018,0.0,0.0,0.0,0.0,1.0,1.0,,0.0,,False,,,7.0,33,0.14285714285714285,0.14285714285714285,0.14285714285714285,0.14285714285714285,0.14285714285714285,0.14285714285714285,0.14285714285714285,1.1268440206437376,1.154471978877262,1.1108063488991609,1.0661682242990655,1.0220925385577322,1.1103064066852368,1.0447005903851563
equal_weight,14,21,116206.54560601623,0.0215175970683823,0.0215175970683823,0.014268156087436222,0.139463276543496,0.0849705278089348,0.0,0.0,0.0,0.0,1.0,1.0,,0.0,,False,,,7.0,34,0.14285714285714285,0.14285714285714285,0.14285714285714285,0.14285714285714285,0.14285714285714285,0.14285714285714285,0.14285714285714285,1.0452818452385757,1.0675310126503827,1.0426107204951207,0.982468443197756,0.9755301794453507,1.0065228299046662,1.0306781485468246
equal_weight,14,22,122242.81677475595,0.051944330134422456,0.051944330134422456,0.03935319051711183,0.18195602295176538,0.0627911178231512,0.0,0.0,0.0,0.0,1.0,1.0,,0.0,,False,,,7.0,35,0.14285714285714285,0.14285714285714285,0.14285714285714285,0.14285714285714285,0.14285714285714285,0.14285714285714285,0.14285714285714285,1.0183883698313119,1.0599512631895773,1.0169313969075835,1.0549607423269096,1.023829431438127,1.175972083748754,1.0135770234986945
equal_weight,14,23,132413.2404658373,0.08319853844517766,0.08319853844517766,0.0592623577316137,0.24478851474222418,0.0714026811769019,0.0,0.0,0.0,0.0,1.0,1.0,,0.0,,False,,,7.0,36,0.14285714285714285,0.14285714285714285,0.14285714285714285,0.14285714285714285,0.14285714285714285,0.14285714285714285,0.14285714285714285,1.0551013292304916,1.0682486990147664,1.0238423367924046,1.11468200270636,1.0955492037566352,1.1479440440864774,1.0770221535291085
equal_weight,14,24,137407.72974666598,0.037718956678786775,0.037718956678786775,0.022898359135462325,0.2722389039949452,0.09104060234517411,0.0,0.0,0.0,0.0,1.0,1.0,,0.0,,False,,,7.0,37,0.14285714285714285,0.14285714285714285,0.14285714285714285,0.14285714285714285,0.14285714285714285,0.14285714285714285,0.14285714285714285,1.0700646851823017,1.0958744957492952,1.07574187376562,1.0303490136570561,1.039508013417816,0.9737813884785819,0.9787132265008371
equal_weight,15,1,94323.45299681972,-0.05676547003180288,-0.05676547003180288,-0.06352590630233895,-0.06018171327306776,0.06688386058542373,0.0,0.0,0.0,0.0,1.0,1.0,,0.0,,False,,,7.0,15,0.14285714285714285,0.14285714285714285,0.14285714285714285,0.14285714285714285,0.14285714285714285,0.14285714285714285,0.14285714285714285,0.9305966410201849,0.9079768850724007,0.9492578825091647,0.9386987589319293,0.9339521599428774,0.9034175334323922,1.038741848868431
equal_weight,15,2,95129.94144499021,0.008550243047163342,0.008550243047163342,0.005257071807136795,-0.05119375121055825,0.07461780510745436,0.0,0.0,0.0,0.0,1.0,1.0,,0.0,,False,,,7.0,16,0.14285714285714285,0.14285714285714285,0.14285714285714285,0.14285714285714285,0.14285714285714285,0.14285714285714285,0.14285714285714285,1.0178593449224487,1.0033726303860246,1.0168301139748919,0.9911858974358975,0.9889143730886851,1.0394736842105263,1.002215657311669
equal_weight,15,3,89805.73567961912,-0.055967718307173286,-0.055967718307173286,-0.06608786087665544,-0.11351462401854606,0.07533976137335249,0.0,0.0,0.0,0.0,1.0,1.0,,0.0,,False,,,7.0,17,0.14285714285714285,0.14285714285714285,0.14285714285714285,0.14285714285714285,0.14285714285714285,0.14285714285714285,0.14285714285714285,0.9005749972130336,0.8982312353523753,0.906226913619528,0.9240097008892482,0.9984538074990336,0.9446202531645569,1.0361090641120116
equal_weight,15,4,94258.80229675423,0.04958554799908743,0.04958554799908743,0.04884912311742053,-0.060908876023809455,0.07513249754632144,0.0,0.0,0.0,0.0,1.0,1.0,,0.0,,False,,,7.0,18,0.14285714285714285,0.14285714285714285,0.14285714285714285,0.14285714285714285,0.14285714285714285,0.14285714285714285,0.14285714285714285,1.0878451084988776,1.105887779215494,1.080196082028685,1.0822397200349958,1.0007742934572201,0.9865996649916248,1.0035561877667143
equal_weight,15,5,101493.7504683543,0.0767562073282273,0.0767562073282273,0.0715198161622599,0.014717659574714825,0.0821343887252875,0.0,0.0,0.0,0.0,1.0,1.0,,0.0,,False,,,7.0,19,0.14285714285714285,0.14285714285714285,0.14285714285714285,0.14285714285714285,0.14285714285714285,0.14285714285714285,0.14285714285714285,1.0297288920628345,1.0344408881821956,1.0366536879752946,1.1059013742926436,1.085880077369439,1.2478777589134125,0.9968107725017719
equal_weight,15,6,104460.36347952695,0.029229514107842913,0.029229514107842913,0.023811483310589014,0.042699099744192615,0.08339913717777551,0.0,0.0,0.0,0.0,1.0,1.0,,0.0,,False,,,7.0,20,0.14285714285714285,0.14285714285714285,0.14285714285714285,0.14285714285714285,0.14285714285714285,0.14285714285714285,0.14285714285714285,1.0179242518378595,1.0261253529989354,1.0004892614601024,1.0303362573099413,1.0399002493765588,1.1047619047619048,0.9850693210095981
equal_weight,15,7,105773.7522483354,0.012573082507661981,0.012573082507661981,0.008253677553034407,0.05458586960950196,0.0726618462454987,0.0,0.0,0.0,0.0,1.0,1.0,,0.0,,False,,,7.0,21,0.14285714285714285,0.14285714285714285,0.14285714285714285,0.14285714285714285,0.14285714285714285,0.14285714285714285,0.14285714285714285,1.0393135068908235,1.0489629372043836,1.0256175982612805,1.038666193685704,0.984583761562179,0.9562807881773397,0.9945867917719236
equal_weight,15,8,99968.31997232094,-0.054885377067691365,-0.054885377067691365,-0.058549703209086076,-0.00031690067101086683,0.07293865857146502,0.0,0.0,0.0,0.0,1.0,1.0,,0.0,,False,,,7.0,22,0.14285714285714285,0.14285714285714285,0.14285714285714285,0.14285714285714285,0.14285714285714285,0.14285714285714285,0.14285714285714285,0.9342222757517478,0.9192601541484278,0.933144921461059,0.9316939890710383,0.9439805149617257,0.9175788795878945,1.0359216255442671
equal_weight,15,9,106087.87557261673,0.061214948915718104,0.061214948915718104,0.053972492447397866,0.0573852152261225,0.07459246899470995,0.0,0.0,0.0,0.0,1.0,1.0,,0.0,,False,,,7.0,23,0.14285714285714285,0.14285714285714285,0.14285714285714285,0.14285714285714285,0.14285714285714285,0.14285714285714285,0.14285714285714285,1.068930144367124,1.074208932789611,1.0719290343572334,1.0821114369501466,1.0269074824917066,1.0224561403508772,1.0819614711033276
equal_weight,15,10,107750.55564815382,0.015672668215502172,0.015672668215502172,0.010724111185424727,0.07193053995435805,0.07642427085621653,0.0,0.0,0.0,0.0,1.0,1.0,,0.0,,False,,,7.0,24,0.14285714285714285,0.14285714285714285,0.14285714285714285,0.14285714285714285,0.14285714285714285,0.14285714285714285,0.14285714285714285,1.0131281613727836,1.0211309798074761,1.0099364281396368,1.0027100271002711,1.007896625987078,1.037748798901853,1.0171576561994171
equal_weight,15,11,108238.16401394643,0.004525344327548808,0.004525344327548808,0.0013283002784107104,0.07611145374643413,0.057052270273307386,0.0,0.0,0.0,0.0,1.0,1.0,,0.0,,False,,,7.0,25,0.14285714285714285,0.14285714285714285,0.14285714285714285,0.14285714285714285,0.14285714285714285,0.14285714285714285,0.14285714285714285,0.9819083802034764,0.9740025585719445,0.9828400247399243,0.9851351351351353,0.9754273504273504,1.0244708994708993,1.1078930617441118
equal_weight,15,12,108872.32857324628,0.005858973727770778,0.005858973727770778,0.002243495506001074,0.08149296234880499,0.06276026192739562,0.0,0.0,0.0,0.0,1.0,1.0,,0.0,,False,,,7.0,26,0.14285714285714285,0.14285714285714285,0.14285714285714285,0.14285714285714285,0.14285714285714285,0.14285714285714285,0.14285714285714285,1.0171811676906573,1.0045787328777878,1.0194502657857352,1.0099451303155005,1.0087623220153341,1.013557133634603,0.9675380637747775
equal_weight,15,13,110376.22505381849,0.01381339501304435,0.01381339501304435,0.009315357668322595,0.09400779061577025,0.06398941197285332,0.0,0.0,0.0,0.0,1.0,1.0,,0.0,,False,,,7.0,27,0.14285714285714285,0.14285714285714285,0.14285714285714285,0.14285714285714285,0.14285714285714285,0.14285714285714285,0.14285714285714285,1.0204317810759416,1.036630597940096,1.0048074160114426,1.0196943972835313,1.0007238508867176,1.024203821656051,0.9902019002375297
equal_weight,15,14,111205.7216840353,0.007515174846869144,0.007515174846869144,0.0033206558908995,0.10076569365624644,0.06874494299153375,0.0,0.0,0.0,0.0,1.0,1.0,,0.0,,False,,,7.0,28,0.14285714285714285,0.14285714285714285,0.14285714285714285,0.14285714285714285,0.14285714285714285,0.14285714285714285,0.14285714285714285,1.034047030048888,1.0449943420211207,1.037165241936394,0.9783549783549785,0.9924050632911392,0.9950248756218906,0.9706146926536732
equal_weight,15,15,115908.28363948537,0.04228705038047664,0.04228705038047664,0.03259399098857999,0.13724889317631184,0.07778417062970815,0.0,0.0,0.0,0.0,1.0,1.0,,0.0,,False,,,7.0,29,0.14285714285714285,0.14285714285714285,0.14285714285714285,0.14285714285714285,0.14285714285714285,0.14285714285714285,0.14285714285714285,1.028589803182445,1.0354429604664128,1.0173620255284004,1.0408441116405716,1.0557580174927113,1.08125,1.0367624343527957
equal_weight,15,16,116932.2128522675,0.008833960616368985,0.008833960616368985,0.004362269602748137,0.14480366392843103,0.06385002298742103,0.0,0.0,0.0,0.0,1.0,1.0,,0.0,,False,,,7.0,30,0.14285714285714285,0.14285714285714285,0.14285714285714285,0.14285714285714285,0.14285714285714285,0.14285714285714285,0.14285714285714285,1.0293303784225487,1.0479104071466634,1.0217829114307377,0.9565075212557227,0.9206075250258889,1.0710982658959536,1.0146007151370682
equal_weight,15,17,112325.41547113498,-0.03939716241368629,-0.03939716241368629,-0.038451372036107406,0.10972953377859829,0.06754483772549333,0.0,0.0,0.0,0.0,1.0,1.0,,0.0,,False,,,7.0,31,0.14285714285714285,0.14285714285714285,0.14285714285714285,0.14285714285714285,0.14285714285714285,0.14285714285714285,0.14285714285714285,0.8883429458072976,0.9111819056684046,0.8713745250537601,0.9620512820512821,0.9591301087364079,1.0766324878575284,1.0555066079295152
equal_weight,15,18,102924.00912739162,-0.0836979440878125,-0.0836979440878125,-0.08503884207242653,0.02840939788667285,0.07437412361002187,0.0,0.0,0.0,0.0,1.0,1.0,,0.0,,False,,,7.0,32,0.14285714285714285,0.14285714285714285,0.14285714285714285,0.14285714285714285,0.14285714285714285,0.14285714285714285,0.14285714285714285,0.8748807130139254,0.8987705690454519,0.8625624855383022,0.9506041222459132,0.9378420641125881,0.8997493734335839,0.9897050639955481
equal_weight,15,19,112266.42302896263,0.09077001547819297,0.09077001547819297,0.07652071939846855,0.10926172490414277,0.08663215238002724,0.0,0.0,0.0,0.0,1.0,1.0,,0.0,,False,,,7.0,33,0.14285714285714285,0.14285714285714285,0.14285714285714285,0.14285714285714285,0.14285714285714285,0.14285714285714285,0.14285714285714285,1.1268440206437376,1.154471978877262,1.1108063488991609,1.0661682242990655,1.0220925385577322,1.1103064066852368,1.0447005903851563
equal_weight,15,20,114682.1266840084,0.0215175970683823,0.0215175970683823,0.014138423881311844,0.12802454147421827,0.09248785377527316,0.0,0.0,0.0,0.0,1.0,1.0,,0.0,,False,,,7.0,34,0.14285714285714285,0.14285714285714285,0.14285714285714285,0.14285714285714285,0.14285714285714285,0.14285714285714285,0.14285714285714285,1.0452818452385757,1.0675310126503827,1.0426107204951207,0.982468443197756,0.9755301794453507,1.0065228299046662,1.0306781485468246
equal_weight,15,21,120639.21293300019,0.051944330134422456,0.051944330134422456,0.03953878891699415,0.1710821252163064,0.07037589650187946,0.0,0.0,0.0,0.0,1.0,1.0,,0.0,,False,,,7.0,35,0.14285714285714285,0.14285714285714285,0.14285714285714285,0.14285714285714285,0.14285714285714285,0.14285714285714285,0.14285714285714285,1.0183883698313119,1.0599512631895773,1.0169313969075835,1.0549607423269096,1.023829431438127,1.175972083748754,1.0135770234986945
equal_weight,15,22,130676.21912820239,0.08319853844517766,0.08319853844517766,0.060280072405249845,0.2347498216037831,0.06775247964453732,0.0,0.0,0.0,0.0,1.0,1.0,,0.0,,False,,,7.0,36,0.14285714285714285,0.14285714285714285,0.14285714285714285,0.14285714285714285,0.14285714285714285,0.14285714285714285,0.14285714285714285,1.0551013292304916,1.0682486990147664,1.0238423367924046,1.11468200270636,1.0955492037566352,1.1479440440864774,1.0770221535291085
equal_weight,15,23,135605.1897764467,0.037718956678786775,0.037718956678786775,0.023985204822300318,0.26256509677206297,0.07660140691959089,0.0,0.0,0.0,0.0,1.0,1.0,,0.0,,False,,,7.0,37,0.14285714285714285,0.14285714285714285,0.14285714285714285,0.14285714285714285,0.14285714285714285,0.14285714285714285,0.14285714285714285,1.0700646851823017,1.0958744957492952,1.07574187376562,1.0303490136570561,1.039508013417816,0.9737813884785819,0.9787132265008371
equal_weight,15,24,130179.63741529737,-0.04000991680402255,-0.04000991680402255,-0.03509372196429245,0.23183070727888633,0.08718664942231633,0.0,0.0,0.0,0.0,1.0,1.0,,0.0,,False,,,7.0,38,0.14285714285714285,0.14285714285714285,0.14285714285714285,0.14285714285714285,0.14285714285714285,0.14285714285714285,0.14285714285714285,0.9607720184563087,0.9483673729353325,0.9771948490503586,0.9664212076583212,0.9602007888131946,0.943875616230565,0.9630987292277614
equal_weight,16,1,100855.02430471634,0.008550243047163342,0.008550243047163342,0.0047714754825305145,0.008477756171403228,0.07412561377745426,0.0,0.0,0.0,0.0,1.0,1.0,,0.0,,False,,,7.0,16,0.14285714285714285,0.14285714285714285,0.14285714285714285,0.14285714285714285,0.14285714285714285,0.14285714285714285,0.14285714285714285,1.0178593449224487,1.0033726303860246,1.0168301139748919,0.9911858974358975,0.9889143730886851,1.0394736842105263,1.002215657311669
equal_weight,16,2,95210.39871456687,-0.055967718307173286,-0.055967718307173286,-0.062000676334795266,-0.05030544299884698,0.06434954329090102,0.0,0.0,0.0,0.0,1.0,1.0,,0.0,,False,,,7.0,17,0.14285714285714285,0.14285714285714285,0.14285714285714285,0.14285714285714285,0.14285714285714285,0.14285714285714285,0.14285714285714285,0.9005749972130336,0.8982312353523753,0.906226913619528,0.9240097008892482,0.9984538074990336,0.9446202531645569,1.0361090641120116
equal_weight,16,3,99931.45851004028,0.04958554799908743,0.04958554799908743,0.04569484021886167,-0.0006858850154063401,0.07849435529157939,0.0,0.0,0.0,0.0,1.0,1.0,,0.0,,False,,,7.0,18,0.14285714285714285,0.14285714285714285,0.14285714285714285,0.14285714285714285,0.14285714285714285,0.14285714285714285,0.14285714285714285,1.0878451084988776,1.105887779215494,1.080196082028685,1.0822397200349958,1.0007742934572201,0.9865996649916248,1.0035561877667143
equal_weight,16,4,107601.81825804907,0.0767562073282273,0.0767562073282273,0.06711696171002877,0.07064767474299083,0.08433196096736792,0.0,0.0,0.0,0.0,1.0,1.0,,0.0,,False,,,7.0,19,0.14285714285714285,0.14285714285714285,0.14285714285714285,0.14285714285714285,0.14285714285714285,0.14285714285714285,0.14285714285714285,1.0297288920628345,1.0344408881821956,1.0366536879752946,1.1059013742926436,1.085880077369439,1.2478777589134125,0.9968107725017719
equal_weight,16,5,110746.96712285226,0.029229514107842913,0.029229514107842913,0.02246184671673103,0.09704073530908153,0.07862427698719335,0.0,0.0,0.0,0.0,1.0,1.0,,0.0,,False,,,7.0,20,0.14285714285714285,0.14285714285714285,0.14285714285714285,0.14285714285714285,0.14285714285714285,0.14285714285714285,0.14285714285714285,1.0179242518378595,1.0261253529989354,1.0004892614601024,1.0303362573099413,1.0399002493765588,1.1047619047619048,0.9850693210095981
equal_weight,16,6,112139.39787796121,0.012573082507661981,0.012573082507661981,0.008055647489580438,0.10825274709582666,0.06312728594329395,0.0,0.0,0.0,0.0,1.0,1.0,,0.0,,False,,,7.0,21,0.14285714285714285,0.14285714285714285,0.14285714285714285,0.14285714285714285,0.14285714285714285,0.14285714285714285,0.14285714285714285,1.0393135068908235,1.0489629372043836,1.0256175982612805,1.038666193685704,0.984583761562179,0.9562807881773397,0.9945867917719236
equal_weight,16,7,105984.58474128543,-0.054885377067691365,-0.054885377067691365,-0.0556366130792444,0.056466558376335074,0.07700848719505612,0.0,0.0,0.0,0.0,1.0,1.0,,0.0,,False,,,7.0,22,0.14285714285714285,0.14285714285714285,0.14285714285714285,0.14285714285714285,0.14285714285714285,0.14285714285714285,0.14285714285714285,0.9342222757517478,0.9192601541484278,0.933144921461059,0.9316939890710383,0.9439805149617257,0.9175788795878945,1.0359216255442671
equal_weight,16,8,112472.42568207682,0.061214948915718104,0.061214948915718104,0.05065034713889447,0.11089318654273839,0.07552562055017681,0.0,0.0,0.0,0.0,1.0,1.0,,0.0,,False,,,7.0,23,0.14285714285714285,0.14285714285714285,0.14285714285714285,0.14285714285714285,0.14285714285714285,0.14285714285714285,0.14285714285714285,1.068930144367124,1.074208932789611,1.0719290343572334,1.0821114369501466,1.0269074824917066,1.0224561403508772,1.0819614711033276
equal_weight,16,9,114235.16869318474,0.015672668215502172,0.015672668215502172,0.009784861292669405,0.1246128390760104,0.07869582481205208,0.0,0.0,0.0,0.0,1.0,1.0,,0.0,,False,,,7.0,24,0.14285714285714285,0.14285714285714285,0.14285714285714285,0.14285714285714285,0.14285714285714285,0.14285714285714285,0.14285714285714285,1.0131281613727836,1.0211309798074761,1.0099364281396368,1.0027100271002711,1.007896625987078,1.037748798901853,1.0171576561994171
equal_weight,16,10,114752.12216583702,0.004525344327548808,0.004525344327548808,0.0008714512147483711,0.12855642133151668,0.06144262081515825,0.0,0.0,0.0,0.0,1.0,1.0,,0.0,,False,,,7.0,25,0.14285714285714285,0.14285714285714285,0.14285714285714285,0.14285714285714285,0.14285714285714285,0.14285714285714285,0.14285714285714285,0.9819083802034764,0.9740025585719445,0.9828400247399243,0.9851351351351353,0.9754273504273504,1.0244708994708993,1.1078930617441118
equal_weight,16,11,115424.4518348126,0.005858973727770778,0.005858973727770778,0.0019688928063154713,0.1336324460685938,0.062142638615233246,0.0,0.0,0.0,0.0,1.0,1.0,,0.0,,False,,,7.0,26,0.14285714285714285,0.14285714285714285,0.14285714285714285,0.14285714285714285,0.14285714285714285,0.14285714285714285,0.14285714285714285,1.0171811676906573,1.0045787328777878,1.0194502657857352,1.0099451303155005,1.0087623220153341,1.013557133634603,0.9675380637747775
equal_weight,16,12,117018.85538217098,0.01381339501304435,0.01381339501304435,0.008652757995930347,0.1454368642266174,0.06303320324186461,0.0,0.0,0.0,0.0,1.0,1.0,,0.0,,False,,,7.0,27,0.14285714285714285,0.14285714285714285,0.14285714285714285,0.14285714285714285,0.14285714285714285,0.14285714285714285,0.14285714285714285,1.0204317810759416,1.036630597940096,1.0048074160114426,1.0196943972835313,1.0007238508867176,1.024203821656051,0.9902019002375297
equal_weight,16,13,117898.27254074848,0.007515174846869144,0.007515174846869144,0.0029441403129706616,0.1518111517245717,0.06860294369967322,0.0,0.0,0.0,0.0,1.0,1.0,,0.0,,False,,,7.0,28,0.14285714285714285,0.14285714285714285,0.14285714285714285,0.14285714285714285,0.14285714285714285,0.14285714285714285,0.14285714285714285,1.034047030048888,1.0449943420211207,1.037165241936394,0.9783549783549785,0.9924050632911392,0.9950248756218906,0.9706146926536732
equal_weight,16,14,122883.84273145028,0.04228705038047664,0.04228705038047664,0.031122609794756107,0.18622336527561645,0.06579207512577254,0.0,0.0,0.0,0.0,1.0,1.0,,0.0,,False,,,7.0,29,0.14285714285714285,0.14285714285714285,0.14285714285714285,0.14285714285714285,0.14285714285714285,0.14285714285714285,0.14285714285714285,1.028589803182445,1.0354429604664128,1.0173620255284004,1.0408441116405716,1.0557580174927113,1.08125,1.0367624343527957
equal_weight,16,15,123969.393758528,0.008833960616368985,0.008833960616368985,0.0034595254864491164,0.19334928591500933,0.07332790305887527,0.0,0.0,0.0,0.0,1.0,1.0,,0.0,,False,,,7.0,30,0.14285714285714285,0.14285714285714285,0.14285714285714285,0.14285714285714285,0.14285714285714285,0.14285714285714285,0.14285714285714285,1.0293303784225487,1.0479104071466634,1.0217829114307377,0.9565075212557227,0.9206075250258889,1.0710982658959536,1.0146007151370682
equal_weight,16,16,119085.35141829704,-0.03939716241368629,-0.03939716241368629,-0.03653523884612149,0.16026615524908838,0.06904216360401087,0.0,0.0,0.0,0.0,1.0,1.0,,0.0,,False,,,7.0,31,0.14285714285714285,0.14285714285714285,0.14285714285714285,0.14285714285714285,0.14285714285714285,0.14285714285714285,0.14285714285714285,0.8883429458072976,0.9111819056684046,0.8713745250537601,0.9620512820512821,0.9591301087364079,1.0766324878575284,1.0555066079295152
equal_weight,16,17,109118.15233361091,-0.0836979440878125,-0.0836979440878125,-0.0808282896444759,0.08356219509411822,0.08248658979011474,0.0,0.0,0.0,0.0,1.0,1.0,,0.0,,False,,,7.0,32,0.14285714285714285,0.14285714285714285,0.14285714285714285,0.14285714285714285,0.14285714285714285,0.14285714285714285,0.14285714285714285,0.8748807130139254,0.8987705690454519,0.8625624855383022,0.9506041222459132,0.9378420641125881,0.8997493734335839,0.9897050639955481
equal_weight,16,18,119022.80870988459,0.09077001547819297,0.09077001547819297,0.0720942828636512,0.1598249017652763,0.08336847615013776,0.0,0.0,0.0,0.0,1.0,1.0,,0.0,,False,,,7.0,33,0.14285714285714285,0.14285714285714285,0.14285714285714285,0.14285714285714285,0.14285714285714285,0.14285714285714285,0.14285714285714285,1.1268440206437376,1.154471978877262,1.1108063488991609,1.0661682242990655,1.0220925385577322,1.1103064066852368,1.0447005903851563
equal_weight,16,19,121583.89354965102,0.0215175970683823,0.0215175970683823,0.013157656019068138,0.17752263823363124,0.09080160898573583,0.0,0.0,0.0,0.0,1.0,1.0,,0.0,,False,,,7.0,34,0.14285714285714285,0.14285714285714285,0.14285714285714285,0.14285714285714285,0.14285714285714285,0.14285714285714285,0.14285714285714285,1.0452818452385757,1.0675310126503827,1.0426107204951207,0.982468443197756,0.9755301794453507,1.0065228299046662,1.0306781485468246
equal_weight,16,20,127899.48745522257,0.051944330134422456,0.051944330134422456,0.03714294844174211,0.21813603799616588,0.06940902641585063,0.0,0.0,0.0,0.0,1.0,1.0,,0.0,,False,,,7.0,35,0.14285714285714285,0.14285714285714285,0.14285714285714285,0.14285714285714285,0.14285714285714285,0.14285714285714285,0.14285714285714285,1.0183883698313119,1.0599512631895773,1.0169313969075835,1.0549607423269096,1.023829431438127,1.175972083748754,1.0135770234986945
equal_weight,16,21,138540.5378793844,0.08319853844517766,0.08319853844517766,0.0562478943488878,0.2781896076723652,0.0761135065462309,0.0,0.0,0.0,0.0,1.0,1.0,,0.0,,False,,,7.0,36,0.14285714285714285,0.14285714285714285,0.14285714285714285,0.14285714285714285,0.14285714285714285,0.14285714285714285,0.14285714285714285,1.0551013292304916,1.0682486990147664,1.0238423367924046,1.11468200270636,1.0955492037566352,1.1479440440864774,1.0770221535291085
equal_weight,16,22,143766.14242591272,0.037718956678786775,0.037718956678786775,0.021745346395304614,0.30442593567165377,0.08981963207967857,0.0,0.0,0.0,0.0,1.0,1.0,,0.0,,False,,,7.0,37,0.14285714285714285,0.14285714285714285,0.14285714285714285,0.14285714285714285,0.14285714285714285,0.14285714285714285,0.14285714285714285,1.0700646851823017,1.0958744957492952,1.07574187376562,1.0303490136570561,1.039508013417816,0.9737813884785819,0.9787132265008371
equal_weight,16,23,138014.0710282167,-0.04000991680402255,-0.04000991680402255,-0.033202434429193704,0.27543619824419796,0.08425394003475796,0.0,0.0,0.0,0.0,1.0,1.0,,0.0,,False,,,7.0,38,0.14285714285714285,0.14285714285714285,0.14285714285714285,0.14285714285714285,0.14285714285714285,0.14285714285714285,0.14285714285714285,0.9607720184563087,0.9483673729353325,0.9771948490503586,0.9664212076583212,0.9602007888131946,0.943875616230565,0.9630987292277614
equal_weight,16,24,136669.00903724323,-0.009745832297769708,-0.009745832297769708,-0.010587873854782846,0.2683052236608424,0.06913798542854609,0.0,0.0,0.0,0.0,1.0,1.0,,0.0,,False,,,7.0,39,0.14285714285714285,0.14285714285714285,0.14285714285714285,0.14285714285714285,0.14285714285714285,0.14285714285714285,0.14285714285714285,0.972334225393994,0.9770852563241543,0.9539229191567941,1.0146296860713198,1.00336071695295,1.0297308155885898,0.9807155544278103
equal_weight,17,1,94403.22816928267,-0.055967718307173286,-0.055967718307173286,-0.06273550451897242,-0.059285809810246004,0.06899389417452831,0.0,0.0,0.0,0.0,1.0,1.0,,0.0,,False,,,7.0,17,0.14285714285714285,0.14285714285714285,0.14285714285714285,0.14285714285714285,0.14285714285714285,0.14285714285714285,0.14285714285714285,0.9005749972130336,0.8982312353523753,0.906226913619528,0.9240097008892482,0.9984538074990336,0.9446202531645569,1.0361090641120116
equal_weight,17,2,99084.26397093943,0.04958554799908743,0.04958554799908743,0.04620787294521913,-0.009241992546153988,0.0767188863774578,0.0,0.0,0.0,0.0,1.0,1.0,,0.0,,False,,,7.0,18,0.14285714285714285,0.14285714285714285,0.14285714285714285,0.14285714285714285,0.14285714285714285,0.14285714285714285,0.14285714285714285,1.0878451084988776,1.105887779215494,1.080196082028685,1.0822397200349958,1.0007742934572201,0.9865996649916248,1.0035561877667143
equal_weight,17,3,106689.59627925766,0.0767562073282273,0.0767562073282273,0.06805818411501567,0.06270148648559692,0.07770589833470484,0.0,0.0,0.0,0.0,1.0,1.0,,0.0,,False,,,7.0,19,0.14285714285714285,0.14285714285714285,0.14285714285714285,0.14285714285714285,0.14285714285714285,0.14285714285714285,0.14285714285714285,1.0297288920628345,1.0344408881821956,1.0366536879752946,1.1059013742926436,1.085880077369439,1.2478777589134125,0.9968107725017719
equal_weight,17,4,109808.08133886229,0.029229514107842913,0.029229514107842913,0.02287050438740812,0.08932021413428615,0.07496446522562202,0.0,0.0,0.0,0.0,1.0,1.0,,0.0,,False,,,7.0,20,0.14285714285714285,0.14285714285714285,0.14285714285714285,0.14285714285714285,0.14285714285714285,0.14285714285714285,0.14285714285714285,1.0179242518378595,1.0261253529989354,1.0004892614601024,1.0303362573099413,1.0399002493765588,1.1047619047619048,0.9850693210095981
equal_weight,17,5,111188.70740554387,0.012573082507661981,0.012573082507661981,0.007293424141554338,0.10062809134685569,0.08028906142030402,0.0,0.0,0.0,0.0,1.0,1.0,,0.0,,False,,,7.0,21,0.14285714285714285,0.14285714285714285,0.14285714285714285,0.14285714285714285,0.14285714285714285,0.14285714285714285,0.14285714285714285,1.0393135068908235,1.0489629372043836,1.0256175982612805,1.038666193685704,0.984583761562179,0.9562807881773397,0.9945867917719236
equal_weight,17,6,105086.07327392139,-0.054885377067691365,-0.054885377067691365,-0.056153902735851594,0.048399118127326335,0.07849859032644492,0.0,0.0,0.0,0.0,1.0,1.0,,0.0,,False,,,7.0,22,0.14285714285714285,0.14285714285714285,0.14285714285714285,0.14285714285714285,0.14285714285714285,0.14285714285714285,0.14285714285714285,0.9342222757517478,0.9192601541484278,0.933144921461059,0.9316939890710383,0.9439805149617257,0.9175788795878945,1.0359216255442671
equal_weight,17,7,111518.91188113789,0.061214948915718104,0.061214948915718104,0.05119601948424473,0.10329110719278978,0.07391939162437428,0.0,0.0,0.0,0.0,1.0,1.0,,0.0,,False,,,7.0,23,0.14285714285714285,0.14285714285714285,0.14285714285714285,0.14285714285714285,0.14285714285714285,0.14285714285714285,0.14285714285714285,1.068930144367124,1.074208932789611,1.0719290343572334,1.0821114369501466,1.0269074824917066,1.0224561403508772,1.0819614711033276
equal_weight,17,8,113266.71078680479,0.015672668215502172,0.015672668215502172,0.009742110308434599,0.11712806608974402,0.08189697177039287,0.0,0.0,0.0,0.0,1.0,1.0,,0.0,,False,,,7.0,24,0.14285714285714285,0.14285714285714285,0.14285714285714285,0.14285714285714285,0.14285714285714285,0.14285714285714285,0.14285714285714285,1.0131281613727836,1.0211309798074761,1.0099364281396368,1.0027100271002711,1.007896625987078,1.037748798901853,1.0171576561994171
equal_weight,17,9,113779.28165396398,0.004525344327548808,0.004525344327548808,0.0005905584326127344,0.12110536693201146,0.0677348481930941,0.0,0.0,0.0,0.0,1.0,1.0,,0.0,,False,,,7.0,25,0.14285714285714285,0.14285714285714285,0.14285714285714285,0.14285714285714285,0.14285714285714285,0.14285714285714285,0.14285714285714285,0.9819083802034764,0.9740025585719445,0.9828400247399243,0.9851351351351353,0.9754273504273504,1.0244708994708993,1.1078930617441118
equal_weight,17,10,114445.91147593918,0.005858973727770778,0.005858973727770778,0.001694354579484488,0.126224792914304,0.06850142805616095,0.0,0.0,0.0,0.0,1.0,1.0,,0.0,,False,,,7.0,26,0.14285714285714285,0.14285714285714285,0.14285714285714285,0.14285714285714285,0.14285714285714285,0.14285714285714285,0.14285714285714285,1.0171811676906573,1.0045787328777878,1.0194502657857352,1.0099451303155005,1.0087623220153341,1.013557133634603,0.9675380637747775
equal_weight,17,11,116026.79805878423,0.01381339501304435,0.01381339501304435,0.00898805193075188,0.13813014171660898,0.05834593743106205,0.0,0.0,0.0,0.0,1.0,1.0,,0.0,,False,,,7.0,27,0.14285714285714285,0.14285714285714285,0.14285714285714285,0.14285714285714285,0.14285714285714285,0.14285714285714285,0.14285714285714285,1.0204317810759416,1.036630597940096,1.0048074160114426,1.0196943972835313,1.0007238508867176,1.024203821656051,0.9902019002375297
equal_weight,17,12,116898.75973311838,0.007515174846869144,0.007515174846869144,0.0030536551799995055,0.1445589309219234,0.06750268050629833,0.0,0.0,0.0,0.0,1.0,1.0,,0.0,,False,,,7.0,28,0.14285714285714285,0.14285714285714285,0.14285714285714285,0.14285714285714285,0.14285714285714285,0.14285714285714285,0.14285714285714285,1.034047030048888,1.0449943420211207,1.037165241936394,0.9783549783549785,0.9924050632911392,0.9950248756218906,0.9706146926536732
equal_weight,17,13,121842.06347536799,0.04228705038047664,0.04228705038047664,0.031523788665037494,0.17926537726262048,0.06365315351319181,0.0,0.0,0.0,0.0,1.0,1.0,,0.0,,False,,,7.0,29,0.14285714285714285,0.14285714285714285,0.14285714285714285,0.14285714285714285,0.14285714285714285,0.14285714285714285,0.14285714285714285,1.028589803182445,1.0354429604664128,1.0173620255284004,1.0408441116405716,1.0557580174927113,1.08125,1.0367624343527957
equal_weight,17,14,122918.41146552653,0.008833960616368985,0.008833960616368985,0.003945206500041721,0.1864522262554149,0.06483284985505408,0.0,0.0,0.0,0.0,1.0,1.0,,0.0,,False,,,7.0,30,0.14285714285714285,0.14285714285714285,0.14285714285714285,0.14285714285714285,0.14285714285714285,0.14285714285714285,0.14285714285714285,1.0293303784225487,1.0479104071466634,1.0217829114307377,0.9565075212557227,0.9206075250258889,1.0710982658959536,1.0146007151370682
equal_weight,17,15,118075.77484538686,-0.03939716241368629,-0.03939716241368629,-0.03642566411951559,0.15308622678153916,0.06119329291279667,0.0,0.0,0.0,0.0,1.0,1.0,,0.0,,False,,,7.0,31,0.14285714285714285,0.14285714285714285,0.14285714285714285,0.14285714285714285,0.14285714285714285,0.14285714285714285,0.14285714285714285,0.8883429458072976,0.9111819056684046,0.8713745250537601,0.9620512820512821,0.9591301087364079,1.0766324878575284,1.0555066079295152
equal_weight,17,16,108193.07524425253,-0.0836979440878125,-0.0836979440878125,-0.08173946012643832,0.07572642912456418,0.08759324938926674,0.0,0.0,0.0,0.0,1.0,1.0,,0.0,,False,,,7.0,32,0.14285714285714285,0.14285714285714285,0.14285714285714285,0.14285714285714285,0.14285714285714285,0.14285714285714285,0.14285714285714285,0.8748807130139254,0.8987705690454519,0.8625624855383022,0.9506041222459132,0.9378420641125881,0.8997493734335839,0.9897050639955481
equal_weight,17,17,118013.76235880662,0.09077001547819297,0.09077001547819297,0.0727740076336303,0.1526412004731953,0.0828152743000163,0.0,0.0,0.0,0.0,1.0,1.0,,0.0,,False,,,7.0,33,0.14285714285714285,0.14285714285714285,0.14285714285714285,0.14285714285714285,0.14285714285714285,0.14285714285714285,0.14285714285714285,1.1268440206437376,1.154471978877262,1.1108063488991609,1.0661682242990655,1.0220925385577322,1.1103064066852368,1.0447005903851563
equal_weight,17,18,120553.13494576725,0.0215175970683823,0.0215175970683823,0.013370307790751835,0.17049025688973918,0.08957497251584098,0.0,0.0,0.0,0.0,1.0,1.0,,0.0,,False,,,7.0,34,0.14285714285714285,0.14285714285714285,0.14285714285714285,0.14285714285714285,0.14285714285714285,0.14285714285714285,0.14285714285714285,1.0452818452385757,1.0675310126503827,1.0426107204951207,0.982468443197756,0.9755301794453507,1.0065228299046662,1.0306781485468246
equal_weight,17,19,126815.18678612977,0.051944330134422456,0.051944330134422456,0.03805952430593258,0.21145091109121517,0.058022597910868175,0.0,0.0,0.0,0.0,1.0,1.0,,0.0,,False,,,7.0,35,0.14285714285714285,0.14285714285714285,0.14285714285714285,0.14285714285714285,0.14285714285714285,0.14285714285714285,0.14285714285714285,1.0183883698313119,1.0599512631895773,1.0169313969075835,1.0549607423269096,1.023829431438127,1.175972083748754,1.0135770234986945
equal_weight,17,20,137366.02497938796,0.08319853844517766,0.08319853844517766,0.05742061107338134,0.2720179533839958,0.06292862438798626,0.0,0.0,0.0,0.0,1.0,1.0,,0.0,,False,,,7.0,36,0.14285714285714285,0.14285714285714285,0.14285714285714285,0.14285714285714285,0.14285714285714285,0.14285714285714285,0.14285714285714285,1.0551013292304916,1.0682486990147664,1.0238423367924046,1.11468200270636,1.0955492037566352,1.1479440440864774,1.0770221535291085
equal_weight,17,21,142547.32812472264,0.037718956678786775,0.037718956678786775,0.02204749193861304,0.29847860836434337,0.08826326083469024,0.0,0.0,0.0,0.0,1.0,1.0,,0.0,,False,,,7.0,37,0.14285714285714285,0.14285714285714285,0.14285714285714285,0.14285714285714285,0.14285714285714285,0.14285714285714285,0.14285714285714285,1.0700646851823017,1.0958744957492952,1.07574187376562,1.0303490136570561,1.039508013417816,0.9737813884785819,0.9787132265008371
equal_weight,17,22,136844.02138581677,-0.04000991680402255,-0.04000991680402255,-0.033286459145034336,0.26924100163600917,0.08097704833400271,0.0,0.0,0.0,0.0,1.0,1.0,,0.0,,False,,,7.0,38,0.14285714285714285,0.14285714285714285,0.14285714285714285,0.14285714285714285,0.14285714285714285,0.14285714285714285,0.14285714285714285,0.9607720184563087,0.9483673729353325,0.9771948490503586,0.9664212076583212,0.9602007888131946,0.943875616230565,0.9630987292277614
equal_weight,17,23,135510.3625024382,-0.009745832297769708,-0.009745832297769708,-0.010987100904296809,0.2620490554868029,0.07590309510181091,0.0,0.0,0.0,0.0,1.0,1.0,,0.0,,False,,,7.0,39,0.14285714285714285,0.14285714285714285,0.14285714285714285,0.14285714285714285,0.14285714285714285,0.14285714285714285,0.14285714285714285,0.972334225393994,0.9770852563241543,0.9539229191567941,1.0146296860713198,1.00336071695295,1.0297308155885898,0.9807155544278103
equal_weight,17,24,143254.70726554876,0.05714946532573273,0.05714946532573273,0.03653339411176308,0.3019426592758887,0.0672041935464543,0.0,0.0,0.0,0.0,1.0,1.0,,0.0,,False,,,7.0,40,0.14285714285714285,0.14285714285714285,0.14285714285714285,0.14285714285714285,0.14285714285714285,0.14285714285714285,0.14285714285714285,1.1075456274694473,1.1179570958597118,1.1183717604729042,1.0432562331030337,1.0900632675846669,0.9914163090128755,0.9314359637774902
equal_weight,18,1,104958.55479990874,0.04958554799908743,0.04958554799908743,0.04313746465049222,0.04724297899643959,0.08211028691894728,0.0,0.0,0.0,0.0,1.0,1.0,,0.0,,False,,,7.0,18,0.14285714285714285,0.14285714285714285,0.14285714285714285,0.14285714285714285,0.14285714285714285,0.14285714285714285,0.14285714285714285,1.0878451084988776,1.105887779215494,1.080196082028685,1.0822397200349958,1.0007742934572201,0.9865996649916248,1.0035561877667143
equal_weight,18,2,113014.77539300165,0.0767562073282273,0.0767562073282273,0.06353169154078281,0.11515994565970333,0.08770550244961882,0.0,0.0,0.0,0.0,1.0,1.0,,0.0,,False,,,7.0,19,0.14285714285714285,0.14285714285714285,0.14285714285714285,0.14285714285714285,0.14285714285714285,0.14285714285714285,0.14285714285714285,1.0297288920628345,1.0344408881821956,1.0366536879752946,1.1059013742926436,1.085880077369439,1.2478777589134125,0.9968107725017719
equal_weight,18,3,116318.14236474609,0.029229514107842913,0.029229514107842913,0.02056184647463553,0.14028888385765537,0.09134183446633007,0.0,0.0,0.0,0.0,1.0,1.0,,0.0,,False,,,7.0,20,0.14285714285714285,0.14285714285714285,0.14285714285714285,0.14285714285714285,0.14285714285714285,0.14285714285714285,0.14285714285714285,1.0179242518378595,1.0261253529989354,1.0004892614601024,1.0303362573099413,1.0399002493765588,1.1047619047619048,0.9850693210095981
equal_weight,18,4,117780.61996583601,0.012573082507661981,0.012573082507661981,0.007324926497504464,0.1509638849837397,0.06700149257159725,0.0,0.0,0.0,0.0,1.0,1.0,,0.0,,False,,,7.0,21,0.14285714285714285,0.14285714285714285,0.14285714285714285,0.14285714285714285,0.14285714285714285,0.14285714285714285,0.14285714285714285,1.0393135068908235,1.0489629372043836,1.0256175982612805,1.038666193685704,0.984583761562179,0.9562807881773397,0.9945867917719236
equal_weight,18,5,111316.18622774465,-0.054885377067691365,-0.054885377067691365,-0.053380203609481404,0.10165804822483371,0.08148733701150837,0.0,0.0,0.0,0.0,1.0,1.0,,0.0,,False,,,7.0,22,0.14285714285714285,0.14285714285714285,0.14285714285714285,0.14285714285714285,0.14285714285714285,0.14285714285714285,0.14285714285714285,0.9342222757517478,0.9192601541484278,0.933144921461059,0.9316939890710383,0.9439805149617257,0.9175788795878945,1.0359216255442671
equal_weight,18,6,118130.4008811686,0.061214948915718104,0.061214948915718104,0.0480416977033581,0.15347785790896118,0.07556223961538744,0.0,0.0,0.0,0.0,1.0,1.0,,0.0,,False,,,7.0,23,0.14285714285714285,0.14285714285714285,0.14285714285714285,0.14285714285714285,0.14285714285714285,0.14285714285714285,0.14285714285714285,1.068930144367124,1.074208932789611,1.0719290343572334,1.0821114369501466,1.0269074824917066,1.0224561403508772,1.0819614711033276
equal_weight,18,7,119981.81946034342,0.015672668215502172,0.015672668215502172,0.008685629592791311,0.16654039378814267,0.0875381257278036,0.0,0.0,0.0,0.0,1.0,1.0,,0.0,,False,,,7.0,24,0.14285714285714285,0.14285714285714285,0.14285714285714285,0.14285714285714285,0.14285714285714285,0.14285714285714285,0.14285714285714285,1.0131281613727836,1.0211309798074761,1.0099364281396368,1.0027100271002711,1.007896625987078,1.037748798901853,1.0171576561994171
equal_weight,18,8,120524.77850644727,0.004525344327548808,0.004525344327548808,0.00032473721971608936,0.17029509417724698,0.06859926338776429,0.0,0.0,0.0,0.0,1.0,1.0,,0.0,,False,,,7.0,25,0.14285714285714285,0.14285714285714285,0.14285714285714285,0.14285714285714285,0.14285714285714285,0.14285714285714285,0.14285714285714285,0.9819083802034764,0.9740025585719445,0.9828400247399243,0.9851351351351353,0.9754273504273504,1.0244708994708993,1.1078930617441118
equal_weight,18,9,121230.93001726194,0.005858973727770778,0.005858973727770778,0.001385415965326195,0.17512799756826825,0.06894974851390151,0.0,0.0,0.0,0.0,1.0,1.0,,0.0,,False,,,7.0,26,0.14285714285714285,0.14285714285714285,0.14285714285714285,0.14285714285714285,0.14285714285714285,0.14285714285714285,0.14285714285714285,1.0171811676906573,1.0045787328777878,1.0194502657857352,1.0099451303155005,1.0087623220153341,1.013557133634603,0.9675380637747775
equal_weight,18,10,122905.54074138911,0.01381339501304435,0.01381339501304435,0.007989815253926372,0.18636703116245712,0.06498436680525005,0.0,0.0,0.0,0.0,1.0,1.0,,0.0,,False,,,7.0,27,0.14285714285714285,0.14285714285714285,0.14285714285714285,0.14285714285714285,0.14285714285714285,0.14285714285714285,0.14285714285714285,1.0204317810759416,1.036630597940096,1.0048074160114426,1.0196943972835313,1.0007238508867176,1.024203821656051,0.9902019002375297
equal_weight,18,11,123829.19736970964,0.007515174846869144,0.007515174846869144,0.0025988506089027826,0.19243601570447222,0.06940267866224632,0.0,0.0,0.0,0.0,1.0,1.0,,0.0,,False,,,7.0,28,0.14285714285714285,0.14285714285714285,0.14285714285714285,0.14285714285714285,0.14285714285714285,0.14285714285714285,0.14285714285714285,1.034047030048888,1.0449943420211207,1.037165241936394,0.9783549783549785,0.9924050632911392,0.9950248756218906,0.9706146926536732
equal_weight,18,12,129065.56887745654,0.04228705038047664,0.04228705038047664,0.02917697710464625,0.22520002143293005,0.07174057247623168,0.0,0.0,0.0,0.0,1.0,1.0,,0.0,,False,,,7.0,29,0.14285714285714285,0.14285714285714285,0.14285714285714285,0.14285714285714285,0.14285714285714285,0.14285714285714285,0.14285714285714285,1.028589803182445,1.0354429604664128,1.0173620255284004,1.0408441116405716,1.0557580174927113,1.08125,1.0367624343527957
equal_weight,18,13,130205.72902984924,0.008833960616368985,0.008833960616368985,0.0037201126204523625,0.23198463888577958,0.06129009664794332,0.0,0.0,0.0,0.0,1.0,1.0,,0.0,,False,,,7.0,30,0.14285714285714285,0.14285714285714285,0.14285714285714285,0.14285714285714285,0.14285714285714285,0.14285714285714285,0.14285714285714285,1.0293303784225487,1.0479104071466634,1.0217829114307377,0.9565075212557227,0.9206075250258889,1.0710982658959536,1.0146007151370682
equal_weight,18,14,125075.99277606784,-0.03939716241368629,-0.03939716241368629,-0.035088770438609196,0.20048605827149513,0.07180379648649486,0.0,0.0,0.0,0.0,1.0,1.0,,0.0,,False,,,7.0,31,0.14285714285714285,0.14285714285714285,0.14285714285714285,0.14285714285714285,0.14285714285714285,0.14285714285714285,0.14285714285714285,0.8883429458072976,0.9111819056684046,0.8713745250537601,0.9620512820512821,0.9591301087364079,1.0766324878575284,1.0555066079295152
equal_weight,18,15,114607.38932596888,-0.0836979440878125,-0.0836979440878125,-0.07695999042973259,0.1274559119780856,0.07859688272646094,0.0,0.0,0.0,0.0,1.0,1.0,,0.0,,False,,,7.0,32,0.14285714285714285,0.14285714285714285,0.14285714285714285,0.14285714285714285,0.14285714285714285,0.14285714285714285,0.14285714285714285,0.8748807130139254,0.8987705690454519,0.8625624855383022,0.9506041222459132,0.9378420641125881,0.8997493734335839,0.9897050639955481
equal_weight,18,16,125010.30382900235,0.09077001547819297,0.09077001547819297,0.06815272266543139,0.20006593907021586,0.08914608853397767,0.0,0.0,0.0,0.0,1.0,1.0,,0.0,,False,,,7.0,33,0.14285714285714285,0.14285714285714285,0.14285714285714285,0.14285714285714285,0.14285714285714285,0.14285714285714285,0.14285714285714285,1.1268440206437376,1.154471978877262,1.1108063488991609,1.0661682242990655,1.0220925385577322,1.1103064066852368,1.0447005903851563
equal_weight,18,17,127700.22517619087,0.0215175970683823,0.0215175970683823,0.012617822495735977,0.21691602452518965,0.08464525918475635,0.0,0.0,0.0,0.0,1.0,1.0,,0.0,,False,,,7.0,34,0.14285714285714285,0.14285714285714285,0.14285714285714285,0.14285714285714285,0.14285714285714285,0.14285714285714285,0.14285714285714285,1.0452818452385757,1.0675310126503827,1.0426107204951207,0.982468443197756,0.9755301794453507,1.0065228299046662,1.0306781485468246
equal_weight,18,18,134333.52783098302,0.051944330134422456,0.051944330134422456,0.035181756531372205,0.25558420437064,0.06972846628156283,0.0,0.0,0.0,0.0,1.0,1.0,,0.0,,False,,,7.0,35,0.14285714285714285,0.14285714285714285,0.14285714285714285,0.14285714285714285,0.14285714285714285,0.14285714285714285,0.14285714285714285,1.0183883698313119,1.0599512631895773,1.0169313969075835,1.0549607423269096,1.023829431438127,1.175972083748754,1.0135770234986945
equal_weight,18,19,145509.8810107054,0.08319853844517766,0.08319853844517766,0.053541221888207424,0.3127614475016798,0.0727204248566471,0.0,0.0,0.0,0.0,1.0,1.0,,0.0,,False,,,7.0,36,0.14285714285714285,0.14285714285714285,0.14285714285714285,0.14285714285714285,0.14285714285714285,0.14285714285714285,0.14285714285714285,1.0551013292304916,1.0682486990147664,1.0238423367924046,1.11468200270636,1.0955492037566352,1.1479440440864774,1.0770221535291085
equal_weight,18,20,150998.3619088836,0.037718956678786775,0.037718956678786775,0.02097149367166773,0.3377411599978638,0.08016437649032593,0.0,0.0,0.0,0.0,1.0,1.0,,0.0,,False,,,7.0,37,0.14285714285714285,0.14285714285714285,0.14285714285714285,0.14285714285714285,0.14285714285714285,0.14285714285714285,0.14285714285714285,1.0700646851823017,1.0958744957492952,1.07574187376562,1.0303490136570561,1.039508013417816,0.9737813884785819,0.9787132265008371
equal_weight,18,21,144956.9300113655,-0.04000991680402255,-0.04000991680402255,-0.03175228954068134,0.31013991540687713,0.08302089899389345,0.0,0.0,0.0,0.0,1.0,1.0,,0.0,,False,,,7.0,38,0.14285714285714285,0.14285714285714285,0.14285714285714285,0.14285714285714285,0.14285714285714285,0.14285714285714285,0.14285714285714285,0.9607720184563087,0.9483673729353325,0.9771948490503586,0.9664212076583212,0.9602007888131946,0.943875616230565,0.9630987292277614
equal_weight,18,22,143544.2040810752,-0.009745832297769708,-0.009745832297769708,-0.010005948508237814,0.30335048607382986,0.06433038350381089,0.0,0.0,0.0,0.0,1.0,1.0,,0.0,,False,,,7.0,39,0.14285714285714285,0.14285714285714285,0.14285714285714285,0.14285714285714285,0.14285714285714285,0.14285714285714285,0.14285714285714285,0.972334225393994,0.9770852563241543,0.9539229191567941,1.0146296860713198,1.00336071695295,1.0297308155885898,0.9807155544278103
equal_weight,18,23,151747.6785949165,0.05714946532573273,0.05714946532573273,0.034555477645798104,0.3410113358837902,0.06210744328324426,0.0,0.0,0.0,0.0,1.0,1.0,,0.0,,False,,,7.0,40,0.14285714285714285,0.14285714285714285,0.14285714285714285,0.14285714285714285,0.14285714285714285,0.14285714285714285,0.14285714285714285,1.1075456274694473,1.1179570958597118,1.1183717604729042,1.0432562331030337,1.0900632675846669,0.9914163090128755,0.9314359637774902
equal_weight,18,24,158181.95007760858,0.042401119689402744,0.042401119689402744,0.021810994556341726,0.3678166190836746,0.09988577287085348,0.0,0.0,0.0,0.0,1.0,1.0,,0.0,,False,,,7.0,41,0.14285714285714285,0.14285714285714285,0.14285714285714285,0.14285714285714285,0.14285714285714285,0.14285714285714285,0.14285714285714285,1.03712146290818,1.0565291374240031,1.0326546656799105,1.0463576158940397,0.9351314441789006,1.1279024006296734,1.0611111111111111
equal_weight,19,1,107675.62073282273,0.0767562073282273,0.0767562073282273,0.06706354531075755,0.07128466667369737,0.08442242725879662,0.0,0.0,0.0,0.0,1.0,1.0,,0.0,,False,,,7.0,19,0.14285714285714285,0.14285714285714285,0.14285714285714285,0.14285714285714285,0.14285714285714285,0.14285714285714285,0.14285714285714285,1.0297288920628345,1.0344408881821956,1.0366536879752946,1.1059013742926436,1.085880077369439,1.2478777589134125,0.9968107725017719
equal_weight,19,2,110822.92680810351,0.029229514107842913,0.029229514107842913,0.021692274639294316,0.09765963704282998,0.09365391459676589,0.0,0.0,0.0,0.0,1.0,1.0,,0.0,,False,,,7.0,20,0.14285714285714285,0.14285714285714285,0.14285714285714285,0.14285714285714285,0.14285714285714285,0.14285714285714285,0.14285714285714285,1.0179242518378595,1.0261253529989354,1.0004892614601024,1.0303362573099413,1.0399002493765588,1.1047619047619048,0.9850693210095981
equal_weight,19,3,112216.31261060238,0.012573082507661981,0.012573082507661981,0.008122421042785547,0.10886396394964215,0.061638117280532395,0.0,0.0,0.0,0.0,1.0,1.0,,0.0,,False,,,7.0,21,0.14285714285714285,0.14285714285714285,0.14285714285714285,0.14285714285714285,0.14285714285714285,0.14285714285714285,0.14285714285714285,1.0393135068908235,1.0489629372043836,1.0256175982612805,1.038666193685704,0.984583761562179,0.9562807881773397,0.9945867917719236
equal_weight,19,4,106057.27797982354,-0.054885377067691365,-0.054885377067691365,-0.05565884467739683,0.05711327025549229,0.07816301966493941,0.0,0.0,0.0,0.0,1.0,1.0,,0.0,,False,,,7.0,22,0.14285714285714285,0.14285714285714285,0.14285714285714285,0.14285714285714285,0.14285714285714285,0.14285714285714285,0.14285714285714285,0.9342222757517478,0.9192601541484278,0.933144921461059,0.9316939890710383,0.9439805149617257,0.9175788795878945,1.0359216255442671
equal_weight,19,5,112549.56883349856,0.061214948915718104,0.061214948915718104,0.050325504757983267,0.11150259360001546,0.08127637173079828,0.0,0.0,0.0,0.0,1.0,1.0,,0.0,,False,,,7.0,23,0.14285714285714285,0.14285714285714285,0.14285714285714285,0.14285714285714285,0.14285714285714285,0.14285714285714285,0.14285714285714285,1.068930144367124,1.074208932789611,1.0719290343572334,1.0821114369501466,1.0269074824917066,1.0224561403508772,1.0819614711033276
equal_weight,19,6,114313.5208836238,0.015672668215502172,0.015672668215502172,0.009747642868000641,0.12521284247902398,0.07925212022015743,0.0,0.0,0.0,0.0,1.0,1.0,,0.0,,False,,,7.0,24,0.14285714285714285,0.14285714285714285,0.14285714285714285,0.14285714285714285,0.14285714285714285,0.14285714285714285,0.14285714285714285,1.0131281613727836,1.0211309798074761,1.0099364281396368,1.0027100271002711,1.007896625987078,1.037748798901853,1.0171576561994171
equal_weight,19,7,114830.82892691664,0.004525344327548808,0.004525344327548808,0.0003449671565442583,0.12915372174449458,0.0719182421785268,0.0,0.0,0.0,0.0,1.0,1.0,,0.0,,False,,,7.0,25,0.14285714285714285,0.14285714285714285,0.14285714285714285,0.14285714285714285,0.14285714285714285,0.14285714285714285,0.14285714285714285,0.9819083802034764,0.9740025585719445,0.9828400247399243,0.9851351351351353,0.9754273504273504,1.0244708994708993,1.1078930617441118
equal_weight,19,8,115503.61973673759,0.005858973727770778,0.005858973727770778,0.001731392851514677,0.13422626729858622,0.06682305405153936,0.0,0.0,0.0,0.0,1.0,1.0,,0.0,,False,,,7.0,26,0.14285714285714285,0.14285714285714285,0.14285714285714285,0.14285714285714285,0.14285714285714285,0.14285714285714285,0.14285714285714285,1.0171811676906573,1.0045787328777878,1.0194502657857352,1.0099451303155005,1.0087623220153341,1.013557133634603,0.9675380637747775
equal_weight,19,9,117099.1168615976,0.01381339501304435,0.01381339501304435,0.00842686765371165,0.14602259453252298,0.06738919160450209,0.0,0.0,0.0,0.0,1.0,1.0,,0.0,,False,,,7.0,27,0.14285714285714285,0.14285714285714285,0.14285714285714285,0.14285714285714285,0.14285714285714285,0.14285714285714285,0.14285714285714285,1.0204317810759416,1.036630597940096,1.0048074160114426,1.0196943972835313,1.0007238508867176,1.024203821656051,0.9902019002375297
equal_weight,19,10,117979.13719922648,0.007515174846869144,0.007515174846869144,0.0028481279841874704,0.15239251299885215,0.07043580964283402,0.0,0.0,0.0,0.0,1.0,1.0,,0.0,,False,,,7.0,28,0.14285714285714285,0.14285714285714285,0.14285714285714285,0.14285714285714285,0.14285714285714285,0.14285714285714285,0.14285714285714285,1.034047030048888,1.0449943420211207,1.037165241936394,0.9783549783549785,0.9924050632911392,0.9950248756218906,0.9706146926536732
equal_weight,19,11,122968.12691781533,0.04228705038047664,0.04228705038047664,0.031033078560199087,0.18678113990600087,0.06711096693899272,0.0,0.0,0.0,0.0,1.0,1.0,,0.0,,False,,,7.0,29,0.14285714285714285,0.14285714285714285,0.14285714285714285,0.14285714285714285,0.14285714285714285,0.14285714285714285,0.14285714285714285,1.028589803182445,1.0354429604664128,1.0173620255284004,1.0408441116405716,1.0557580174927113,1.08125,1.0367624343527957
equal_weight,19,12,124054.42250807598,0.008833960616368985,0.008833960616368985,0.003734239713512384,0.19390217633321405,0.06773593427401589,0.0,0.0,0.0,0.0,1.0,1.0,,0.0,,False,,,7.0,30,0.14285714285714285,0.14285714285714285,0.14285714285714285,0.14285714285714285,0.14285714285714285,0.14285714285714285,0.14285714285714285,1.0293303784225487,1.0479104071466634,1.0217829114307377,0.9565075212557227,0.9206075250258889,1.0710982658959536,1.0146007151370682
equal_weight,19,13,119167.03027638925,-0.03939716241368629,-0.03939716241368629,-0.03666457396397865,0.16084172133797692,0.07208237937483035,0.0,0.0,0.0,0.0,1.0,1.0,,0.0,,False,,,7.0,31,0.14285714285714285,0.14285714285714285,0.14285714285714285,0.14285714285714285,0.14285714285714285,0.14285714285714285,0.14285714285714285,0.8883429458072976,0.9111819056684046,0.8713745250537601,0.9620512820512821,0.9591301087364079,1.0766324878575284,1.0555066079295152
equal_weight,19,14,109192.99483920536,-0.0836979440878125,-0.0836979440878125,-0.08037874711354051,0.08419033522015518,0.07454721991437539,0.0,0.0,0.0,0.0,1.0,1.0,,0.0,,False,,,7.0,32,0.14285714285714285,0.14285714285714285,0.14285714285714285,0.14285714285714285,0.14285714285714285,0.14285714285714285,0.14285714285714285,0.8748807130139254,0.8987705690454519,0.8625624855383022,0.9506041222459132,0.9378420641125881,0.8997493734335839,0.9897050639955481
equal_weight,19,15,119104.44467087027,0.09077001547819297,0.09077001547819297,0.07208300528852636,0.16040077029587718,0.08254859574391282,0.0,0.0,0.0,0.0,1.0,1.0,,0.0,,False,,,7.0,33,0.14285714285714285,0.14285714285714285,0.14285714285714285,0.14285714285714285,0.14285714285714285,0.14285714285714285,0.14285714285714285,1.1268440206437376,1.154471978877262,1.1108063488991609,1.0661682242990655,1.0220925385577322,1.1103064066852368,1.0447005903851563
equal_weight,19,16,121667.28612035149,0.0215175970683823,0.0215175970683823,0.013179003542059954,0.17808637647196746,0.09013205268060641,0.0,0.0,0.0,0.0,1.0,1.0,,0.0,,False,,,7.0,34,0.14285714285714285,0.14285714285714285,0.14285714285714285,0.14285714285714285,0.14285714285714285,0.14285714285714285,0.14285714285714285,1.0452818452385757,1.0675310126503827,1.0426107204951207,0.982468443197756,0.9755301794453507,1.0065228299046662,1.0306781485468246
equal_weight,19,17,127987.21179714626,0.051944330134422456,0.051944330134422456,0.03695191124078639,0.21867193920518146,0.07267302984855237,0.0,0.0,0.0,0.0,1.0,1.0,,0.0,,False,,,7.0,35,0.14285714285714285,0.14285714285714285,0.14285714285714285,0.14285714285714285,0.14285714285714285,0.14285714285714285,0.14285714285714285,1.0183883698313119,1.0599512631895773,1.0169313969075835,1.0549607423269096,1.023829431438127,1.175972083748754,1.0135770234986945
equal_weight,19,18,138635.56075834224,0.08319853844517766,0.08319853844517766,0.05646567570456076,0.27868434726995106,0.07093464720417676,0.0,0.0,0.0,0.0,1.0,1.0,,0.0,,False,,,7.0,36,0.14285714285714285,0.14285714285714285,0.14285714285714285,0.14285714285714285,0.14285714285714285,0.14285714285714285,0.14285714285714285,1.0551013292304916,1.0682486990147664,1.0238423367924046,1.11468200270636,1.0955492037566352,1.1479440440864774,1.0770221535291085
equal_weight,19,19,143864.74946872547,0.037718956678786775,0.037718956678786775,0.02239135728809458,0.30490269249911817,0.07653975882145053,0.0,0.0,0.0,0.0,1.0,1.0,,0.0,,False,,,7.0,37,0.14285714285714285,0.14285714285714285,0.14285714285714285,0.14285714285714285,0.14285714285714285,0.14285714285714285,0.14285714285714285,1.0700646851823017,1.0958744957492952,1.07574187376562,1.0303490136570561,1.039508013417816,0.9737813884785819,0.9787132265008371
equal_weight,19,20,138108.7328114502,-0.04000991680402255,-0.04000991680402255,-0.033063933217379785,0.27593282506963024,0.08188131575783708,0.0,0.0,0.0,0.0,1.0,1.0,,0.0,,False,,,7.0,38,0.14285714285714285,0.14285714285714285,0.14285714285714285,0.14285714285714285,0.14285714285714285,0.14285714285714285,0.14285714285714285,0.9607720184563087,0.9483673729353325,0.9771948490503586,0.9664212076583212,0.9602007888131946,0.943875616230565,0.9630987292277614
equal_weight,19,21,136762.74826261232,-0.009745832297769708,-0.009745832297769708,-0.010151452132004711,0.2688067381625029,0.06050730449754722,0.0,0.0,0.0,0.0,1.0,1.0,,0.0,,False,,,7.0,39,0.14285714285714285,0.14285714285714285,0.14285714285714285,0.14285714285714285,0.14285714285714285,0.14285714285714285,0.14285714285714285,0.972334225393994,0.9770852563241543,0.9539229191567941,1.0146296860713198,1.00336071695295,1.0297308155885898,0.9807155544278103
equal_weight,19,22,144578.6662022984,0.05714946532573273,0.05714946532573273,0.03595599456099776,0.30833502184840134,0.07144578249801373,0.0,0.0,0.0,0.0,1.0,1.0,,0.0,,False,,,7.0,40,0.14285714285714285,0.14285714285714285,0.14285714285714285,0.14285714285714285,0.14285714285714285,0.14285714285714285,0.14285714285714285,1.1075456274694473,1.1179570958597118,1.1183717604729042,1.0432562331030337,1.0900632675846669,0.9914163090128755,0.9314359637774902
equal_weight,19,23,150708.96353247625,0.042401119689402744,0.042401119689402744,0.023525764546086122,0.3364694597050226,0.09217346621070327,0.0,0.0,0.0,0.0,1.0,1.0,,0.0,,False,,,7.0,41,0.14285714285714285,0.14285714285714285,0.14285714285714285,0.14285714285714285,0.14285714285714285,0.14285714285714285,0.14285714285714285,1.03712146290818,1.0565291374240031,1.0326546656799105,1.0463576158940397,0.9351314441789006,1.1279024006296734,1.0611111111111111
equal_weight,19,24,149648.28402760753,-0.007037932449453499,-0.007037932449453499,-0.008583025151974795,0.33176647731188336,0.0776008551767106,0.0,0.0,0.0,0.0,1.0,1.0,,0.0,,False,,,7.0,42,0.14285714285714285,0.14285714285714285,0.14285714285714285,0.14285714285714285,0.14285714285714285,0.14285714285714285,0.14285714285714285,0.9888633335144615,1.0141533291379978,0.9796166893478648,1.0192625206384152,0.910551296093465,1.0568736915561758,0.9814136125654451
equal_weight,20,1,102922.95141078428,0.029229514107842913,0.029229514107842913,0.02394751030621667,0.028399413063061707,0.08903805513690073,0.0,0.0,0.0,0.0,1.0,1.0,,0.0,,False,,,7.0,20,0.14285714285714285,0.14285714285714285,0.14285714285714285,0.14285714285714285,0.14285714285714285,0.14285714285714285,0.14285714285714285,1.0179242518378595,1.0261253529989354,1.0004892614601024,1.0303362573099413,1.0399002493765588,1.1047619047619048,0.9850693210095981
equal_weight,20,2,104217.01017080416,0.012573082507661981,0.012573082507661981,0.008903505035142367,0.04046374160890609,0.0632164702140403,0.0,0.0,0.0,0.0,1.0,1.0,,0.0,,False,,,7.0,21,0.14285714285714285,0.14285714285714285,0.14285714285714285,0.14285714285714285,0.14285714285714285,0.14285714285714285,0.14285714285714285,1.0393135068908235,1.0489629372043836,1.0256175982612805,1.038666193685704,0.984583761562179,0.9562807881773397,0.9945867917719236
equal_weight,20,3,98497.02027071215,-0.054885377067691365,-0.054885377067691365,-0.0590992229015101,-0.015259139059811355,0.0675268446558531,0.0,0.0,0.0,0.0,1.0,1.0,,0.0,,False,,,7.0,22,0.14285714285714285,0.14285714285714285,0.14285714285714285,0.14285714285714285,0.14285714285714285,0.14285714285714285,0.14285714285714285,0.9342222757517478,0.9192601541484278,0.933144921461059,0.9316939890710383,0.9439805149617257,0.9175788795878945,1.0359216255442671
equal_weight,20,4,104526.51033493424,0.061214948915718104,0.061214948915718104,0.05450509938319438,0.04330490246378582,0.08117884280805596,0.0,0.0,0.0,0.0,1.0,1.0,,0.0,,False,,,7.0,23,0.14285714285714285,0.14285714285714285,0.14285714285714285,0.14285714285714285,0.14285714285714285,0.14285714285714285,0.14285714285714285,1.068930144367124,1.074208932789611,1.0719290343572334,1.0821114369501466,1.0269074824917066,1.0224561403508772,1.0819614711033276
equal_weight,20,5,106164.71965113792,0.015672668215502172,0.015672668215502172,0.011004636531822308,0.05806749804827316,0.07515918105330056,0.0,0.0,0.0,0.0,1.0,1.0,,0.0,,False,,,7.0,24,0.14285714285714285,0.14285714285714285,0.14285714285714285,0.14285714285714285,0.14285714285714285,0.14285714285714285,0.14285714285714285,1.0131281613727836,1.0211309798074761,1.0099364281396368,1.0027100271002711,1.007896625987078,1.037748798901853,1.0171576561994171
equal_weight,20,6,106645.151562997,0.004525344327548808,0.004525344327548808,0.001571536200306099,0.06231086425969956,0.05343660022240607,0.0,0.0,0.0,0.0,1.0,1.0,,0.0,,False,,,7.0,25,0.14285714285714285,0.14285714285714285,0.14285714285714285,0.14285714285714285,0.14285714285714285,0.14285714285714285,0.14285714285714285,0.9819083802034764,0.9740025585719445,0.9828400247399243,0.9851351351351353,0.9754273504273504,1.0244708994708993,1.1078930617441118
equal_weight,20,7,107269.98270419873,0.005858973727770778,0.005858973727770778,0.0027004764560116324,0.06777275917202308,0.05522836912623769,0.0,0.0,0.0,0.0,1.0,1.0,,0.0,,False,,,7.0,26,0.14285714285714285,0.14285714285714285,0.14285714285714285,0.14285714285714285,0.14285714285714285,0.14285714285714285,0.14285714285714285,1.0171811676906573,1.0045787328777878,1.0194502657857352,1.0099451303155005,1.0087623220153341,1.013557133634603,0.9675380637747775
equal_weight,20,8,108751.74534833427,0.01381339501304435,0.01381339501304435,0.009850648234625324,0.08047452774483976,0.05702240676382722,0.0,0.0,0.0,0.0,1.0,1.0,,0.0,,False,,,7.0,27,0.14285714285714285,0.14285714285714285,0.14285714285714285,0.14285714285714285,0.14285714285714285,0.14285714285714285,0.14285714285714285,1.0204317810759416,1.036630597940096,1.0048074160114426,1.0196943972835313,1.0007238508867176,1.024203821656051,0.9902019002375297
equal_weight,20,9,109569.03372952918,0.007515174846869144,0.007515174846869144,0.003573988892455529,0.08733337699363408,0.06569720712677579,0.0,0.0,0.0,0.0,1.0,1.0,,0.0,,False,,,7.0,28,0.14285714285714285,0.14285714285714285,0.14285714285714285,0.14285714285714285,0.14285714285714285,0.14285714285714285,0.14285714285714285,1.034047030048888,1.0449943420211207,1.037165241936394,0.9783549783549785,0.9924050632911392,0.9950248756218906,0.9706146926536732
equal_weight,20,10,114202.38497898993,0.04228705038047664,0.04228705038047664,0.03341350795798976,0.12436154447740111,0.07229319051554535,0.0,0.0,0.0,0.0,1.0,1.0,,0.0,,False,,,7.0,29,0.14285714285714285,0.14285714285714285,0.14285714285714285,0.14285714285714285,0.14285714285714285,0.14285714285714285,0.14285714285714285,1.028589803182445,1.0354429604664128,1.0173620255284004,1.0408441116405716,1.0557580174927113,1.08125,1.0367624343527957
equal_weight,20,11,115211.24435018974,0.008833960616368985,0.008833960616368985,0.00464977349425238,0.1320291646530133,0.06035693362719596,0.0,0.0,0.0,0.0,1.0,1.0,,0.0,,False,,,7.0,30,0.14285714285714285,0.14285714285714285,0.14285714285714285,0.14285714285714285,0.14285714285714285,0.14285714285714285,0.14285714285714285,1.0293303784225487,1.0479104071466634,1.0217829114307377,0.9565075212557227,0.9206075250258889,1.0710982658959536,1.0146007151370682
equal_weight,20,12,110672.24824464241,-0.03939716241368629,-0.03939716241368629,-0.03917318979273886,0.09643111451979602,0.07150279319043187,0.0,0.0,0.0,0.0,1.0,1.0,,0.0,,False,,,7.0,31,0.14285714285714285,0.14285714285714285,0.14285714285714285,0.14285714285714285,0.14285714285714285,0.14285714285714285,0.14285714285714285,0.8883429458072976,0.9111819056684046,0.8713745250537601,0.9620512820512821,0.9591301087364079,1.0766324878575284,1.0555066079295152
equal_weight,20,13,101409.20859898982,-0.0836979440878125,-0.0836979440878125,-0.08653565528068743,0.013896258717118526,0.08001598956019867,0.0,0.0,0.0,0.0,1.0,1.0,,0.0,,False,,,7.0,32,0.14285714285714285,0.14285714285714285,0.14285714285714285,0.14285714285714285,0.14285714285714285,0.14285714285714285,0.14285714285714285,0.8748807130139254,0.8987705690454519,0.8625624855383022,0.9506041222459132,0.9378420641125881,0.8997493734335839,0.9897050639955481
equal_weight,20,14,110614.12403315143,0.09077001547819297,0.09077001547819297,0.07756830649626832,0.09595631774808744,0.08983505069401182,0.0,0.0,0.0,0.0,1.0,1.0,,0.0,,False,,,7.0,33,0.14285714285714285,0.14285714285714285,0.14285714285714285,0.14285714285714285,0.14285714285714285,0.14285714285714285,0.14285714285714285,1.1268440206437376,1.154471978877262,1.1108063488991609,1.0661682242990655,1.0220925385577322,1.1103064066852368,1.0447005903851563
equal_weight,20,15,112994.27418416884,0.0215175970683823,0.0215175970683823,0.01442482312991921,0.1149994039785549,0.09236526201096508,0.0,0.0,0.0,0.0,1.0,1.0,,0.0,,False,,,7.0,34,0.14285714285714285,0.14285714285714285,0.14285714285714285,0.14285714285714285,0.14285714285714285,0.14285714285714285,0.14285714285714285,1.0452818452385757,1.0675310126503827,1.0426107204951207,0.982468443197756,0.9755301794453507,1.0065228299046662,1.0306781485468246
equal_weight,20,16,118863.68606569075,0.051944330134422456,0.051944330134422456,0.04023836487628144,0.15870016057945247,0.06924783449232244,0.0,0.0,0.0,0.0,1.0,1.0,,0.0,,False,,,7.0,35,0.14285714285714285,0.14285714285714285,0.14285714285714285,0.14285714285714285,0.14285714285714285,0.14285714285714285,0.14285714285714285,1.0183883698313119,1.0599512631895773,1.0169313969075835,1.0549607423269096,1.023829431438127,1.175972083748754,1.0135770234986945
equal_weight,20,17,128752.97102056265,0.08319853844517766,0.08319853844517766,0.06079929290972376,0.22331889347990752,0.076388799814626,0.0,0.0,0.0,0.0,1.0,1.0,,0.0,,False,,,7.0,36,0.14285714285714285,0.14285714285714285,0.14285714285714285,0.14285714285714285,0.14285714285714285,0.14285714285714285,0.14285714285714285,1.0551013292304916,1.0682486990147664,1.0238423367924046,1.11468200270636,1.0955492037566352,1.1479440440864774,1.0770221535291085
equal_weight,20,18,133609.39875675234,0.037718956678786775,0.037718956678786775,0.02390335737753185,0.2515496594512877,0.0865481718769668,0.0,0.0,0.0,0.0,1.0,1.0,,0.0,,False,,,7.0,37,0.14285714285714285,0.14285714285714285,0.14285714285714285,0.14285714285714285,0.14285714285714285,0.14285714285714285,0.14285714285714285,1.0700646851823017,1.0958744957492952,1.07574187376562,1.0303490136570561,1.039508013417816,0.9737813884785819,0.9787132265008371
equal_weight,20,19,128263.6978282592,-0.04000991680402255,-0.04000991680402255,-0.035610331811169446,0.2203561748711108,0.08833694461985088,0.0,0.0,0.0,0.0,1.0,1.0,,0.0,,False,,,7.0,38,0.14285714285714285,0.14285714285714285,0.14285714285714285,0.14285714285714285,0.14285714285714285,0.14285714285714285,0.14285714285714285,0.9607720184563087,0.9483673729353325,0.9771948490503586,0.9664212076583212,0.9602007888131946,0.943875616230565,0.9630987292277614
equal_weight,20,20,127013.66133933318,-0.009745832297769708,-0.009745832297769708,-0.010924545545569297,0.2126831165599009,0.0650297446871879,0.0,0.0,0.0,0.0,1.0,1.0,,0.0,,False,,,7.0,39,0.14285714285714285,0.14285714285714285,0.14285714285714285,0.14285714285714285,0.14285714285714285,0.14285714285714285,0.14285714285714285,0.972334225393994,0.9770852563241543,0.9539229191567941,1.0146296860713198,1.00336071695295,1.0297308155885898,0.9807155544278103
equal_weight,20,21,134272.42417393977,0.05714946532573273,0.05714946532573273,0.039402156471781746,0.2552454413837232,0.06320336704081057,0.0,0.0,0.0,0.0,1.0,1.0,,0.0,,False,,,7.0,40,0.14285714285714285,0.14285714285714285,0.14285714285714285,0.14285714285714285,0.14285714285714285,0.14285714285714285,0.14285714285714285,1.1075456274694473,1.1179570958597118,1.1183717604729042,1.0432562331030337,1.0900632675846669,0.9914163090128755,0.9314359637774902
equal_weight,20,22,139965.72530232524,0.042401119689402744,0.042401119689402744,0.02577481891916191,0.2855393719855307,0.09038223365291212,0.0,0.0,0.0,0.0,1.0,1.0,,0.0,,False,,,7.0,41,0.14285714285714285,0.14285714285714285,0.14285714285714285,0.14285714285714285,0.14285714285714285,0.14285714285714285,0.14285714285714285,1.03712146290818,1.0565291374240031,1.0326546656799105,1.0463576158940397,0.9351314441789006,1.1279024006296734,1.0611111111111111
equal_weight,20,23,138980.6559824087,-0.007037932449453499,-0.007037932449453499,-0.008454605881978973,0.2804754065007624,0.06781280794421375,0.0,0.0,0.0,0.0,1.0,1.0,,0.0,,False,,,7.0,42,0.14285714285714285,0.14285714285714285,0.14285714285714285,0.14285714285714285,0.14285714285714285,0.14285714285714285,0.14285714285714285,0.9888633335144615,1.0141533291379978,0.9796166893478648,1.0192625206384152,0.910551296093465,1.0568736915561758,0.9814136125654451
equal_weight,20,24,139366.1527803942,0.0027737442686577296,0.0027737442686577296,-0.0012422546608434797,0.2824656632548743,0.06465022829910774,0.0,0.0,0.0,0.0,1.0,1.0,,0.0,,False,,,7.0,43,0.14285714285714285,0.14285714285714285,0.14285714285714285,0.14285714285714285,0.14285714285714285,0.14285714285714285,0.14285714285714285,1.026091448048592,1.0093070419373205,1.0316766856435173,1.0105291576673865,1.057337610264635,0.9290194783757015,0.9554547879434515
equal_weight,21,1,101257.3082507662,0.012573082507661981,0.012573082507661981,0.008885201120407707,0.012416963007276904,0.07063523773738396,0.0,0.0,0.0,0.0,1.0,1.0,,0.0,,False,,,7.0,21,0.14285714285714285,0.14285714285714285,0.14285714285714285,0.14285714285714285,0.14285714285714285,0.14285714285714285,0.14285714285714285,1.0393135068908235,1.0489629372043836,1.0256175982612805,1.038666193685704,0.984583761562179,0.9562807881773397,0.9945867917719236
equal_weight,21,2,95699.76270656344,-0.054885377067691365,-0.054885377067691365,-0.06097667444747316,-0.044934670388076414,0.07250082104239676,0.0,0.0,0.0,0.0,1.0,1.0,,0.0,,False,,,7.0,22,0.14285714285714285,0.14285714285714285,0.14285714285714285,0.14285714285714285,0.14285714285714285,0.14285714285714285,0.14285714285714285,0.9342222757517478,0.9192601541484278,0.933144921461059,0.9316939890710383,0.9439805149617257,0.9175788795878945,1.0359216255442671
equal_weight,21,3,101558.01879189207,0.061214948915718104,0.061214948915718104,0.05663777364342108,0.015341169613447225,0.07276132716205118,0.0,0.0,0.0,0.0,1.0,1.0,,0.0,,False,,,7.0,23,0.14285714285714285,0.14285714285714285,0.14285714285714285,0.14285714285714285,0.14285714285714285,0.14285714285714285,0.14285714285714285,1.068930144367124,1.074208932789611,1.0719290343572334,1.0821114369501466,1.0269074824917066,1.0224561403508772,1.0819614711033276
equal_weight,21,4,103149.70392504113,0.015672668215502172,0.015672668215502172,0.01131658671416406,0.03053526869383949,0.07755024732456411,0.0,0.0,0.0,0.0,1.0,1.0,,0.0,,False,,,7.0,24,0.14285714285714285,0.14285714285714285,0.14285714285714285,0.14285714285714285,0.14285714285714285,0.14285714285714285,0.14285714285714285,1.0131281613727836,1.0211309798074761,1.0099364281396368,1.0027100271002711,1.007896625987078,1.037748798901853,1.0171576561994171
equal_weight,21,5,103616.49185258665,0.004525344327548808,0.004525344327548808,0.0010869048539380345,0.034902666437807706,0.06560985780060362,0.0,0.0,0.0,0.0,1.0,1.0,,0.0,,False,,,7.0,25,0.14285714285714285,0.14285714285714285,0.14285714285714285,0.14285714285714285,0.14285714285714285,0.14285714285714285,0.14285714285714285,0.9819083802034764,0.9740025585719445,0.9828400247399243,0.9851351351351353,0.9754273504273504,1.0244708994708993,1.1078930617441118
equal_weight,21,6,104223.57815611473,0.005858973727770778,0.005858973727770778,0.0025230203282510417,0.04052420988452643,0.06197046236935365,0.0,0.0,0.0,0.0,1.0,1.0,,0.0,,False,,,7.0,26,0.14285714285714285,0.14285714285714285,0.14285714285714285,0.14285714285714285,0.14285714285714285,0.14285714285714285,0.14285714285714285,1.0171811676906573,1.0045787328777878,1.0194502657857352,1.0099451303155005,1.0087623220153341,1.013557133634603,0.9675380637747775
equal_weight,21,7,105663.25961085805,0.01381339501304435,0.01381339501304435,0.010103005947847736,0.053597244981036796,0.0594005829732526,0.0,0.0,0.0,0.0,1.0,1.0,,0.0,,False,,,7.0,27,0.14285714285714285,0.14285714285714285,0.14285714285714285,0.14285714285714285,0.14285714285714285,0.14285714285714285,0.14285714285714285,1.0204317810759416,1.036630597940096,1.0048074160114426,1.0196943972835313,1.0007238508867176,1.024203821656051,0.9902019002375297
equal_weight,21,8,106457.33748172378,0.007515174846869144,0.007515174846869144,0.003667363508949938,0.060656575060712425,0.06783933141451383,0.0,0.0,0.0,0.0,1.0,1.0,,0.0,,False,,,7.0,28,0.14285714285714285,0.14285714285714285,0.14285714285714285,0.14285714285714285,0.14285714285714285,0.14285714285714285,0.14285714285714285,1.034047030048888,1.0449943420211207,1.037165241936394,0.9783549783549785,0.9924050632911392,0.9950248756218906,0.9706146926536732
equal_weight,21,9,110959.10427518483,0.04228705038047664,0.04228705038047664,0.03401124489643447,0.09876705788833362,0.08198475862373443,0.0,0.0,0.0,0.0,1.0,1.0,,0.0,,False,,,7.0,29,0.14285714285714285,0.14285714285714285,0.14285714285714285,0.14285714285714285,0.14285714285714285,0.14285714285714285,0.14285714285714285,1.028589803182445,1.0354429604664128,1.0173620255284004,1.0408441116405716,1.0557580174927113,1.08125,1.0367624343527957
equal_weight,21,10,111939.3126323794,0.008833960616368985,0.008833960616368985,0.004592786122684547,0.10665879887604246,0.06597909730048584,0.0,0.0,0.0,0.0,1.0,1.0,,0.0,,False,,,7.0,30,0.14285714285714285,0.14285714285714285,0.14285714285714285,0.14285714285714285,0.14285714285714285,0.14285714285714285,0.14285714285714285,1.0293303784225487,1.0479104071466634,1.0217829114307377,0.9565075212557227,0.9206075250258889,1.0710982658959536,1.0146007151370682
equal_weight,21,11,107529.22135212514,-0.03939716241368629,-0.03939716241368629,-0.039979047015034366,0.07002023503424493,0.06680966346473671,0.0,0.0,0.0,0.0,1.0,1.0,,0.0,,False,,,7.0,31,0.14285714285714285,0.14285714285714285,0.14285714285714285,0.14285714285714285,0.14285714285714285,0.14285714285714285,0.14285714285714285,0.8883429458072976,0.9111819056684046,0.8713745250537601,0.9620512820512821,0.9591301087364079,1.0766324878575284,1.0555066079295152
equal_weight,21,12,98529.24659558895,-0.0836979440878125,-0.0836979440878125,-0.08887026840246573,-0.014927074500505677,0.07845917735430238,0.0,0.0,0.0,0.0,1.0,1.0,,0.0,,False,,,7.0,32,0.14285714285714285,0.14285714285714285,0.14285714285714285,0.14285714285714285,0.14285714285714285,0.14285714285714285,0.14285714285714285,0.8748807130139254,0.8987705690454519,0.8625624855383022,0.9506041222459132,0.9378420641125881,0.8997493734335839,0.9897050639955481
equal_weight,21,13,107472.74783412524,0.09077001547819297,0.09077001547819297,0.07965141552442338,0.06953156018359896,0.09614438319362502,0.0,0.0,0.0,0.0,1.0,1.0,,0.0,,False,,,7.0,33,0.14285714285714285,0.14285714285714285,0.14285714285714285,0.14285714285714285,0.14285714285714285,0.14285714285714285,0.14285714285714285,1.1268440206437376,1.154471978877262,1.1108063488991609,1.0661682242990655,1.0220925385577322,1.1103064066852368,1.0447005903851563
equal_weight,21,14,109785.3031178518,0.0215175970683823,0.0215175970683823,0.01493652768079973,0.0891312665716969,0.0932635741459641,0.0,0.0,0.0,0.0,1.0,1.0,,0.0,,False,,,7.0,34,0.14285714285714285,0.14285714285714285,0.14285714285714285,0.14285714285714285,0.14285714285714285,0.14285714285714285,0.14285714285714285,1.0452818452385757,1.0675310126503827,1.0426107204951207,0.982468443197756,0.9755301794453507,1.0065228299046662,1.0306781485468246
equal_weight,21,15,115488.02714691313,0.051944330134422456,0.051944330134422456,0.04196367564367314,0.13410937505418374,0.06028865677627405,0.0,0.0,0.0,0.0,1.0,1.0,,0.0,,False,,,7.0,35,0.14285714285714285,0.14285714285714285,0.14285714285714285,0.14285714285714285,0.14285714285714285,0.14285714285714285,0.14285714285714285,1.0183883698313119,1.0599512631895773,1.0169313969075835,1.0549607423269096,1.023829431438127,1.175972083748754,1.0135770234986945
equal_weight,21,16,125096.4622134533,0.08319853844517766,0.08319853844517766,0.06272214445415987,0.2006168821195835,0.07570725222479774,0.0,0.0,0.0,0.0,1.0,1.0,,0.0,,False,,,7.0,36,0.14285714285714285,0.14285714285714285,0.14285714285714285,0.14285714285714285,0.14285714285714285,0.14285714285714285,0.14285714285714285,1.0551013292304916,1.0682486990147664,1.0238423367924046,1.11468200270636,1.0955492037566352,1.1479440440864774,1.0770221535291085
equal_weight,21,17,129814.97025235202,0.037718956678786775,0.037718956678786775,0.024817188244127462,0.2296728196631993,0.08477498598976665,0.0,0.0,0.0,0.0,1.0,1.0,,0.0,,False,,,7.0,37,0.14285714285714285,0.14285714285714285,0.14285714285714285,0.14285714285714285,0.14285714285714285,0.14285714285714285,0.14285714285714285,1.0700646851823017,1.0958744957492952,1.07574187376562,1.0303490136570561,1.039508013417816,0.9737813884785819,0.9787132265008371
equal_weight,21,18,124621.08409263876,-0.04000991680402255,-0.04000991680402255,-0.03658831517692069,0.19756756468541348,0.0896612039826973,0.0,0.0,0.0,0.0,1.0,1.0,,0.0,,False,,,7.0,38,0.14285714285714285,0.14285714285714285,0.14285714285714285,0.14285714285714285,0.14285714285714285,0.14285714285714285,0.14285714285714285,0.9607720184563087,0.9483673729353325,0.9771948490503586,0.9664212076583212,0.9602007888131946,0.943875616230565,0.9630987292277614
equal_weight,21,19,123406.54790630564,-0.009745832297769708,-0.009745832297769708,-0.011428614938852385,0.18967022660804567,0.0706255372296915,0.0,0.0,0.0,0.0,1.0,1.0,,0.0,,False,,,7.0,39,0.14285714285714285,0.14285714285714285,0.14285714285714285,0.14285714285714285,0.14285714285714285,0.14285714285714285,0.14285714285714285,0.972334225393994,0.9770852563241543,0.9539229191567941,1.0146296860713198,1.00336071695295,1.0297308155885898,0.9807155544278103
equal_weight,21,20,130459.16613684544,0.05714946532573273,0.05714946532573273,0.040877985738833576,0.23347662750576847,0.05856830317778469,0.0,0.0,0.0,0.0,1.0,1.0,,0.0,,False,,,7.0,40,0.14285714285714285,0.14285714285714285,0.14285714285714285,0.14285714285714285,0.14285714285714285,0.14285714285714285,0.14285714285714285,1.1075456274694473,1.1179570958597118,1.1183717604729042,1.0432562331030337,1.0900632675846669,0.9914163090128755,0.9314359637774902
equal_weight,21,21,135990.7808547935,0.042401119689402744,0.042401119689402744,0.02660494546760802,0.26465603497948353,0.09148924012214082,0.0,0.0,0.0,0.0,1.0,1.0,,0.0,,False,,,7.0,41,0.14285714285714285,0.14285714285714285,0.14285714285714285,0.14285714285714285,0.14285714285714285,0.14285714285714285,0.14285714285714285,1.03712146290818,1.0565291374240031,1.0326546656799105,1.0463576158940397,0.9351314441789006,1.1279024006296734,1.0611111111111111
equal_weight,21,22,135033.68692538902,-0.007037932449453499,-0.007037932449453499,-0.008765231842639398,0.2594440522441366,0.07106498214584889,0.0,0.0,0.0,0.0,1.0,1.0,,0.0,,False,,,7.0,42,0.14285714285714285,0.14285714285714285,0.14285714285714285,0.14285714285714285,0.14285714285714285,0.14285714285714285,0.14285714285714285,0.9888633335144615,1.0141533291379978,0.9796166893478648,1.0192625206384152,0.910551296093465,1.0568736915561758,0.9814136125654451
equal_weight,21,23,135408.23584057405,0.0027737442686577296,0.0027737442686577296,-0.0014075246546165678,0.26149248323612106,0.06911911293202104,0.0,0.0,0.0,0.0,1.0,1.0,,0.0,,False,,,7.0,43,0.14285714285714285,0.14285714285714285,0.14285714285714285,0.14285714285714285,0.14285714285714285,0.14285714285714285,0.14285714285714285,1.026091448048592,1.0093070419373205,1.0316766856435173,1.0105291576673865,1.057337610264635,0.9290194783757015,0.9554547879434515
equal_weight,21,24,135606.58989072498,0.001464859570170285,0.001464859570170285,-0.002403898316789692,0.2625727106582182,0.06968251477773632,0.0,0.0,0.0,0.0,1.0,1.0,,0.0,,False,,,7.0,44,0.14285714285714285,0.14285714285714285,0.14285714285714285,0.14285714285714285,0.14285714285714285,0.14285714285714285,0.14285714285714285,1.0424386351216453,1.004133253410209,1.0662471630729378,0.9422922789206518,1.0401971937808114,0.9470504619758351,0.9678950307091011
equal_weight,22,1,94511.46229323087,-0.054885377067691365,-0.054885377067691365,-0.06145973515056729,-0.05807272021398213,0.0677402987317032,0.0,0.0,0.0,0.0,1.0,1.0,,0.0,,False,,,7.0,22,0.14285714285714285,0.14285714285714285,0.14285714285714285,0.14285714285714285,0.14285714285714285,0.14285714285714285,0.14285714285714285,0.9342222757517478,0.9192601541484278,0.933144921461059,0.9316939890710383,0.9439805149617257,0.9175788795878945,1.0359216255442671
equal_weight,22,2,100296.97662946081,0.061214948915718104,0.061214948915718104,0.057040434036004346,0.002960972897099179,0.0798651815015393,0.0,0.0,0.0,0.0,1.0,1.0,,0.0,,False,,,7.0,23,0.14285714285714285,0.14285714285714285,0.14285714285714285,0.14285714285714285,0.14285714285714285,0.14285714285714285,0.14285714285714285,1.068930144367124,1.074208932789611,1.0719290343572334,1.0821114369501466,1.0269074824917066,1.0224561403508772,1.0819614711033276
equal_weight,22,3,101868.89786719233,0.015672668215502172,0.015672668215502172,0.01085786928247293,0.018346108638858882,0.09054532918573549,0.0,0.0,0.0,0.0,1.0,1.0,,0.0,,False,,,7.0,24,0.14285714285714285,0.14285714285714285,0.14285714285714285,0.14285714285714285,0.14285714285714285,0.14285714285714285,0.14285714285714285,1.0131281613727836,1.0211309798074761,1.0099364281396368,1.0027100271002711,1.007896625987078,1.037748798901853,1.0171576561994171
equal_weight,22,4,102329.88970630927,0.004525344327548808,0.004525344327548808,0.0008319154361925065,0.022768418035005622,0.07180787919908466,0.0,0.0,0.0,0.0,1.0,1.0,,0.0,,False,,,7.0,25,0.14285714285714285,0.14285714285714285,0.14285714285714285,0.14285714285714285,0.14285714285714285,0.14285714285714285,0.14285714285714285,0.9819083802034764,0.9740025585719445,0.9828400247399243,0.9851351351351353,0.9754273504273504,1.0244708994708993,1.1078930617441118
equal_weight,22,5,102929.43784166421,0.005858973727770778,0.005858973727770778,0.002810115264740723,0.028460641611300352,0.05764216623108014,0.0,0.0,0.0,0.0,1.0,1.0,,0.0,,False,,,7.0,26,0.14285714285714285,0.14285714285714285,0.14285714285714285,0.14285714285714285,0.14285714285714285,0.14285714285714285,0.14285714285714285,1.0171811676906573,1.0045787328777878,1.0194502657857352,1.0099451303155005,1.0087623220153341,1.013557133634603,0.9675380637747775
equal_weight,22,6,104351.24282504171,0.01381339501304435,0.01381339501304435,0.010013144703440387,0.0416980450567046,0.06448517483927727,0.0,0.0,0.0,0.0,1.0,1.0,,0.0,,False,,,7.0,27,0.14285714285714285,0.14285714285714285,0.14285714285714285,0.14285714285714285,0.14285714285714285,0.14285714285714285,0.14285714285714285,1.0204317810759416,1.036630597940096,1.0048074160114426,1.0196943972835313,1.0007238508867176,1.024203821656051,0.9902019002375297
equal_weight,22,7,105135.46066036,0.007515174846869144,0.007515174846869144,0.004188950393929991,0.04884613267592075,0.05918274450572314,0.0,0.0,0.0,0.0,1.0,1.0,,0.0,,False,,,7.0,28,0.14285714285714285,0.14285714285714285,0.14285714285714285,0.14285714285714285,0.14285714285714285,0.14285714285714285,0.14285714285714285,1.034047030048888,1.0449943420211207,1.037165241936394,0.9783549783549785,0.9924050632911392,0.9950248756218906,0.9706146926536732
equal_weight,22,8,109581.32918207927,0.04228705038047664,0.04228705038047664,0.03514315484653723,0.0874357817485405,0.06892988452165034,0.0,0.0,0.0,0.0,1.0,1.0,,0.0,,False,,,7.0,29,0.14285714285714285,0.14285714285714285,0.14285714285714285,0.14285714285714285,0.14285714285714285,0.14285714285714285,0.14285714285714285,1.028589803182445,1.0354429604664128,1.0173620255284004,1.0408441116405716,1.0557580174927113,1.08125,1.0367624343527957
equal_weight,22,9,110549.36632836312,0.008833960616368985,0.008833960616368985,0.004277272591983879,0.09542674624681702,0.07427383812585282,0.0,0.0,0.0,0.0,1.0,1.0,,0.0,,False,,,7.0,30,0.14285714285714285,0.14285714285714285,0.14285714285714285,0.14285714285714285,0.14285714285714285,0.14285714285714285,0.14285714285714285,1.0293303784225487,1.0479104071466634,1.0217829114307377,0.9565075212557227,0.9206075250258889,1.0710982658959536,1.0146007151370682
equal_weight,22,10,106194.03498839449,-0.03939716241368629,-0.03939716241368629,-0.04111037922608798,0.05832752271887398,0.08022311396289876,0.0,0.0,0.0,0.0,1.0,1.0,,0.0,,False,,,7.0,31,0.14285714285714285,0.14285714285714285,0.14285714285714285,0.14285714285714285,0.14285714285714285,0.14285714285714285,0.14285714285714285,0.8883429458072976,0.9111819056684046,0.8713745250537601,0.9620512820512821,0.9591301087364079,1.0766324878575284,1.0555066079295152
equal_weight,22,11,97305.81258547664,-0.0836979440878125,-0.0836979440878125,-0.0897829811710104,-0.027687836347460637,0.07535244209351548,0.0,0.0,0.0,0.0,1.0,1.0,,0.0,,False,,,7.0,32,0.14285714285714285,0.14285714285714285,0.14285714285714285,0.14285714285714285,0.14285714285714285,0.14285714285714285,0.14285714285714285,0.8748807130139254,0.8987705690454519,0.8625624855383022,0.9506041222459132,0.9378420641125881,0.8997493734335839,0.9897050639955481
equal_weight,22,12,106138.2626999785,0.09077001547819297,0.09077001547819297,0.08097944071386617,0.057832703719011835,0.09082198705212598,0.0,0.0,0.0,0.0,1.0,1.0,,0.0,,False,,,7.0,33,0.14285714285714285,0.14285714285714285,0.14285714285714285,0.14285714285714285,0.14285714285714285,0.14285714285714285,0.14285714285714285,1.1268440206437376,1.154471978877262,1.1108063488991609,1.0661682242990655,1.0220925385577322,1.1103064066852368,1.0447005903851563
equal_weight,22,13,108422.10307029475,0.0215175970683823,0.0215175970683823,0.015323307646470321,0.07767883883265325,0.0904565493434219,0.0,0.0,0.0,0.0,1.0,1.0,,0.0,,False,,,7.0,34,0.14285714285714285,0.14285714285714285,0.14285714285714285,0.14285714285714285,0.14285714285714285,0.14285714285714285,0.14285714285714285,1.0452818452385757,1.0675310126503827,1.0426107204951207,0.982468443197756,0.9755301794453507,1.0065228299046662,1.0306781485468246
equal_weight,22,14,114054.01658604652,0.051944330134422456,0.051944330134422456,0.0420637365641909,0.12322246078412913,0.06959770774569952,0.0,0.0,0.0,0.0,1.0,1.0,,0.0,,False,,,7.0,35,0.14285714285714285,0.14285714285714285,0.14285714285714285,0.14285714285714285,0.14285714285714285,0.14285714285714285,0.14285714285714285,1.0183883698313119,1.0599512631895773,1.0169313969075835,1.0549607423269096,1.023829431438127,1.175972083748754,1.0135770234986945
equal_weight,22,15,123543.14406980765,0.08319853844517766,0.08319853844517766,0.06340588133895829,0.19056617222324101,0.07875660200307202,0.0,0.0,0.0,0.0,1.0,1.0,,0.0,,False,,,7.0,36,0.14285714285714285,0.14285714285714285,0.14285714285714285,0.14285714285714285,0.14285714285714285,0.14285714285714285,0.14285714285714285,1.0551013292304916,1.0682486990147664,1.0238423367924046,1.11468200270636,1.0955492037566352,1.1479440440864774,1.0770221535291085
equal_weight,22,16,128203.06256893784,0.037718956678786775,0.037718956678786775,0.02528471607311133,0.2199874324669302,0.08273088341155703,0.0,0.0,0.0,0.0,1.0,1.0,,0.0,,False,,,7.0,37,0.14285714285714285,0.14285714285714285,0.14285714285714285,0.14285714285714285,0.14285714285714285,0.14285714285714285,0.14285714285714285,1.0700646851823017,1.0958744957492952,1.07574187376562,1.0303490136570561,1.039508013417816,0.9737813884785819,0.9787132265008371
equal_weight,22,17,123073.66870153374,-0.04000991680402255,-0.04000991680402255,-0.03668615667878798,0.1874785154693791,0.08354479362473767,0.0,0.0,0.0,0.0,1.0,1.0,,0.0,,False,,,7.0,38,0.14285714285714285,0.14285714285714285,0.14285714285714285,0.14285714285714285,0.14285714285714285,0.14285714285714285,0.14285714285714285,0.9607720184563087,0.9483673729353325,0.9771948490503586,0.9664212076583212,0.9602007888131946,0.943875616230565,0.9630987292277614
equal_weight,22,18,121874.21336609732,-0.009745832297769708,-0.009745832297769708,-0.011587033945518053,0.1794818835087738,0.07180803969825517,0.0,0.0,0.0,0.0,1.0,1.0,,0.0,,False,,,7.0,39,0.14285714285714285,0.14285714285714285,0.14285714285714285,0.14285714285714285,0.14285714285714285,0.14285714285714285,0.14285714285714285,0.972334225393994,0.9770852563241543,0.9539229191567941,1.0146296860713198,1.00336071695295,1.0297308155885898,0.9807155544278103
equal_weight,22,19,128839.25949696405,0.05714946532573273,0.05714946532573273,0.04105742773062728,0.22383906589934732,0.06599509319892465,0.0,0.0,0.0,0.0,1.0,1.0,,0.0,,False,,,7.0,40,0.14285714285714285,0.14285714285714285,0.14285714285714285,0.14285714285714285,0.14285714285714285,0.14285714285714285,0.14285714285714285,1.1075456274694473,1.1179570958597118,1.1183717604729042,1.0432562331030337,1.0900632675846669,0.9914163090128755,0.9314359637774902
equal_weight,22,20,134302.18835958885,0.042401119689402744,0.042401119689402744,0.02667090421065804,0.25541049463576937,0.09801049051528016,0.0,0.0,0.0,0.0,1.0,1.0,,0.0,,False,,,7.0,41,0.14285714285714285,0.14285714285714285,0.14285714285714285,0.14285714285714285,0.14285714285714285,0.14285714285714285,0.14285714285714285,1.03712146290818,1.0565291374240031,1.0326546656799105,1.0463576158940397,0.9351314441789006,1.1279024006296734,1.0611111111111111
equal_weight,22,21,133356.9786301003,-0.007037932449453499,-0.007037932449453499,-0.008914794665025705,0.25013298121146266,0.07274562481437986,0.0,0.0,0.0,0.0,1.0,1.0,,0.0,,False,,,7.0,42,0.14285714285714285,0.14285714285714285,0.14285714285714285,0.14285714285714285,0.14285714285714285,0.14285714285714285,0.14285714285714285,0.9888633335144615,1.0141533291379978,0.9796166893478648,1.0192625206384152,0.910551296093465,1.0568736915561758,0.9814136125654451
equal_weight,22,22,133726.87678526103,0.0027737442686577296,0.0027737442686577296,-0.0016875900195410585,0.25220716729532044,0.07523552206797691,0.0,0.0,0.0,0.0,1.0,1.0,,0.0,,False,,,7.0,43,0.14285714285714285,0.14285714285714285,0.14285714285714285,0.14285714285714285,0.14285714285714285,0.14285714285714285,0.14285714285714285,1.026091448048592,1.0093070419373205,1.0316766856435173,1.0105291576673865,1.057337610264635,0.9290194783757015,0.9554547879434515
equal_weight,22,23,133922.7678805089,0.001464859570170285,0.001464859570170285,-0.0029916024908907607,0.25330097650592265,0.08170823402985929,0.0,0.0,0.0,0.0,1.0,1.0,,0.0,,False,,,7.0,44,0.14285714285714285,0.14285714285714285,0.14285714285714285,0.14285714285714285,0.14285714285714285,0.14285714285714285,0.14285714285714285,1.0424386351216453,1.004133253410209,1.0662471630729378,0.9422922789206518,1.0401971937808114,0.9470504619758351,0.9678950307091011
equal_weight,22,24,139374.64769835546,0.04070913336193094,0.04070913336193094,0.02563117572173555,0.2825093971435384,0.07154489831760401,0.0,0.0,0.0,0.0,1.0,1.0,,0.0,,False,,,7.0,45,0.14285714285714285,0.14285714285714285,0.14285714285714285,0.14285714285714285,0.14285714285714285,0.14285714285714285,0.14285714285714285,1.0524253138754247,1.054036194252693,1.0270848634564504,0.9872412815423873,1.0051039008384979,1.121575984990619,1.0374963945774445
equal_weight,23,1,106121.49489157181,0.061214948915718104,0.061214948915718104,0.05384115701439034,0.05768383585084591,0.07685357672911147,0.0,0.0,0.0,0.0,1.0,1.0,,0.0,,False,,,7.0,23,0.14285714285714285,0.14285714285714285,0.14285714285714285,0.14285714285714285,0.14285714285714285,0.14285714285714285,0.14285714285714285,1.068930144367124,1.074208932789611,1.0719290343572334,1.0821114369501466,1.0269074824917066,1.0224561403508772,1.0819614711033276
equal_weight,23,2,107784.70187154053,0.015672668215502172,0.015672668215502172,0.010233378197346602,0.07222455261618155,0.08614677135978072,0.0,0.0,0.0,0.0,1.0,1.0,,0.0,,False,,,7.0,24,0.14285714285714285,0.14285714285714285,0.14285714285714285,0.14285714285714285,0.14285714285714285,0.14285714285714285,0.14285714285714285,1.0131281613727836,1.0211309798074761,1.0099364281396368,1.0027100271002711,1.007896625987078,1.037748798901853,1.0171576561994171
equal_weight,23,3,108272.46476075145,0.004525344327548808,0.004525344327548808,0.000981101117620451,0.076404141893611,0.06396976319618002,0.0,0.0,0.0,0.0,1.0,1.0,,0.0,,False,,,7.0,25,0.14285714285714285,0.14285714285714285,0.14285714285714285,0.14285714285714285,0.14285714285714285,0.14285714285714285,0.14285714285714285,0.9819083802034764,0.9740025585719445,0.9828400247399243,0.9851351351351353,0.9754273504273504,1.0244708994708993,1.1078930617441118
equal_weight,23,4,108906.83028722568,0.005858973727770778,0.005858973727770778,0.0024526538150192088,0.08178394563256708,0.05854299847873741,0.0,0.0,0.0,0.0,1.0,1.0,,0.0,,False,,,7.0,26,0.14285714285714285,0.14285714285714285,0.14285714285714285,0.14285714285714285,0.14285714285714285,0.14285714285714285,0.14285714285714285,1.0171811676906573,1.0045787328777878,1.0194502657857352,1.0099451303155005,1.0087623220153341,1.013557133634603,0.9675380637747775
equal_weight,23,5,110411.20335360171,0.01381339501304435,0.01381339501304435,0.009097430566239097,0.09429480919847333,0.06826865999334303,0.0,0.0,0.0,0.0,1.0,1.0,,0.0,,False,,,7.0,27,0.14285714285714285,0.14285714285714285,0.14285714285714285,0.14285714285714285,0.14285714285714285,0.14285714285714285,0.14285714285714285,1.0204317810759416,1.036630597940096,1.0048074160114426,1.0196943972835313,1.0007238508867176,1.024203821656051,0.9902019002375297
equal_weight,23,6,111240.96285185726,0.007515174846869144,0.007515174846869144,0.0035633000418440683,0.1010505713333959,0.06384924186157007,0.0,0.0,0.0,0.0,1.0,1.0,,0.0,,False,,,7.0,28,0.14285714285714285,0.14285714285714285,0.14285714285714285,0.14285714285714285,0.14285714285714285,0.14285714285714285,0.14285714285714285,1.034047030048888,1.0449943420211207,1.037165241936394,0.9783549783549785,0.9924050632911392,0.9950248756218906,0.9706146926536732
equal_weight,23,7,115945.01505234647,0.04228705038047664,0.04228705038047664,0.03305116794014018,0.13752221296575506,0.06840947384437973,0.0,0.0,0.0,0.0,1.0,1.0,,0.0,,False,,,7.0,29,0.14285714285714285,0.14285714285714285,0.14285714285714285,0.14285714285714285,0.14285714285714285,0.14285714285714285,0.14285714285714285,1.028589803182445,1.0354429604664128,1.0173620255284004,1.0408441116405716,1.0557580174927113,1.08125,1.0367624343527957
equal_weight,23,8,116969.2687489832,0.008833960616368985,0.008833960616368985,0.00390794787985596,0.14507459036440906,0.07288859037596075,0.0,0.0,0.0,0.0,1.0,1.0,,0.0,,False,,,7.0,30,0.14285714285714285,0.14285714285714285,0.14285714285714285,0.14285714285714285,0.14285714285714285,0.14285714285714285,0.14285714285714285,1.0293303784225487,1.0479104071466634,1.0217829114307377,0.9565075212557227,0.9206075250258889,1.0710982658959536,1.0146007151370682
equal_weight,23,9,112361.01147066939,-0.03939716241368629,-0.03939716241368629,-0.03851738036999108,0.1100115717087159,0.06908723428595837,0.0,0.0,0.0,0.0,1.0,1.0,,0.0,,False,,,7.0,31,0.14285714285714285,0.14285714285714285,0.14285714285714285,0.14285714285714285,0.14285714285714285,0.14285714285714285,0.14285714285714285,0.8883429458072976,0.9111819056684046,0.8713745250537601,0.9620512820512821,0.9591301087364079,1.0766324878575284,1.0555066079295152
equal_weight,23,10,102956.62581494724,-0.0836979440878125,-0.0836979440878125,-0.08522565122708008,0.028717198058349713,0.07862555153427792,0.0,0.0,0.0,0.0,1.0,1.0,,0.0,,False,,,7.0,32,0.14285714285714285,0.14285714285714285,0.14285714285714285,0.14285714285714285,0.14285714285714285,0.14285714285714285,0.14285714285714285,0.8748807130139254,0.8987705690454519,0.8625624855383022,0.9506041222459132,0.9378420641125881,0.8997493734335839,0.9897050639955481
equal_weight,23,11,112302.00033375253,0.09077001547819297,0.09077001547819297,0.07645163651077437,0.10954391103624128,0.08750152934234391,0.0,0.0,0.0,0.0,1.0,1.0,,0.0,,False,,,7.0,33,0.14285714285714285,0.14285714285714285,0.14285714285714285,0.14285714285714285,0.14285714285714285,0.14285714285714285,0.14285714285714285,1.1268440206437376,1.154471978877262,1.1108063488991609,1.0661682242990655,1.0220925385577322,1.1103064066852368,1.0447005903851563
equal_weight,23,12,114718.46952690755,0.0215175970683823,0.0215175970683823,0.014229262584561031,0.12830078354083407,0.09055219840063519,0.0,0.0,0.0,0.0,1.0,1.0,,0.0,,False,,,7.0,34,0.14285714285714285,0.14285714285714285,0.14285714285714285,0.14285714285714285,0.14285714285714285,0.14285714285714285,0.14285714285714285,1.0452818452385757,1.0675310126503827,1.0426107204951207,0.982468443197756,0.9755301794453507,1.0065228299046662,1.0306781485468246
equal_weight,23,13,120677.44358052891,0.051944330134422456,0.051944330134422456,0.039588966257099845,0.17134472662847477,0.06909953661081715,0.0,0.0,0.0,0.0,1.0,1.0,,0.0,,False,,,7.0,35,0.14285714285714285,0.14285714285714285,0.14285714285714285,0.14285714285714285,0.14285714285714285,0.14285714285714285,0.14285714285714285,1.0183883698313119,1.0599512631895773,1.0169313969075835,1.0549607423269096,1.023829431438127,1.175972083748754,1.0135770234986945
equal_weight,23,14,130717.63050972931,0.08319853844517766,0.08319853844517766,0.06063911557281632,0.23499225307211336,0.06016821741644515,0.0,0.0,0.0,0.0,1.0,1.0,,0.0,,False,,,7.0,36,0.14285714285714285,0.14285714285714285,0.14285714285714285,0.14285714285714285,0.14285714285714285,0.14285714285714285,0.14285714285714285,1.0551013292304916,1.0682486990147664,1.0238423367924046,1.11468200270636,1.0955492037566352,1.1479440440864774,1.0770221535291085
equal_weight,23,15,135648.16315207945,0.037718956678786775,0.037718956678786775,0.023992856308852714,0.2627987163535208,0.0762721394510948,0.0,0.0,0.0,0.0,1.0,1.0,,0.0,,False,,,7.0,37,0.14285714285714285,0.14285714285714285,0.14285714285714285,0.14285714285714285,0.14285714285714285,0.14285714285714285,0.14285714285714285,1.0700646851823017,1.0958744957492952,1.07574187376562,1.0303490136570561,1.039508013417816,0.9737813884785819,0.9787132265008371
equal_weight,23,16,130220.89142974628,-0.04000991680402255,-0.04000991680402255,-0.034130920901323025,0.23207406352344262,0.06812536142489668,0.0,0.0,0.0,0.0,1.0,1.0,,0.0,,False,,,7.0,38,0.14285714285714285,0.14285714285714285,0.14285714285714285,0.14285714285714285,0.14285714285714285,0.14285714285714285,0.14285714285714285,0.9607720184563087,0.9483673729353325,0.9771948490503586,0.9664212076583212,0.9602007888131946,0.943875616230565,0.9630987292277614
equal_weight,23,17,128951.78046020589,-0.009745832297769708,-0.009745832297769708,-0.011379515311015042,0.22451632972326685,0.07643563021678544,0.0,0.0,0.0,0.0,1.0,1.0,,0.0,,False,,,7.0,39,0.14285714285714285,0.14285714285714285,0.14285714285714285,0.14285714285714285,0.14285714285714285,0.14285714285714285,0.14285714285714285,0.972334225393994,0.9770852563241543,0.9539229191567941,1.0146296860713198,1.00336071695295,1.0297308155885898,0.9807155544278103
equal_weight,23,18,136321.30576630792,0.05714946532573273,0.05714946532573273,0.03884400370039794,0.26643895143267327,0.06157236018016949,0.0,0.0,0.0,0.0,1.0,1.0,,0.0,,False,,,7.0,40,0.14285714285714285,0.14285714285714285,0.14285714285714285,0.14285714285714285,0.14285714285714285,0.14285714285714285,0.14285714285714285,1.1075456274694473,1.1179570958597118,1.1183717604729042,1.0432562331030337,1.0900632675846669,0.9914163090128755,0.9314359637774902
equal_weight,23,19,142101.4817683208,0.042401119689402744,0.042401119689402744,0.0253178253717996,0.2962775703983309,0.09041587187716096,0.0,0.0,0.0,0.0,1.0,1.0,,0.0,,False,,,7.0,41,0.14285714285714285,0.14285714285714285,0.14285714285714285,0.14285714285714285,0.14285714285714285,0.14285714285714285,0.14285714285714285,1.03712146290818,1.0565291374240031,1.0326546656799105,1.0463576158940397,0.9351314441789006,1.1279024006296734,1.0611111111111111
equal_weight,23,20,141101.38113866813,-0.007037932449453499,-0.007037932449453499,-0.00866732237391137,0.29128971528829706,0.07358934527755027,0.0,0.0,0.0,0.0,1.0,1.0,,0.0,,False,,,7.0,42,0.14285714285714285,0.14285714285714285,0.14285714285714285,0.14285714285714285,0.14285714285714285,0.14285714285714285,0.14285714285714285,0.9888633335144615,1.0141533291379978,0.9796166893478648,1.0192625206384152,0.910551296093465,1.0568736915561758,0.9814136125654451
equal_weight,23,21,141492.7602859012,0.0027737442686577296,0.0027737442686577296,-0.0019051282894670613,0.29325005888683386,0.07730943776007736,0.0,0.0,0.0,0.0,1.0,1.0,,0.0,,False,,,7.0,43,0.14285714285714285,0.14285714285714285,0.14285714285714285,0.14285714285714285,0.14285714285714285,0.14285714285714285,0.14285714285714285,1.026091448048592,1.0093070419373205,1.0316766856435173,1.0105291576673865,1.057337610264635,0.9290194783757015,0.9554547879434515
equal_weight,23,22,141700.0273099158,0.001464859570170285,0.001464859570170285,-0.0026891345277677958,0.29428383396647195,0.07445819214811768,0.0,0.0,0.0,0.0,1.0,1.0,,0.0,,False,,,7.0,44,0.14285714285714285,0.14285714285714285,0.14285714285714285,0.14285714285714285,0.14285714285714285,0.14285714285714285,0.14285714285714285,1.0424386351216453,1.004133253410209,1.0662471630729378,0.9422922789206518,1.0401971937808114,0.9470504619758351,0.9678950307091011
equal_weight,23,23,147468.51261906442,0.04070913336193094,0.04070913336193094,0.023628737889752227,0.32188913942384056,0.07953135135232768,0.0,0.0,0.0,0.0,1.0,1.0,,0.0,,False,,,7.0,45,0.14285714285714285,0.14285714285714285,0.14285714285714285,0.14285714285714285,0.14285714285714285,0.14285714285714285,0.14285714285714285,1.0524253138754247,1.054036194252693,1.0270848634564504,0.9872412815423873,1.0051039008384979,1.121575984990619,1.0374963945774445
equal_weight,23,24,151025.45427146342,0.02412000764927469,0.02412000764927469,0.012719928150088548,0.33785996220045655,0.06501789253054885,0.0,0.0,0.0,0.0,1.0,1.0,,0.0,,False,,,7.0,46,0.14285714285714285,0.14285714285714285,0.14285714285714285,0.14285714285714285,0.14285714285714285,0.14285714285714285,0.14285714285714285,1.0054865027130322,0.9846774920370601,1.0193239990459473,1.0485353245261344,1.019949220166848,1.0441619270659084,1.0467055879899918
equal_weight,24,1,101567.26682155022,0.015672668215502172,0.015672668215502172,0.01178208133503188,0.01543082599932366,0.0729748932858356,0.0,0.0,0.0,0.0,1.0,1.0,,0.0,,False,,,7.0,24,0.14285714285714285,0.14285714285714285,0.14285714285714285,0.14285714285714285,0.14285714285714285,0.14285714285714285,0.14285714285714285,1.0131281613727836,1.0211309798074761,1.0099364281396368,1.0027100271002711,1.007896625987078,1.037748798901853,1.0171576561994171
equal_weight,24,2,102026.89367632575,0.004525344327548808,0.004525344327548808,0.0016345724531859765,0.019866268620859495,0.056017403366997155,0.0,0.0,0.0,0.0,1.0,1.0,,0.0,,False,,,7.0,25,0.14285714285714285,0.14285714285714285,0.14285714285714285,0.14285714285714285,0.14285714285714285,0.14285714285714285,0.14285714285714285,0.9819083802034764,0.9740025585719445,0.9828400247399243,0.9851351351351353,0.9754273504273504,1.0244708994708993,1.1078930617441118
equal_weight,24,3,102624.66656590141,0.005858973727770778,0.005858973727770778,0.003092505015530221,0.025575396770872394,0.05233246268965355,0.0,0.0,0.0,0.0,1.0,1.0,,0.0,,False,,,7.0,26,0.14285714285714285,0.14285714285714285,0.14285714285714285,0.14285714285714285,0.14285714285714285,0.14285714285714285,0.14285714285714285,1.0171811676906573,1.0045787328777878,1.0194502657857352,1.0099451303155005,1.0087623220153341,1.013557133634603,0.9675380637747775
equal_weight,24,4,104042.26162325818,0.01381339501304435,0.01381339501304435,0.009755022304756358,0.03885211221085716,0.07043386270456817,0.0,0.0,0.0,0.0,1.0,1.0,,0.0,,False,,,7.0,27,0.14285714285714285,0.14285714285714285,0.14285714285714285,0.14285714285714285,0.14285714285714285,0.14285714285714285,0.14285714285714285,1.0204317810759416,1.036630597940096,1.0048074160114426,1.0196943972835313,1.0007238508867176,1.024203821656051,0.9902019002375297
equal_weight,24,5,104824.15741082067,0.007515174846869144,0.007515174846869144,0.0038446890989343873,0.046021427979755836,0.06649253339928578,0.0,0.0,0.0,0.0,1.0,1.0,,0.0,,False,,,7.0,28,0.14285714285714285,0.14285714285714285,0.14285714285714285,0.14285714285714285,0.14285714285714285,0.14285714285714285,0.14285714285714285,1.034047030048888,1.0449943420211207,1.037165241936394,0.9783549783549785,0.9924050632911392,0.9950248756218906,0.9706146926536732
equal_weight,24,6,109256.86183634306,0.04228705038047664,0.04228705038047664,0.03507308423114354,0.0847256792915122,0.07262334161225655,0.0,0.0,0.0,0.0,1.0,1.0,,0.0,,False,,,7.0,29,0.14285714285714285,0.14285714285714285,0.14285714285714285,0.14285714285714285,0.14285714285714285,0.14285714285714285,0.14285714285714285,1.028589803182445,1.0354429604664128,1.0173620255284004,1.0408441116405716,1.0557580174927113,1.08125,1.0367624343527957
equal_weight,24,7,110222.03265087339,0.008833960616368985,0.008833960616368985,0.00462724221752263,0.09274037508681698,0.06774907155564305,0.0,0.0,0.0,0.0,1.0,1.0,,0.0,,False,,,7.0,30,0.14285714285714285,0.14285714285714285,0.14285714285714285,0.14285714285714285,0.14285714285714285,0.14285714285714285,0.14285714285714285,1.0293303784225487,1.0479104071466634,1.0217829114307377,0.9565075212557227,0.9206075250258889,1.0710982658959536,1.0146007151370682
equal_weight,24,8,105879.5973289603,-0.03939716241368629,-0.03939716241368629,-0.040611906619184124,0.055530975535284854,0.06805014135303987,0.0,0.0,0.0,0.0,1.0,1.0,,0.0,,False,,,7.0,31,0.14285714285714285,0.14285714285714285,0.14285714285714285,0.14285714285714285,0.14285714285714285,0.14285714285714285,0.14285714285714285,0.8883429458072976,0.9111819056684046,0.8713745250537601,0.9620512820512821,0.9591301087364079,1.0766324878575284,1.0555066079295152
equal_weight,24,9,97017.69271168088,-0.0836979440878125,-0.0836979440878125,-0.09002292944693574,-0.030739829045223654,0.07504249732854466,0.0,0.0,0.0,0.0,1.0,1.0,,0.0,,False,,,7.0,32,0.14285714285714285,0.14285714285714285,0.14285714285714285,0.14285714285714285,0.14285714285714285,0.14285714285714285,0.14285714285714285,0.8748807130139254,0.8987705690454519,0.8625624855383022,0.9506041222459132,0.9378420641125881,0.8997493734335839,0.9897050639955481
equal_weight,24,10,105823.99018077872,0.09077001547819297,0.09077001547819297,0.08136741055371774,0.0550346870386349,0.08814211060281635,0.0,0.0,0.0,0.0,1.0,1.0,,0.0,,False,,,7.0,33,0.14285714285714285,0.14285714285714285,0.14285714285714285,0.14285714285714285,0.14285714285714285,0.14285714285714285,0.14285714285714285,1.1268440206437376,1.154471978877262,1.1108063488991609,1.0661682242990655,1.0220925385577322,1.1103064066852368,1.0447005903851563
equal_weight,24,11,108101.06816165717,0.0215175970683823,0.0215175970683823,0.015392339438190652,0.07493976053541507,0.09025468117179032,0.0,0.0,0.0,0.0,1.0,1.0,,0.0,,False,,,7.0,34,0.14285714285714285,0.14285714285714285,0.14285714285714285,0.14285714285714285,0.14285714285714285,0.14285714285714285,0.14285714285714285,1.0452818452385757,1.0675310126503827,1.0426107204951207,0.982468443197756,0.9755301794453507,1.0065228299046662,1.0306781485468246
equal_weight,24,12,113716.30573412999,0.051944330134422456,0.051944330134422456,0.04221688870779084,0.12061863640029657,0.06923974314181335,0.0,0.0,0.0,0.0,1.0,1.0,,0.0,,False,,,7.0,35,0.14285714285714285,0.14285714285714285,0.14285714285714285,0.14285714285714285,0.14285714285714285,0.14285714285714285,0.14285714285714285,1.0183883698313119,1.0599512631895773,1.0169313969075835,1.0549607423269096,1.023829431438127,1.175972083748754,1.0135770234986945
equal_weight,24,13,123177.33616859457,0.08319853844517766,0.08319853844517766,0.06384001442829264,0.1881623429237942,0.07407384190409955,0.0,0.0,0.0,0.0,1.0,1.0,,0.0,,False,,,7.0,36,0.14285714285714285,0.14285714285714285,0.14285714285714285,0.14285714285714285,0.14285714285714285,0.14285714285714285,0.14285714285714285,1.0551013292304916,1.0682486990147664,1.0238423367924046,1.11468200270636,1.0955492037566352,1.1479440440864774,1.0770221535291085
equal_weight,24,14,127823.45677534615,0.037718956678786775,0.037718956678786775,0.02551874030085867,0.21767097743449992,0.07979788419694125,0.0,0.0,0.0,0.0,1.0,1.0,,0.0,,False,,,7.0,37,0.14285714285714285,0.14285714285714285,0.14285714285714285,0.14285714285714285,0.14285714285714285,0.14285714285714285,0.14285714285714285,1.0700646851823017,1.0958744957492952,1.07574187376562,1.0303490136570561,1.039508013417816,0.9737813884785819,0.9787132265008371
equal_weight,24,15,122709.25090416198,-0.04000991680402255,-0.04000991680402255,-0.03660814793249751,0.18506551655097536,0.080053740979459,0.0,0.0,0.0,0.0,1.0,1.0,,0.0,,False,,,7.0,38,0.14285714285714285,0.14285714285714285,0.14285714285714285,0.14285714285714285,0.14285714285714285,0.14285714285714285,0.14285714285714285,0.9607720184563087,0.9483673729353325,0.9771948490503586,0.9664212076583212,0.9602007888131946,0.943875616230565,0.9630987292277614
equal_weight,24,16,121513.34712346506,-0.009745832297769708,-0.009745832297769708,-0.011527701115369018,0.17704513646230302,0.07014642053393355,0.0,0.0,0.0,0.0,1.0,1.0,,0.0,,False,,,7.0,39,0.14285714285714285,0.14285714285714285,0.14285714285714285,0.14285714285714285,0.14285714285714285,0.14285714285714285,0.14285714285714285,0.972334225393994,0.9770852563241543,0.9539229191567941,1.0146296860713198,1.00336071695295,1.0297308155885898,0.9807155544278103
equal_weight,24,17,128457.76994151126,0.05714946532573273,0.05714946532573273,0.041469634213573074,0.22153404931806386,0.060385572843755335,0.0,0.0,0.0,0.0,1.0,1.0,,0.0,,False,,,7.0,40,0.14285714285714285,0.14285714285714285,0.14285714285714285,0.14285714285714285,0.14285714285714285,0.14285714285714285,0.14285714285714285,1.1075456274694473,1.1179570958597118,1.1183717604729042,1.0432562331030337,1.0900632675846669,0.9914163090128755,0.9314359637774902
equal_weight,24,18,133904.52321983504,0.042401119689402744,0.042401119689402744,0.027180203489122215,0.2531992378194199,0.08969970024467619,0.0,0.0,0.0,0.0,1.0,1.0,,0.0,,False,,,7.0,41,0.14285714285714285,0.14285714285714285,0.14285714285714285,0.14285714285714285,0.14285714285714285,0.14285714285714285,0.14285714285714285,1.03712146290818,1.0565291374240031,1.0326546656799105,1.0463576158940397,0.9351314441789006,1.1279024006296734,1.0611111111111111
equal_weight,24,19,132962.11223073758,-0.007037932449453499,-0.007037932449453499,-0.008730260176181281,0.2479060514136262,0.068741475407752,0.0,0.0,0.0,0.0,1.0,1.0,,0.0,,False,,,7.0,42,0.14285714285714285,0.14285714285714285,0.14285714285714285,0.14285714285714285,0.14285714285714285,0.14285714285714285,0.14285714285714285,0.9888633335144615,1.0141533291379978,0.9796166893478648,1.0192625206384152,0.910551296093465,1.0568736915561758,0.9814136125654451
equal_weight,24,20,133330.91512748622,0.0027737442686577296,0.0027737442686577296,-0.0014537352610536898,0.24998639734540484,0.07068162385664654,0.0,0.0,0.0,0.0,1.0,1.0,,0.0,,False,,,7.0,43,0.14285714285714285,0.14285714285714285,0.14285714285714285,0.14285714285714285,0.14285714285714285,0.14285714285714285,0.14285714285714285,1.026091448048592,1.0093070419373205,1.0316766856435173,1.0105291576673865,1.057337610264635,0.9290194783757015,0.9554547879434515
equal_weight,24,21,133526.2261945103,0.001464859570170285,0.001464859570170285,-0.002417203240849328,0.2510834549137334,0.07028521618355782,0.0,0.0,0.0,0.0,1.0,1.0,,0.0,,False,,,7.0,44,0.14285714285714285,0.14285714285714285,0.14285714285714285,0.14285714285714285,0.14285714285714285,0.14285714285714285,0.14285714285714285,1.0424386351216453,1.004133253410209,1.0662471630729378,0.9422922789206518,1.0401971937808114,0.9470504619758351,0.9678950307091011
equal_weight,24,22,138961.96314397798,0.04070913336193094,0.04070913336193094,0.02570493738393656,0.2803786177344777,0.07180450873615464,0.0,0.0,0.0,0.0,1.0,1.0,,0.0,,False,,,7.0,45,0.14285714285714285,0.14285714285714285,0.14285714285714285,0.14285714285714285,0.14285714285714285,0.14285714285714285,0.14285714285714285,1.0524253138754247,1.054036194252693,1.0270848634564504,0.9872412815423873,1.0051039008384979,1.121575984990619,1.0374963945774445
equal_weight,24,23,142313.72675796895,0.02412000764927469,0.02412000764927469,0.013454475228175571,0.2973270936115062,0.06988001297705905,0.0,0.0,0.0,0.0,1.0,1.0,,0.0,,False,,,7.0,46,0.14285714285714285,0.14285714285714285,0.14285714285714285,0.14285714285714285,0.14285714285714285,0.14285714285714285,0.14285714285714285,1.0054865027130322,0.9846774920370601,1.0193239990459473,1.0485353245261344,1.019949220166848,1.0441619270659084,1.0467055879899918
equal_weight,24,24,143894.90455133098,0.011110507955786497,0.011110507955786497,0.0043215742275065664,0.3050483593439026,0.06799383009779664,0.0,0.0,0.0,0.0,1.0,1.0,,0.0,,False,,,7.0,47,0.14285714285714285,0.14285714285714285,0.14285714285714285,0.14285714285714285,0.14285714285714285,0.14285714285714285,0.14285714285714285,1.0222140006378042,1.054929753081416,0.9992198688185272,0.9627499315256095,1.0142247510668565,1.0807433514899072,0.9436918990703851
equal_weight,25,1,100452.53443275488,0.004525344327548808,0.004525344327548808,0.001030819295199467,0.004504957842132118,0.06948277093865302,0.0,0.0,0.0,0.0,1.0,1.0,,0.0,,False,,,7.0,25,0.14285714285714285,0.14285714285714285,0.14285714285714285,0.14285714285714285,0.14285714285714285,0.14285714285714285,0.14285714285714285,0.9819083802034764,0.9740025585719445,0.9828400247399243,0.9851351351351353,0.9754273504273504,1.0244708994708993,1.1078930617441118
equal_weight,25,2,101041.08319288438,0.005858973727770778,0.005858973727770778,0.0028059900782980503,0.010303563263439952,0.05985230686019567,0.0,0.0,0.0,0.0,1.0,1.0,,0.0,,False,,,7.0,26,0.14285714285714285,0.14285714285714285,0.14285714285714285,0.14285714285714285,0.14285714285714285,0.14285714285714285,0.14285714285714285,1.0171811676906573,1.0045787328777878,1.0194502657857352,1.0099451303155005,1.0087623220153341,1.013557133634603,0.9675380637747775
equal_weight,25,3,102436.80358757357,0.01381339501304435,0.01381339501304435,0.009997418419988016,0.023788360259507035,0.06974757152158136,0.0,0.0,0.0,0.0,1.0,1.0,,0.0,,False,,,7.0,27,0.14285714285714285,0.14285714285714285,0.14285714285714285,0.14285714285714285,0.14285714285714285,0.14285714285714285,0.14285714285714285,1.0204317810759416,1.036630597940096,1.0048074160114426,1.0196943972835313,1.0007238508867176,1.024203821656051,0.9902019002375297
equal_weight,25,4,103206.63407728857,0.007515174846869144,0.007515174846869144,0.004169494191515008,0.031070038335783923,0.06224367769523758,0.0,0.0,0.0,0.0,1.0,1.0,,0.0,,False,,,7.0,28,0.14285714285714285,0.14285714285714285,0.14285714285714285,0.14285714285714285,0.14285714285714285,0.14285714285714285,0.14285714285714285,1.034047030048888,1.0449943420211207,1.037165241936394,0.9783549783549785,0.9924050632911392,0.9950248756218906,0.9706146926536732
equal_weight,25,5,107570.9382121143,0.04228705038047664,0.04228705038047664,0.03600629316608849,0.07038088853687885,0.06609114070012871,0.0,0.0,0.0,0.0,1.0,1.0,,0.0,,False,,,7.0,29,0.14285714285714285,0.14285714285714285,0.14285714285714285,0.14285714285714285,0.14285714285714285,0.14285714285714285,0.14285714285714285,1.028589803182445,1.0354429604664128,1.0173620255284004,1.0408441116405716,1.0557580174927113,1.08125,1.0367624343527957
equal_weight,25,6,108521.21564374598,0.008833960616368985,0.008833960616368985,0.00503919448387396,0.07852119600023155,0.06202225958957486,0.0,0.0,0.0,0.0,1.0,1.0,,0.0,,False,,,7.0,30,0.14285714285714285,0.14285714285714285,0.14285714285714285,0.14285714285714285,0.14285714285714285,0.14285714285714285,0.14285714285714285,1.0293303784225487,1.0479104071466634,1.0217829114307377,0.9565075212557227,0.9206075250258889,1.0710982658959536,1.0146007151370682
equal_weight,25,7,104245.78768569864,-0.03939716241368629,-0.03939716241368629,-0.04129757041576107,0.04072862587503001,0.07010000581119055,0.0,0.0,0.0,0.0,1.0,1.0,,0.0,,False,,,7.0,31,0.14285714285714285,0.14285714285714285,0.14285714285714285,0.14285714285714285,0.14285714285714285,0.14285714285714285,0.14285714285714285,0.8883429458072976,0.9111819056684046,0.8713745250537601,0.9620512820512821,0.9591301087364079,1.0766324878575284,1.0555066079295152
equal_weight,25,8,95520.62957659106,-0.0836979440878125,-0.0836979440878125,-0.09141774016998913,-0.04689427240235311,0.07589683785212012,0.0,0.0,0.0,0.0,1.0,1.0,,0.0,,False,,,7.0,32,0.14285714285714285,0.14285714285714285,0.14285714285714285,0.14285714285714285,0.14285714285714285,0.14285714285714285,0.14285714285714285,0.8748807130139254,0.8987705690454519,0.8625624855383022,0.9506041222459132,0.9378420641125881,0.8997493734335839,0.9897050639955481
equal_weight,25,9,104191.03860174496,0.09077001547819297,0.09077001547819297,0.0828409301571175,0.04022455921343293,0.08555802917337076,0.0,0.0,0.0,0.0,1.0,1.0,,0.0,,False,,,7.0,33,0.14285714285714285,0.14285714285714285,0.14285714285714285,0.14285714285714285,0.14285714285714285,0.14285714285714285,0.14285714285714285,1.1268440206437376,1.154471978877262,1.1108063488991609,1.0661682242990655,1.0220925385577322,1.1103064066852368,1.0447005903851563
equal_weight,25,10,106432.97938851357,0.0215175970683823,0.0215175970683823,0.015675678515357568,0.060441598322933276,0.09082721188285556,0.0,0.0,0.0,0.0,1.0,1.0,,0.0,,False,,,7.0,34,0.14285714285714285,0.14285714285714285,0.14285714285714285,0.14285714285714285,0.14285714285714285,0.14285714285714285,0.14285714285714285,1.0452818452385757,1.0675310126503827,1.0426107204951207,0.982468443197756,0.9755301794453507,1.0065228299046662,1.0306781485468246
equal_weight,25,11,111961.5692070607,0.051944330134422456,0.051944330134422456,0.042653679828622136,0.10683638405370233,0.07482211804293823,0.0,0.0,0.0,0.0,1.0,1.0,,0.0,,False,,,7.0,35,0.14285714285714285,0.14285714285714285,0.14285714285714285,0.14285714285714285,0.14285714285714285,0.14285714285714285,0.14285714285714285,1.0183883698313119,1.0599512631895773,1.0169313969075835,1.0549607423269096,1.023829431438127,1.175972083748754,1.0135770234986945
equal_weight,25,12,121276.60812711676,0.08319853844517766,0.08319853844517766,0.06462439362239025,0.1754386806795879,0.07955806006990633,0.0,0.0,0.0,0.0,1.0,1.0,,0.0,,False,,,7.0,36,0.14285714285714285,0.14285714285714285,0.14285714285714285,0.14285714285714285,0.14285714285714285,0.14285714285714285,0.14285714285714285,1.0551013292304916,1.0682486990147664,1.0238423367924046,1.11468200270636,1.0955492037566352,1.1479440440864774,1.0770221535291085
equal_weight,25,13,125851.03525521368,0.037718956678786775,0.037718956678786775,0.02601811320093002,0.2054097942284725,0.07906000695909152,0.0,0.0,0.0,0.0,1.0,1.0,,0.0,,False,,,7.0,37,0.14285714285714285,0.14285714285714285,0.14285714285714285,0.14285714285714285,0.14285714285714285,0.14285714285714285,0.14285714285714285,1.0700646851823017,1.0958744957492952,1.07574187376562,1.0303490136570561,1.039508013417816,0.9737813884785819,0.9787132265008371
equal_weight,25,14,120815.74580495247,-0.04000991680402255,-0.04000991680402255,-0.037236165839411035,0.17229331877450693,0.08239380770890935,0.0,0.0,0.0,0.0,1.0,1.0,,0.0,,False,,,7.0,38,0.14285714285714285,0.14285714285714285,0.14285714285714285,0.14285714285714285,0.14285714285714285,0.14285714285714285,0.14285714285714285,0.9607720184563087,0.9483673729353325,0.9771948490503586,0.9664212076583212,0.9602007888131946,0.943875616230565,0.9630987292277614
equal_weight,25,15,119638.29580740743,-0.009745832297769708,-0.009745832297769708,-0.011590932982606534,0.16414723792974262,0.06889704275684441,0.0,0.0,0.0,0.0,1.0,1.0,,0.0,,False,,,7.0,39,0.14285714285714285,0.14285714285714285,0.14285714285714285,0.14285714285714285,0.14285714285714285,0.14285714285714285,0.14285714285714285,0.972334225393994,0.9770852563241543,0.9539229191567941,1.0146296860713198,1.00336071695295,1.0297308155885898,0.9807155544278103
equal_weight,25,16,126475.56044528261,0.05714946532573273,0.05714946532573273,0.04217093958158933,0.20933341075596013,0.06030466489256359,0.0,0.0,0.0,0.0,1.0,1.0,,0.0,,False,,,7.0,40,0.14285714285714285,0.14285714285714285,0.14285714285714285,0.14285714285714285,0.14285714285714285,0.14285714285714285,0.14285714285714285,1.1075456274694473,1.1179570958597118,1.1183717604729042,1.0432562331030337,1.0900632675846669,0.9914163090128755,0.9314359637774902
equal_weight,25,17,131838.26582150732,0.042401119689402744,0.042401119689402744,0.027429285561327437,0.2414948772506792,0.09464361866783268,0.0,0.0,0.0,0.0,1.0,1.0,,0.0,,False,,,7.0,41,0.14285714285714285,0.14285714285714285,0.14285714285714285,0.14285714285714285,0.14285714285714285,0.14285714285714285,0.14285714285714285,1.03712146290818,1.0565291374240031,1.0326546656799105,1.0463576158940397,0.9351314441789006,1.1279024006296734,1.0611111111111111
equal_weight,25,18,130910.39701240245,-0.007037932449453499,-0.007037932449453499,-0.008808623971597464,0.2361187324905447,0.06864958422925964,0.0,0.0,0.0,0.0,1.0,1.0,,0.0,,False,,,7.0,42,0.14285714285714285,0.14285714285714285,0.14285714285714285,0.14285714285714285,0.14285714285714285,0.14285714285714285,0.14285714285714285,0.9888633335144615,1.0141533291379978,0.9796166893478648,1.0192625206384152,0.910551296093465,1.0568736915561758,0.9814136125654451
equal_weight,25,19,131273.50897582332,0.0027737442686577296,0.0027737442686577296,-0.001355170358117816,0.23823168299388553,0.06936241722917263,0.0,0.0,0.0,0.0,1.0,1.0,,0.0,,False,,,7.0,43,0.14285714285714285,0.14285714285714285,0.14285714285714285,0.14285714285714285,0.14285714285714285,0.14285714285714285,0.14285714285714285,1.026091448048592,1.0093070419373205,1.0316766856435173,1.0105291576673865,1.057337610264635,0.9290194783757015,0.9554547879434515
equal_weight,25,20,131465.8062317564,0.001464859570170285,0.001464859570170285,-0.0025645224392421176,0.23934593438149576,0.07357547653704699,0.0,0.0,0.0,0.0,1.0,1.0,,0.0,,False,,,7.0,44,0.14285714285714285,0.14285714285714285,0.14285714285714285,0.14285714285714285,0.14285714285714285,0.14285714285714285,0.14285714285714285,1.0424386351216453,1.004133253410209,1.0662471630729378,0.9422922789206518,1.0401971937808114,0.9470504619758351,0.9678950307091011
equal_weight,25,21,136817.66527017875,0.04070913336193094,0.04070913336193094,0.025647101802279918,0.26910023056944865,0.0821438877134594,0.0,0.0,0.0,0.0,1.0,1.0,,0.0,,False,,,7.0,45,0.14285714285714285,0.14285714285714285,0.14285714285714285,0.14285714285714285,0.14285714285714285,0.14285714285714285,0.14285714285714285,1.0524253138754247,1.054036194252693,1.0270848634564504,0.9872412815423873,1.0051039008384979,1.121575984990619,1.0374963945774445
equal_weight,25,22,140117.70840305137,0.02412000764927469,0.02412000764927469,0.013614059409069674,0.2863143342856562,0.072000886142758,0.0,0.0,0.0,0.0,1.0,1.0,,0.0,,False,,,7.0,46,0.14285714285714285,0.14285714285714285,0.14285714285714285,0.14285714285714285,0.14285714285714285,0.14285714285714285,0.14285714285714285,1.0054865027130322,0.9846774920370601,1.0193239990459473,1.0485353245261344,1.019949220166848,1.0441619270659084,1.0467055879899918
equal_weight,25,23,141674.48731701003,0.011110507955786497,0.011110507955786497,0.004493999060808704,0.29415661285408023,0.06696559015230613,0.0,0.0,0.0,0.0,1.0,1.0,,0.0,,False,,,7.0,47,0.14285714285714285,0.14285714285714285,0.14285714285714285,0.14285714285714285,0.14285714285714285,0.14285714285714285,0.14285714285714285,1.0222140006378042,1.054929753081416,0.9992198688185272,0.9627499315256095,1.0142247510668565,1.0807433514899072,0.9436918990703851
equal_weight,25,24,140733.17863423232,-0.0066441650900168625,-0.0066441650900168625,-0.008034082783846585,0.28943550504247806,0.06625949944488815,0.0,0.0,0.0,0.0,1.0,1.0,,0.0,,False,,,7.0,48,0.14285714285714285,0.14285714285714285,0.14285714285714285,0.14285714285714285,0.14285714285714285,0.14285714285714285,0.14285714285714285,1.022748062827226,1.0116330078314992,1.0125485675873276,0.8998577524893313,0.9817671809256661,0.9866587607471095,1.0382775119617225
equal_weight,26,1,100585.89737277708,0.005858973727770778,0.005858973727770778,0.0023140402517181843,0.005824846107458814,0.0702161171148126,0.0,0.0,0.0,0.0,1.0,1.0,,0.0,,False,,,7.0,26,0.14285714285714285,0.14285714285714285,0.14285714285714285,0.14285714285714285,0.14285714285714285,0.14285714285714285,0.14285714285714285,1.0171811676906573,1.0045787328777878,1.0194502657857352,1.0099451303155005,1.0087623220153341,1.013557133634603,0.9675380637747775
equal_weight,26,2,101975.33010592879,0.01381339501304435,0.01381339501304435,0.010653169027203886,0.019370666453120355,0.05785302636915311,0.0,0.0,0.0,0.0,1.0,1.0,,0.0,,False,,,7.0,27,0.14285714285714285,0.14285714285714285,0.14285714285714285,0.14285714285714285,0.14285714285714285,0.14285714285714285,0.14285714285714285,1.0204317810759416,1.036630597940096,1.0048074160114426,1.0196943972835313,1.0007238508867176,1.024203821656051,0.9902019002375297
equal_weight,26,3,102741.69254174204,0.007515174846869144,0.007515174846869144,0.004365096088605372,0.026685296629974653,0.05899068176497852,0.0,0.0,0.0,0.0,1.0,1.0,,0.0,,False,,,7.0,28,0.14285714285714285,0.14285714285714285,0.14285714285714285,0.14285714285714285,0.14285714285714285,0.14285714285714285,0.14285714285714285,1.034047030048888,1.0449943420211207,1.037165241936394,0.9783549783549785,0.9924050632911392,0.9950248756218906,0.9706146926536732
equal_weight,26,4,107086.33567043013,0.04228705038047664,0.04228705038047664,0.03585873666029623,0.06617404196403831,0.0726001734753485,0.0,0.0,0.0,0.0,1.0,1.0,,0.0,,False,,,7.0,29,0.14285714285714285,0.14285714285714285,0.14285714285714285,0.14285714285714285,0.14285714285714285,0.14285714285714285,0.14285714285714285,1.028589803182445,1.0354429604664128,1.0173620255284004,1.0408441116405716,1.0557580174927113,1.08125,1.0367624343527957
equal_weight,26,5,108032.33214229398,0.008833960616368985,0.008833960616368985,0.00472566404171567,0.07435118712159472,0.06902962231681477,0.0,0.0,0.0,0.0,1.0,1.0,,0.0,,False,,,7.0,30,0.14285714285714285,0.14285714285714285,0.14285714285714285,0.14285714285714285,0.14285714285714285,0.14285714285714285,0.14285714285714285,1.0293303784225487,1.0479104071466634,1.0217829114307377,0.9565075212557227,0.9206075250258889,1.0710982658959536,1.0146007151370682
equal_weight,26,6,103776.16480695472,-0.03939716241368629,-0.03939716241368629,-0.041944532900917625,0.03638759260355384,0.07961876765753492,0.0,0.0,0.0,0.0,1.0,1.0,,0.0,,False,,,7.0,31,0.14285714285714285,0.14285714285714285,0.14285714285714285,0.14285714285714285,0.14285714285714285,0.14285714285714285,0.14285714285714285,0.8883429458072976,0.9111819056684046,0.8713745250537601,0.9620512820512821,0.9591301087364079,1.0766324878575284,1.0555066079295152
equal_weight,26,7,95090.3131672946,-0.0836979440878125,-0.0836979440878125,-0.09202471266483396,-0.05163182945951261,0.08010581203535024,0.0,0.0,0.0,0.0,1.0,1.0,,0.0,,False,,,7.0,32,0.14285714285714285,0.14285714285714285,0.14285714285714285,0.14285714285714285,0.14285714285714285,0.14285714285714285,0.14285714285714285,0.8748807130139254,0.8987705690454519,0.8625624855383022,0.9506041222459132,0.9378420641125881,0.8997493734335839,0.9897050639955481
equal_weight,26,8,103721.66236531615,0.09077001547819297,0.09077001547819297,0.08303239317391997,0.03588124486674871,0.08961362304682689,0.0,0.0,0.0,0.0,1.0,1.0,,0.0,,False,,,7.0,33,0.14285714285714285,0.14285714285714285,0.14285714285714285,0.14285714285714285,0.14285714285714285,0.14285714285714285,0.14285714285714285,1.1268440206437376,1.154471978877262,1.1108063488991609,1.0661682242990655,1.0220925385577322,1.1103064066852368,1.0447005903851563
equal_weight,26,9,105953.50330335581,0.0215175970683823,0.0215175970683823,0.015639350593388404,0.05618977303950323,0.09338355158732241,0.0,0.0,0.0,0.0,1.0,1.0,,0.0,,False,,,7.0,34,0.14285714285714285,0.14285714285714285,0.14285714285714285,0.14285714285714285,0.14285714285714285,0.14285714285714285,0.14285714285714285,1.0452818452385757,1.0675310126503827,1.0426107204951207,0.982468443197756,0.9755301794453507,1.0065228299046662,1.0306781485468246
equal_weight,26,10,111457.18705784396,0.051944330134422456,0.051944330134422456,0.04302148027593403,0.10279451115070681,0.071665156705391,0.0,0.0,0.0,0.0,1.0,1.0,,0.0,,False,,,7.0,35,0.14285714285714285,0.14285714285714285,0.14285714285714285,0.14285714285714285,0.14285714285714285,0.14285714285714285,0.14285714285714285,1.0183883698313119,1.0599512631895773,1.0169313969075835,1.0549607423269096,1.023829431438127,1.175972083748754,1.0135770234986945
equal_weight,26,11,120730.26212026735,0.08319853844517766,0.08319853844517766,0.06536288439445928,0.17170725679048526,0.07099722490638337,0.0,0.0,0.0,0.0,1.0,1.0,,0.0,,False,,,7.0,36,0.14285714285714285,0.14285714285714285,0.14285714285714285,0.14285714285714285,0.14285714285714285,0.14285714285714285,0.14285714285714285,1.0551013292304916,1.0682486990147664,1.0238423367924046,1.11468200270636,1.0955492037566352,1.1479440440864774,1.0770221535291085
equal_weight,26,12,125284.08164700029,0.037718956678786775,0.037718956678786775,0.025860747590149627,0.2018139999480586,0.08491991134847415,0.0,0.0,0.0,0.0,1.0,1.0,,0.0,,False,,,7.0,37,0.14285714285714285,0.14285714285714285,0.14285714285714285,0.14285714285714285,0.14285714285714285,0.14285714285714285,0.14285714285714285,1.0700646851823017,1.0958744957492952,1.07574187376562,1.0303490136570561,1.039508013417816,0.9737813884785819,0.9787132265008371
equal_weight,26,13,120271.47596343544,-0.04000991680402255,-0.04000991680402255,-0.03785475715836625,0.16854766103974905,0.09176836500113422,0.0,0.0,0.0,0.0,1.0,1.0,,0.0,,False,,,7.0,38,0.14285714285714285,0.14285714285714285,0.14285714285714285,0.14285714285714285,0.14285714285714285,0.14285714285714285,0.14285714285714285,0.9607720184563087,0.9483673729353325,0.9771948490503586,0.9664212076583212,0.9602007888131946,0.943875616230565,0.9630987292277614
equal_weight,26,14,119099.33032849056,-0.009745832297769708,-0.009745832297769708,-0.011426126563950338,0.1603647163742421,0.06486363796886771,0.0,0.0,0.0,0.0,1.0,1.0,,0.0,,False,,,7.0,39,0.14285714285714285,0.14285714285714285,0.14285714285714285,0.14285714285714285,0.14285714285714285,0.14285714285714285,0.14285714285714285,0.972334225393994,0.9770852563241543,0.9539229191567941,1.0146296860713198,1.00336071695295,1.0297308155885898,0.9807155544278103
equal_weight,26,15,125905.79337741662,0.05714946532573273,0.05714946532573273,0.041581024623076314,0.20575537219134243,0.07619262388048034,0.0,0.0,0.0,0.0,1.0,1.0,,0.0,,False,,,7.0,40,0.14285714285714285,0.14285714285714285,0.14285714285714285,0.14285714285714285,0.14285714285714285,0.14285714285714285,0.14285714285714285,1.1075456274694473,1.1179570958597118,1.1183717604729042,1.0432562331030337,1.0900632675846669,0.9914163090128755,0.9314359637774902
equal_weight,26,16,131244.33999200168,0.042401119689402744,0.042401119689402744,0.027691434391342862,0.23806238039602912,0.0923114762668764,0.0,0.0,0.0,0.0,1.0,1.0,,0.0,,False,,,7.0,41,0.14285714285714285,0.14285714285714285,0.14285714285714285,0.14285714285714285,0.14285714285714285,0.14285714285714285,0.14285714285714285,1.03712146290818,1.0565291374240031,1.0326546656799105,1.0463576158940397,0.9351314441789006,1.1279024006296734,1.0611111111111111
equal_weight,26,17,130320.65119276487,-0.007037932449453499,-0.007037932449453499,-0.008864996173684987,0.23266190672970022,0.06929045014712179,0.0,0.0,0.0,0.0,1.0,1.0,,0.0,,False,,,7.0,42,0.14285714285714285,0.14285714285714285,0.14285714285714285,0.14285714285714285,0.14285714285714285,0.14285714285714285,0.14285714285714285,0.9888633335144615,1.0141533291379978,0.9796166893478648,1.0192625206384152,0.910551296093465,1.0568736915561758,0.9814136125654451
equal_weight,26,18,130682.12735209854,0.0027737442686577296,0.0027737442686577296,-0.0021446827708126405,0.23478441906161573,0.08534390205456312,0.0,0.0,0.0,0.0,1.0,1.0,,0.0,,False,,,7.0,43,0.14285714285714285,0.14285714285714285,0.14285714285714285,0.14285714285714285,0.14285714285714285,0.14285714285714285,0.14285714285714285,1.026091448048592,1.0093070419373205,1.0316766856435173,1.0105291576673865,1.057337610264635,0.9290194783757015,0.9554547879434515
equal_weight,26,19,130873.55831700047,0.001464859570170285,0.001464859570170285,-0.0028422656784527515,0.23590371282042233,0.07923118874518692,0.0,0.0,0.0,0.0,1.0,1.0,,0.0,,False,,,7.0,44,0.14285714285714285,0.14285714285714285,0.14285714285714285,0.14285714285714285,0.14285714285714285,0.14285714285714285,0.14285714285714285,1.0424386351216453,1.004133253410209,1.0662471630729378,0.9422922789206518,1.0401971937808114,0.9470504619758351,0.9678950307091011
equal_weight,26,20,136201.3074560777,0.04070913336193094,0.04070913336193094,0.026564510568990278,0.2657926574438495,0.06648868108873784,0.0,0.0,0.0,0.0,1.0,1.0,,0.0,,False,,,7.0,45,0.14285714285714285,0.14285714285714285,0.14285714285714285,0.14285714285714285,0.14285714285714285,0.14285714285714285,0.14285714285714285,1.0524253138754247,1.054036194252693,1.0270848634564504,0.9872412815423873,1.0051039008384979,1.121575984990619,1.0374963945774445
equal_weight,26,21,139486.4840337595,0.02412000764927469,0.02412000764927469,0.01390079257349043,0.2830846609066633,0.06782421778646715,0.0,0.0,0.0,0.0,1.0,1.0,,0.0,,False,,,7.0,46,0.14285714285714285,0.14285714285714285,0.14285714285714285,0.14285714285714285,0.14285714285714285,0.14285714285714285,0.14285714285714285,1.0054865027130322,0.9846774920370601,1.0193239990459473,1.0485353245261344,1.019949220166848,1.0441619270659084,1.0467055879899918
equal_weight,26,22,141036.2497243413,0.011110507955786497,0.011110507955786497,0.004711268181977871,0.290962428485922,0.0633299879456172,0.0,0.0,0.0,0.0,1.0,1.0,,0.0,,False,,,7.0,47,0.14285714285714285,0.14285714285714285,0.14285714285714285,0.14285714285714285,0.14285714285714285,0.14285714285714285,0.14285714285714285,1.0222140006378042,1.054929753081416,0.9992198688185272,0.9627499315256095,1.0142247510668565,1.0807433514899072,0.9436918990703851
equal_weight,26,23,140099.18159749592,-0.0066441650900168625,-0.0066441650900168625,-0.007851121362481008,0.2862199560358648,0.062172978248475924,0.0,0.0,0.0,0.0,1.0,1.0,,0.0,,False,,,7.0,48,0.14285714285714285,0.14285714285714285,0.14285714285714285,0.14285714285714285,0.14285714285714285,0.14285714285714285,0.14285714285714285,1.022748062827226,1.0116330078314992,1.0125485675873276,0.8998577524893313,0.9817671809256661,0.9866587607471095,1.0382775119617225
equal_weight,26,24,142348.99655783616,0.01605873021302817,0.01605873021302817,0.007977173707887447,0.29750119482317405,0.06608130158843596,0.0,0.0,0.0,0.0,1.0,1.0,,0.0,,False,,,7.0,49,0.14285714285714285,0.14285714285714285,0.14285714285714285,0.14285714285714285,0.14285714285714285,0.14285714285714285,0.14285714285714285,1.028990413717977,1.0399761864870785,1.0121727778274432,0.9920961112867532,1.1142857142857145,0.933293269230769,0.9915966386554621
equal_weight,27,1,101381.33950130444,0.01381339501304435,0.01381339501304435,0.010475192697265916,0.013625184951187808,0.06299984507843782,0.0,0.0,0.0,0.0,1.0,1.0,,0.0,,False,,,7.0,27,0.14285714285714285,0.14285714285714285,0.14285714285714285,0.14285714285714285,0.14285714285714285,0.14285714285714285,0.14285714285714285,1.0204317810759416,1.036630597940096,1.0048074160114426,1.0196943972835313,1.0007238508867176,1.024203821656051,0.9902019002375297
equal_weight,27,2,102143.23799386654,0.007515174846869144,0.007515174846869144,0.004079415871821122,0.02098267135407661,0.0655614106213536,0.0,0.0,0.0,0.0,1.0,1.0,,0.0,,False,,,7.0,28,0.14285714285714285,0.14285714285714285,0.14285714285714285,0.14285714285714285,0.14285714285714285,0.14285714285714285,0.14285714285714285,1.034047030048888,1.0449943420211207,1.037165241936394,0.9783549783549785,0.9924050632911392,0.9950248756218906,0.9706146926536732
equal_weight,27,3,106462.5742449382,0.04228705038047664,0.04228705038047664,0.036130384502179556,0.060702780209595186,0.07179448706678035,0.0,0.0,0.0,0.0,1.0,1.0,,0.0,,False,,,7.0,29,0.14285714285714285,0.14285714285714285,0.14285714285714285,0.14285714285714285,0.14285714285714285,0.14285714285714285,0.14285714285714285,1.028589803182445,1.0354429604664128,1.0173620255284004,1.0408441116405716,1.0557580174927113,1.08125,1.0367624343527957
equal_weight,27,4,107403.06043293524,0.008833960616368985,0.008833960616368985,0.004876400862072049,0.06892783504579802,0.06697307948261579,0.0,0.0,0.0,0.0,1.0,1.0,,0.0,,False,,,7.0,30,0.14285714285714285,0.14285714285714285,0.14285714285714285,0.14285714285714285,0.14285714285714285,0.14285714285714285,0.14285714285714285,1.0293303784225487,1.0479104071466634,1.0217829114307377,0.9565075212557227,0.9206075250258889,1.0710982658959536,1.0146007151370682
equal_weight,27,5,103171.68461733192,-0.03939716241368629,-0.03939716241368629,-0.042353263168870725,0.0307418128248641,0.08334481895873605,0.0,0.0,0.0,0.0,1.0,1.0,,0.0,,False,,,7.0,31,0.14285714285714285,0.14285714285714285,0.14285714285714285,0.14285714285714285,0.14285714285714285,0.14285714285714285,0.14285714285714285,0.8883429458072976,0.9111819056684046,0.8713745250537601,0.9620512820512821,0.9591301087364079,1.0766324878575284,1.0555066079295152
equal_weight,27,6,94536.42672678505,-0.0836979440878125,-0.0836979440878125,-0.09271496656888978,-0.05779331271960331,0.08359682048844747,0.0,0.0,0.0,0.0,1.0,1.0,,0.0,,False,,,7.0,32,0.14285714285714285,0.14285714285714285,0.14285714285714285,0.14285714285714285,0.14285714285714285,0.14285714285714285,0.14285714285714285,0.8748807130139254,0.8987705690454519,0.8625624855383022,0.9506041222459132,0.9378420641125881,0.8997493734335839,0.9897050639955481
equal_weight,27,7,103117.49964402839,0.09077001547819297,0.09077001547819297,0.08349878085368433,0.03023249840997211,0.09054060551782184,0.0,0.0,0.0,0.0,1.0,1.0,,0.0,,False,,,7.0,33,0.14285714285714285,0.14285714285714285,0.14285714285714285,0.14285714285714285,0.14285714285714285,0.14285714285714285,0.14285714285714285,1.1268440206437376,1.154471978877262,1.1108063488991609,1.0661682242990655,1.0220925385577322,1.1103064066852368,1.0447005903851563
equal_weight,27,8,105336.34045206764,0.0215175970683823,0.0215175970683823,0.01589430526792074,0.05066001371574025,0.090664200756948,0.0,0.0,0.0,0.0,1.0,1.0,,0.0,,False,,,7.0,34,0.14285714285714285,0.14285714285714285,0.14285714285714285,0.14285714285714285,0.14285714285714285,0.14285714285714285,0.14285714285714285,1.0452818452385757,1.0675310126503827,1.0426107204951207,0.982468443197756,0.9755301794453507,1.0065228299046662,1.0306781485468246
equal_weight,27,9,110807.96609566176,0.051944330134422456,0.051944330134422456,0.04328625359516561,0.09753780776312715,0.07183080904442579,0.0,0.0,0.0,0.0,1.0,1.0,,0.0,,False,,,7.0,35,0.14285714285714285,0.14285714285714285,0.14285714285714285,0.14285714285714285,0.14285714285714285,0.14285714285714285,0.14285714285714285,1.0183883698313119,1.0599512631895773,1.0169313969075835,1.0549607423269096,1.023829431438127,1.175972083748754,1.0135770234986945
equal_weight,27,10,120027.02692290362,0.08319853844517766,0.08319853844517766,0.06596533435690725,0.16685431136911755,0.0670233849816629,0.0,0.0,0.0,0.0,1.0,1.0,,0.0,,False,,,7.0,36,0.14285714285714285,0.14285714285714285,0.14285714285714285,0.14285714285714285,0.14285714285714285,0.14285714285714285,0.14285714285714285,1.0551013292304916,1.0682486990147664,1.0238423367924046,1.11468200270636,1.0955492037566352,1.1479440440864774,1.0770221535291085
equal_weight,27,11,124554.3211516922,0.037718956678786775,0.037718956678786775,0.02602996973028098,0.19713744914387987,0.08506336088962689,0.0,0.0,0.0,0.0,1.0,1.0,,0.0,,False,,,7.0,37,0.14285714285714285,0.14285714285714285,0.14285714285714285,0.14285714285714285,0.14285714285714285,0.14285714285714285,0.14285714285714285,1.0700646851823017,1.0958744957492952,1.07574187376562,1.0303490136570561,1.039508013417816,0.9737813884785819,0.9787132265008371
equal_weight,27,12,119570.9131248315,-0.04000991680402255,-0.04000991680402255,-0.0377420645849903,0.16367620362988744,0.08561638141995727,0.0,0.0,0.0,0.0,1.0,1.0,,0.0,,False,,,7.0,38,0.14285714285714285,0.14285714285714285,0.14285714285714285,0.14285714285714285,0.14285714285714285,0.14285714285714285,0.14285714285714285,0.9607720184563087,0.9483673729353325,0.9771948490503586,0.9664212076583212,0.9602007888131946,0.943875616230565,0.9630987292277614
equal_weight,27,13,118405.5950578257,-0.009745832297769708,-0.009745832297769708,-0.012124357415005962,0.15544531530656958,0.07786938183376196,0.0,0.0,0.0,0.0,1.0,1.0,,0.0,,False,,,7.0,39,0.14285714285714285,0.14285714285714285,0.14285714285714285,0.14285714285714285,0.14285714285714285,0.14285714285714285,0.14285714285714285,0.972334225393994,0.9770852563241543,0.9539229191567941,1.0146296860713198,1.00336071695295,1.0297308155885898,0.9807155544278103
equal_weight,27,14,125172.41150695566,0.05714946532573273,0.05714946532573273,0.04247539305481616,0.20110191378358855,0.06362410844405622,0.0,0.0,0.0,0.0,1.0,1.0,,0.0,,False,,,7.0,40,0.14285714285714285,0.14285714285714285,0.14285714285714285,0.14285714285714285,0.14285714285714285,0.14285714285714285,0.14285714285714285,1.1075456274694473,1.1179570958597118,1.1183717604729042,1.0432562331030337,1.0900632675846669,0.9914163090128755,0.9314359637774902
equal_weight,27,15,130479.86190907325,0.042401119689402744,0.042401119689402744,0.028154569833697653,0.23359820790056918,0.08683448566565952,0.0,0.0,0.0,0.0,1.0,1.0,,0.0,,False,,,7.0,41,0.14285714285714285,0.14285714285714285,0.14285714285714285,0.14285714285714285,0.14285714285714285,0.14285714285714285,0.14285714285714285,1.03712146290818,1.0565291374240031,1.0326546656799105,1.0463576158940397,0.9351314441789006,1.1279024006296734,1.0611111111111111
equal_weight,27,16,129561.55345494318,-0.007037932449453499,-0.007037932449453499,-0.008931073716148919,0.22816609300091184,0.06997917632983165,0.0,0.0,0.0,0.0,1.0,1.0,,0.0,,False,,,7.0,42,0.14285714285714285,0.14285714285714285,0.14285714285714285,0.14285714285714285,0.14285714285714285,0.14285714285714285,0.14285714285714285,0.9888633335144615,1.0141533291379978,0.9796166893478648,1.0192625206384152,0.910551296093465,1.0568736915561758,0.9814136125654451
equal_weight,27,17,129920.92407127722,0.0027737442686577296,0.0027737442686577296,-0.001090245061052859,0.23030104107681693,0.06450386273915888,0.0,0.0,0.0,0.0,1.0,1.0,,0.0,,False,,,7.0,43,0.14285714285714285,0.14285714285714285,0.14285714285714285,0.14285714285714285,0.14285714285714285,0.14285714285714285,0.14285714285714285,1.026091448048592,1.0093070419373205,1.0316766856435173,1.0105291576673865,1.057337610264635,0.9290194783757015,0.9554547879434515
equal_weight,27,18,130111.2399802684,0.001464859570170285,0.001464859570170285,-0.002376663593016505,0.23142689274834993,0.07005030529099024,0.0,0.0,0.0,0.0,1.0,1.0,,0.0,,False,,,7.0,44,0.14285714285714285,0.14285714285714285,0.14285714285714285,0.14285714285714285,0.14285714285714285,0.14285714285714285,0.14285714285714285,1.0424386351216453,1.004133253410209,1.0662471630729378,0.9422922789206518,1.0401971937808114,0.9470504619758351,0.9678950307091011
equal_weight,27,19,135407.95580051135,0.04070913336193094,0.04070913336193094,0.026164567946094675,0.2614909559130767,0.07798990437264176,0.0,0.0,0.0,0.0,1.0,1.0,,0.0,,False,,,7.0,45,0.14285714285714285,0.14285714285714285,0.14285714285714285,0.14285714285714285,0.14285714285714285,0.14285714285714285,0.14285714285714285,1.0524253138754247,1.054036194252693,1.0270848634564504,0.9872412815423873,1.0051039008384979,1.121575984990619,1.0374963945774445
equal_weight,27,20,138673.99673019233,0.02412000764927469,0.02412000764927469,0.013567453646533535,0.2788842727698795,0.07651726420538506,0.0,0.0,0.0,0.0,1.0,1.0,,0.0,,False,,,7.0,46,0.14285714285714285,0.14285714285714285,0.14285714285714285,0.14285714285714285,0.14285714285714285,0.14285714285714285,0.14285714285714285,1.0054865027130322,0.9846774920370601,1.0193239990459473,1.0485353245261344,1.019949220166848,1.0441619270659084,1.0467055879899918
equal_weight,27,21,140214.73527412384,0.011110507955786497,0.011110507955786497,0.004862094805129754,0.2868081959824186,0.06123656814818687,0.0,0.0,0.0,0.0,1.0,1.0,,0.0,,False,,,7.0,47,0.14285714285714285,0.14285714285714285,0.14285714285714285,0.14285714285714285,0.14285714285714285,0.14285714285714285,0.14285714285714285,1.0222140006378042,1.054929753081416,0.9992198688185272,0.9627499315256095,1.0142247510668565,1.0807433514899072,0.9436918990703851
equal_weight,27,22,139283.12542490955,-0.0066441650900168625,-0.0066441650900168625,-0.007647143861411694,0.2820379375108717,0.0575377077972962,0.0,0.0,0.0,0.0,1.0,1.0,,0.0,,False,,,7.0,48,0.14285714285714285,0.14285714285714285,0.14285714285714285,0.14285714285714285,0.14285714285714285,0.14285714285714285,0.14285714285714285,1.022748062827226,1.0116330078314992,1.0125485675873276,0.8998577524893313,0.9817671809256661,0.9866587607471095,1.0382775119617225
equal_weight,27,23,141519.83555933554,0.01605873021302817,0.01605873021302817,0.008246621904930172,0.2933852727798526,0.062014267281014696,0.0,0.0,0.0,0.0,1.0,1.0,,0.0,,False,,,7.0,49,0.14285714285714285,0.14285714285714285,0.14285714285714285,0.14285714285714285,0.14285714285714285,0.14285714285714285,0.14285714285714285,1.028990413717977,1.0399761864870785,1.0121727778274432,0.9920961112867532,1.1142857142857145,0.933293269230769,0.9915966386554621
equal_weight,27,24,138488.09792762675,-0.021422704596329667,-0.021422704596329667,-0.019247087779526474,0.2779162866959185,0.07556203391184745,0.0,0.0,0.0,0.0,1.0,1.0,,0.0,,False,,,7.0,50,0.14285714285714285,0.14285714285714285,0.14285714285714285,0.14285714285714285,0.14285714285714285,0.14285714285714285,0.14285714285714285,0.9524308174608502,0.9468745137780623,0.9571047153564893,1.0296367112810707,0.9903846153846152,1.0135222150676113,0.9600874794969929
equal_weight,28,1,100751.51748468692,0.007515174846869144,0.007515174846869144,0.004321917331044272,0.00745911826887502,0.06274401875661496,0.0,0.0,0.0,0.0,1.0,1.0,,0.0,,False,,,7.0,28,0.14285714285714285,0.14285714285714285,0.14285714285714285,0.14285714285714285,0.14285714285714285,0.14285714285714285,0.14285714285714285,1.034047030048888,1.0449943420211207,1.037165241936394,0.9783549783549785,0.9924050632911392,0.9950248756218906,0.9706146926536732
equal_weight,28,2,105012.00198047135,0.04228705038047664,0.04228705038047664,0.03694435613490196,0.047727896677976056,0.06648844548398146,0.0,0.0,0.0,0.0,1.0,1.0,,0.0,,False,,,7.0,29,0.14285714285714285,0.14285714285714285,0.14285714285714285,0.14285714285714285,0.14285714285714285,0.14285714285714285,0.14285714285714285,1.028589803182445,1.0354429604664128,1.0173620255284004,1.0408441116405716,1.0557580174927113,1.08125,1.0367624343527957
equal_weight,28,3,105939.6738702129,0.008833960616368985,0.008833960616368985,0.005073746160992518,0.05606656744563532,0.06529849213333487,0.0,0.0,0.0,0.0,1.0,1.0,,0.0,,False,,,7.0,30,0.14285714285714285,0.14285714285714285,0.14285714285714285,0.14285714285714285,0.14285714285714285,0.14285714285714285,0.14285714285714285,1.0293303784225487,1.0479104071466634,1.0217829114307377,0.9565075212557227,0.9206075250258889,1.0710982658959536,1.0146007151370682
equal_weight,28,4,101765.95133269516,-0.03939716241368629,-0.03939716241368629,-0.04195010226300312,0.017353066615786505,0.06473202866308612,0.0,0.0,0.0,0.0,1.0,1.0,,0.0,,False,,,7.0,31,0.14285714285714285,0.14285714285714285,0.14285714285714285,0.14285714285714285,0.14285714285714285,0.14285714285714285,0.14285714285714285,0.8883429458072976,0.9111819056684046,0.8713745250537601,0.9620512820512821,0.9591301087364079,1.0766324878575284,1.0555066079295152
equal_weight,28,5,93248.35042800818,-0.0836979440878125,-0.0836979440878125,-0.09326788661587339,-0.072405029590356,0.07019580819461778,0.0,0.0,0.0,0.0,1.0,1.0,,0.0,,False,,,7.0,32,0.14285714285714285,0.14285714285714285,0.14285714285714285,0.14285714285714285,0.14285714285714285,0.14285714285714285,0.14285714285714285,0.8748807130139254,0.8987705690454519,0.8625624855383022,0.9506041222459132,0.9378420641125881,0.8997493734335839,0.9897050639955481
equal_weight,28,6,101712.50463967444,0.09077001547819297,0.09077001547819297,0.0846893842014707,0.016836716839695898,0.09104724457162393,0.0,0.0,0.0,0.0,1.0,1.0,,0.0,,False,,,7.0,33,0.14285714285714285,0.14285714285714285,0.14285714285714285,0.14285714285714285,0.14285714285714285,0.14285714285714285,0.14285714285714285,1.1268440206437376,1.154471978877262,1.1108063488991609,1.0661682242990655,1.0220925385577322,1.1103064066852368,1.0447005903851563
equal_weight,28,7,103901.11333132692,0.0215175970683823,0.0215175970683823,0.015893613318240393,0.03754640548351762,0.0963215065116266,0.0,0.0,0.0,0.0,1.0,1.0,,0.0,,False,,,7.0,34,0.14285714285714285,0.14285714285714285,0.14285714285714285,0.14285714285714285,0.14285714285714285,0.14285714285714285,0.14285714285714285,1.0452818452385757,1.0675310126503827,1.0426107204951207,0.982468443197756,0.9755301794453507,1.0065228299046662,1.0306781485468246
equal_weight,28,8,109298.18706354342,0.051944330134422456,0.051944330134422456,0.04394692736474441,0.08507174101742121,0.07156816338318363,0.0,0.0,0.0,0.0,1.0,1.0,,0.0,,False,,,7.0,35,0.14285714285714285,0.14285714285714285,0.14285714285714285,0.14285714285714285,0.14285714285714285,0.14285714285714285,0.14285714285714285,1.0183883698313119,1.0599512631895773,1.0169313969075835,1.0549607423269096,1.023829431438127,1.175972083748754,1.0135770234986945
equal_weight,28,9,118391.63648193785,0.08319853844517766,0.08319853844517766,0.06631892206590055,0.15534574086864428,0.07910155570645037,0.0,0.0,0.0,0.0,1.0,1.0,,0.0,,False,,,7.0,36,0.14285714285714285,0.14285714285714285,0.14285714285714285,0.14285714285714285,0.14285714285714285,0.14285714285714285,0.14285714285714285,1.0551013292304916,1.0682486990147664,1.0238423367924046,1.11468200270636,1.0955492037566352,1.1479440440864774,1.0770221535291085
equal_weight,28,10,122857.24548953073,0.037718956678786775,0.037718956678786775,0.02683523417353618,0.18604719158772376,0.077324330910866,0.0,0.0,0.0,0.0,1.0,1.0,,0.0,,False,,,7.0,37,0.14285714285714285,0.14285714285714285,0.14285714285714285,0.14285714285714285,0.14285714285714285,0.14285714285714285,0.14285714285714285,1.0700646851823017,1.0958744957492952,1.07574187376562,1.0303490136570561,1.039508013417816,0.9737813884785819,0.9787132265008371
equal_weight,28,11,117941.73731872323,-0.04000991680402255,-0.04000991680402255,-0.037874742595305835,0.152123732671818,0.07902567358800155,0.0,0.0,0.0,0.0,1.0,1.0,,0.0,,False,,,7.0,38,0.14285714285714285,0.14285714285714285,0.14285714285714285,0.14285714285714285,0.14285714285714285,0.14285714285714285,0.14285714285714285,0.9607720184563087,0.9483673729353325,0.9771948490503586,0.9664212076583212,0.9602007888131946,0.943875616230565,0.9630987292277614
equal_weight,28,12,116792.29692590734,-0.009745832297769708,-0.009745832297769708,-0.012139807791347343,0.1437791478367817,0.07590445912622074,0.0,0.0,0.0,0.0,1.0,1.0,,0.0,,False,,,7.0,39,0.14285714285714285,0.14285714285714285,0.14285714285714285,0.14285714285714285,0.14285714285714285,0.14285714285714285,0.14285714285714285,0.972334225393994,0.9770852563241543,0.9539229191567941,1.0146296860713198,1.00336071695295,1.0297308155885898,0.9807155544278103
equal_weight,28,13,123466.91424938716,0.05714946532573273,0.05714946532573273,0.04310732930059221,0.19006641894351584,0.06359883612283862,0.0,0.0,0.0,0.0,1.0,1.0,,0.0,,False,,,7.0,40,0.14285714285714285,0.14285714285714285,0.14285714285714285,0.14285714285714285,0.14285714285714285,0.14285714285714285,0.14285714285714285,1.1075456274694473,1.1179570958597118,1.1183717604729042,1.0432562331030337,1.0900632675846669,0.9914163090128755,0.9314359637774902
equal_weight,28,14,128702.04965815665,0.042401119689402744,0.042401119689402744,0.028290490337864866,0.22301159720759456,0.09309375852427713,0.0,0.0,0.0,0.0,1.0,1.0,,0.0,,False,,,7.0,41,0.14285714285714285,0.14285714285714285,0.14285714285714285,0.14285714285714285,0.14285714285714285,0.14285714285714285,0.14285714285714285,1.03712146290818,1.0565291374240031,1.0326546656799105,1.0463576158940397,0.9351314441789006,1.1279024006296734,1.0611111111111111
equal_weight,28,15,127796.25332655634,-0.007037932449453499,-0.007037932449453499,-0.009147383992100976,0.21750444635907185,0.07280466287156527,0.0,0.0,0.0,0.0,1.0,1.0,,0.0,,False,,,7.0,42,0.14285714285714285,0.14285714285714285,0.14285714285714285,0.14285714285714285,0.14285714285714285,0.14285714285714285,0.14285714285714285,0.9888633335144615,1.0141533291379978,0.9796166893478648,1.0192625206384152,0.910551296093465,1.0568736915561758,0.9814136125654451
equal_weight,28,16,128150.72745177681,0.0027737442686577296,0.0027737442686577296,-0.0007600400153222604,0.21966888531608175,0.05848957944664333,0.0,0.0,0.0,0.0,1.0,1.0,,0.0,,False,,,7.0,43,0.14285714285714285,0.14285714285714285,0.14285714285714285,0.14285714285714285,0.14285714285714285,0.14285714285714285,0.14285714285714285,1.026091448048592,1.0093070419373205,1.0316766856435173,1.0105291576673865,1.057337610264635,0.9290194783757015,0.9554547879434515
equal_weight,28,17,128338.45027130883,0.001464859570170285,0.001464859570170285,-0.002598037531687358,0.2208102888214799,0.07478882074171021,0.0,0.0,0.0,0.0,1.0,1.0,,0.0,,False,,,7.0,44,0.14285714285714285,0.14285714285714285,0.14285714285714285,0.14285714285714285,0.14285714285714285,0.14285714285714285,0.14285714285714285,1.0424386351216453,1.004133253410209,1.0662471630729378,0.9422922789206518,1.0401971937808114,0.9470504619758351,0.9678950307091011
equal_weight,28,18,133562.99735886708,0.04070913336193094,0.04070913336193094,0.026544445123243506,0.251289638766398,0.07869809643349145,0.0,0.0,0.0,0.0,1.0,1.0,,0.0,,False,,,7.0,45,0.14285714285714285,0.14285714285714285,0.14285714285714285,0.14285714285714285,0.14285714285714285,0.14285714285714285,0.14285714285714285,1.0524253138754247,1.054036194252693,1.0270848634564504,0.9872412815423873,1.0051039008384979,1.121575984990619,1.0374963945774445
equal_weight,28,19,136784.53787682301,0.02412000764927469,0.02412000764927469,0.014211928597436798,0.26892321637953087,0.06843298031392181,0.0,0.0,0.0,0.0,1.0,1.0,,0.0,,False,,,7.0,46,0.14285714285714285,0.14285714285714285,0.14285714285714285,0.14285714285714285,0.14285714285714285,0.14285714285714285,0.14285714285714285,1.0054865027130322,0.9846774920370601,1.0193239990459473,1.0485353245261344,1.019949220166848,1.0441619270659084,1.0467055879899918
equal_weight,28,20,138304.28357313204,0.011110507955786497,0.011110507955786497,0.004632474863212388,0.2769565958734579,0.06801809261429258,0.0,0.0,0.0,0.0,1.0,1.0,,0.0,,False,,,7.0,47,0.14285714285714285,0.14285714285714285,0.14285714285714285,0.14285714285714285,0.14285714285714285,0.14285714285714285,0.14285714285714285,1.0222140006378042,1.054929753081416,0.9992198688185272,0.9627499315256095,1.0142247510668565,1.0807433514899072,0.9436918990703851
equal_weight,28,21,137385.36708041563,-0.0066441650900168625,-0.0066441650900168625,-0.00829879737959405,0.27212044393732915,0.0692529088693062,0.0,0.0,0.0,0.0,1.0,1.0,,0.0,,False,,,7.0,48,0.14285714285714285,0.14285714285714285,0.14285714285714285,0.14285714285714285,0.14285714285714285,0.14285714285714285,0.14285714285714285,1.022748062827226,1.0116330078314992,1.0125485675873276,0.8998577524893313,0.9817671809256661,0.9866587607471095,1.0382775119617225
equal_weight,28,22,139591.60162557787,0.01605873021302817,0.01605873021302817,0.008140144521650856,0.28362452443072594,0.06727871943491878,0.0,0.0,0.0,0.0,1.0,1.0,,0.0,,False,,,7.0,49,0.14285714285714285,0.14285714285714285,0.14285714285714285,0.14285714285714285,0.14285714285714285,0.14285714285714285,0.14285714285714285,1.028990413717977,1.0399761864870785,1.0121727778274432,0.9920961112867532,1.1142857142857145,0.933293269230769,0.9915966386554621
equal_weight,28,23,136601.17197982458,-0.021422704596329667,-0.021422704596329667,-0.01957957119625513,0.2679418591315631,0.0779381179418457,0.0,0.0,0.0,0.0,1.0,1.0,,0.0,,False,,,7.0,50,0.14285714285714285,0.14285714285714285,0.14285714285714285,0.14285714285714285,0.14285714285714285,0.14285714285714285,0.14285714285714285,0.9524308174608502,0.9468745137780623,0.9571047153564893,1.0296367112810707,0.9903846153846152,1.0135222150676113,0.9600874794969929
equal_weight,28,24,140373.52044701902,0.02761578405602272,0.02761578405602272,0.016356805788992578,0.28761493135207894,0.06632532863046527,0.0,0.0,0.0,0.0,1.0,1.0,,0.0,,False,,,7.0,51,0.14285714285714285,0.14285714285714285,0.14285714285714285,0.14285714285714285,0.14285714285714285,0.14285714285714285,0.14285714285714285,1.0691438500861281,1.0726581795633896,1.0583749337868538,1.0225936242649336,0.9190938511326862,1.0320838627700126,1.019362186788155
equal_weight,29,1,104228.70503804766,0.04228705038047664,0.04228705038047664,0.03712052257041118,0.04057140531971515,0.0690176549860794,0.0,0.0,0.0,0.0,1.0,1.0,,0.0,,False,,,7.0,29,0.14285714285714285,0.14285714285714285,0.14285714285714285,0.14285714285714285,0.14285714285714285,0.14285714285714285,0.14285714285714285,1.028589803182445,1.0354429604664128,1.0173620255284004,1.0408441116405716,1.0557580174927113,1.08125,1.0367624343527957
equal_weight,29,2,105149.4573134489,0.008833960616368985,0.008833960616368985,0.004760895229650579,0.04897274265618379,0.0728088421363612,0.0,0.0,0.0,0.0,1.0,1.0,,0.0,,False,,,7.0,30,0.14285714285714285,0.14285714285714285,0.14285714285714285,0.14285714285714285,0.14285714285714285,0.14285714285714285,0.14285714285714285,1.0293303784225487,1.0479104071466634,1.0217829114307377,0.9565075212557227,0.9206075250258889,1.0710982658959536,1.0146007151370682
equal_weight,29,3,101006.86706595999,-0.03939716241368629,-0.03939716241368629,-0.04277070379552605,0.009968303098664255,0.07532528476013037,0.0,0.0,0.0,0.0,1.0,1.0,,0.0,,False,,,7.0,31,0.14285714285714285,0.14285714285714285,0.14285714285714285,0.14285714285714285,0.14285714285714285,0.14285714285714285,0.14285714285714285,0.8883429458072976,0.9111819056684046,0.8713745250537601,0.9620512820512821,0.9591301087364079,1.0766324878575284,1.0555066079295152
equal_weight,29,4,92552.79995378816,-0.0836979440878125,-0.0836979440878125,-0.09425643397179645,-0.08046434089438947,0.07647579957485448,0.0,0.0,0.0,0.0,1.0,1.0,,0.0,,False,,,7.0,32,0.14285714285714285,0.14285714285714285,0.14285714285714285,0.14285714285714285,0.14285714285714285,0.14285714285714285,0.14285714285714285,0.8748807130139254,0.8987705690454519,0.8625624855383022,0.9506041222459132,0.9378420641125881,0.8997493734335839,0.9897050639955481
equal_weight,29,5,100953.8190381436,0.09077001547819297,0.09077001547819297,0.08536288097803622,0.009448072863724066,0.0909906556015463,0.0,0.0,0.0,0.0,1.0,1.0,,0.0,,False,,,7.0,33,0.14285714285714285,0.14285714285714285,0.14285714285714285,0.14285714285714285,0.14285714285714285,0.14285714285714285,0.14285714285714285,1.1268440206437376,1.154471978877262,1.1108063488991609,1.0661682242990655,1.0220925385577322,1.1103064066852368,1.0447005903851563
equal_weight,29,6,103126.10263872075,0.0215175970683823,0.0215175970683823,0.016459248223103462,0.03031339843872849,0.08812154703801924,0.0,0.0,0.0,0.0,1.0,1.0,,0.0,,False,,,7.0,34,0.14285714285714285,0.14285714285714285,0.14285714285714285,0.14285714285714285,0.14285714285714285,0.14285714285714285,0.14285714285714285,1.0452818452385757,1.0675310126503827,1.0426107204951207,0.982468443197756,0.9755301794453507,1.0065228299046662,1.0306781485468246
equal_weight,29,7,108482.9189596628,0.051944330134422456,0.051944330134422456,0.044333548874964476,0.07819589517882541,0.07097895730264893,0.0,0.0,0.0,0.0,1.0,1.0,,0.0,,False,,,7.0,35,0.14285714285714285,0.14285714285714285,0.14285714285714285,0.14285714285714285,0.14285714285714285,0.14285714285714285,0.14285714285714285,1.0183883698313119,1.0599512631895773,1.0169313969075835,1.0549607423269096,1.023829431438127,1.175972083748754,1.0135770234986945
equal_weight,29,8,117508.5392633734,0.08319853844517766,0.08319853844517766,0.06753274552830131,0.14899801642611932,0.0653875143798519,0.0,0.0,0.0,0.0,1.0,1.0,,0.0,,False,,,7.0,36,0.14285714285714285,0.14285714285714285,0.14285714285714285,0.14285714285714285,0.14285714285714285,0.14285714285714285,0.14285714285714285,1.0551013292304916,1.0682486990147664,1.0238423367924046,1.11468200270636,1.0955492037566352,1.1479440440864774,1.0770221535291085
equal_weight,29,9,121940.8387652361,0.037718956678786775,0.037718956678786775,0.026517385384585944,0.1799301939154052,0.088295842093999,0.0,0.0,0.0,0.0,1.0,1.0,,0.0,,False,,,7.0,37,0.14285714285714285,0.14285714285714285,0.14285714285714285,0.14285714285714285,0.14285714285714285,0.14285714285714285,0.14285714285714285,1.0700646851823017,1.0958744957492952,1.07574187376562,1.0303490136570561,1.039508013417816,0.9737813884785819,0.9787132265008371
equal_weight,29,10,117061.99595122627,-0.04000991680402255,-0.04000991680402255,-0.038430843438860426,0.14575179427433593,0.08504887595582292,0.0,0.0,0.0,0.0,1.0,1.0,,0.0,,False,,,7.0,38,0.14285714285714285,0.14285714285714285,0.14285714285714285,0.14285714285714285,0.14285714285714285,0.14285714285714285,0.14285714285714285,0.9607720184563087,0.9483673729353325,0.9771948490503586,0.9664212076583212,0.9602007888131946,0.943875616230565,0.9630987292277614
equal_weight,29,11,115921.12937024342,-0.009745832297769708,-0.009745832297769708,-0.012259429099707701,0.13734449842523977,0.07704266501223075,0.0,0.0,0.0,0.0,1.0,1.0,,0.0,,False,,,7.0,39,0.14285714285714285,0.14285714285714285,0.14285714285714285,0.14285714285714285,0.14285714285714285,0.14285714285714285,0.14285714285714285,0.972334225393994,0.9770852563241543,0.9539229191567941,1.0146296860713198,1.00336071695295,1.0297308155885898,0.9807155544278103
equal_weight,29,12,122545.95993370793,0.05714946532573273,0.05714946532573273,0.04330199905592672,0.18397962646752553,0.06666257972718072,0.0,0.0,0.0,0.0,1.0,1.0,,0.0,,False,,,7.0,40,0.14285714285714285,0.14285714285714285,0.14285714285714285,0.14285714285714285,0.14285714285714285,0.14285714285714285,0.14285714285714285,1.1075456274694473,1.1179570958597118,1.1183717604729042,1.0432562331030337,1.0900632675846669,0.9914163090128755,0.9314359637774902
equal_weight,29,13,127742.04584830983,0.042401119689402744,0.042401119689402744,0.028453444432529087,0.21717239350662,0.09478645213130751,0.0,0.0,0.0,0.0,1.0,1.0,,0.0,,False,,,7.0,41,0.14285714285714285,0.14285714285714285,0.14285714285714285,0.14285714285714285,0.14285714285714285,0.14285714285714285,0.14285714285714285,1.03712146290818,1.0565291374240031,1.0326546656799105,1.0463576158940397,0.9351314441789006,1.1279024006296734,1.0611111111111111
equal_weight,29,14,126843.00595867443,-0.007037932449453499,-0.007037932449453499,-0.008723669662839547,0.2116238554565627,0.06350263225564527,0.0,0.0,0.0,0.0,1.0,1.0,,0.0,,False,,,7.0,42,0.14285714285714285,0.14285714285714285,0.14285714285714285,0.14285714285714285,0.14285714285714285,0.14285714285714285,0.14285714285714285,0.9888633335144615,1.0141533291379978,0.9796166893478648,1.0192625206384152,0.910551296093465,1.0568736915561758,0.9814136125654451
equal_weight,29,15,127194.83601947162,0.0027737442686577296,0.0027737442686577296,-0.0017599591782060803,0.21380456055077968,0.07881328544846106,0.0,0.0,0.0,0.0,1.0,1.0,,0.0,,False,,,7.0,43,0.14285714285714285,0.14285714285714285,0.14285714285714285,0.14285714285714285,0.14285714285714285,0.14285714285714285,0.14285714285714285,1.026091448048592,1.0093070419373205,1.0316766856435173,1.0105291576673865,1.057337610264635,0.9290194783757015,0.9554547879434515
equal_weight,29,16,127381.15859229099,0.001464859570170285,0.001464859570170285,-0.0024911385212007795,0.2149545419030917,0.07282239747025629,0.0,0.0,0.0,0.0,1.0,1.0,,0.0,,False,,,7.0,44,0.14285714285714285,0.14285714285714285,0.14285714285714285,0.14285714285714285,0.14285714285714285,0.14285714285714285,0.14285714285714285,1.0424386351216453,1.004133253410209,1.0662471630729378,0.9422922789206518,1.0401971937808114,0.9470504619758351,0.9678950307091011
equal_weight,29,17,132566.73516522185,0.04070913336193094,0.04070913336193094,0.026867724499758657,0.2456629494920649,0.0768136617842908,0.0,0.0,0.0,0.0,1.0,1.0,,0.0,,False,,,7.0,45,0.14285714285714285,0.14285714285714285,0.14285714285714285,0.14285714285714285,0.14285714285714285,0.14285714285714285,0.14285714285714285,1.0524253138754247,1.054036194252693,1.0270848634564504,0.9872412815423873,1.0051039008384979,1.121575984990619,1.0374963945774445
equal_weight,29,18,135764.24583144637,0.02412000764927469,0.02412000764927469,0.01446456863349615,0.26342904652413635,0.06603056797150575,0.0,0.0,0.0,0.0,1.0,1.0,,0.0,,False,,,7.0,46,0.14285714285714285,0.14285714285714285,0.14285714285714285,0.14285714285714285,0.14285714285714285,0.14285714285714285,0.14285714285714285,1.0054865027130322,0.9846774920370601,1.0193239990459473,1.0485353245261344,1.019949220166848,1.0441619270659084,1.0467055879899918
equal_weight,29,19,137272.655564868,0.011110507955786497,0.011110507955786497,0.004641655404217482,0.2715227982695714,0.06904192682435094,0.0,0.0,0.0,0.0,1.0,1.0,,0.0,,False,,,7.0,47,0.14285714285714285,0.14285714285714285,0.14285714285714285,0.14285714285714285,0.14285714285714285,0.14285714285714285,0.14285714285714285,1.0222140006378042,1.054929753081416,0.9992198688185272,0.9627499315256095,1.0142247510668565,1.0807433514899072,0.9436918990703851
equal_weight,29,20,136360.59337895,-0.0066441650900168625,-0.0066441650900168625,-0.008722676748508826,0.26665030180605664,0.07700360569988192,0.0,0.0,0.0,0.0,1.0,1.0,,0.0,,False,,,7.0,48,0.14285714285714285,0.14285714285714285,0.14285714285714285,0.14285714285714285,0.14285714285714285,0.14285714285714285,0.14285714285714285,1.022748062827226,1.0116330078314992,1.0125485675873276,0.8998577524893313,0.9817671809256661,0.9866587607471095,1.0382775119617225
equal_weight,29,21,138550.371359711,0.01605873021302817,0.01605873021302817,0.007828653212602146,0.27824083747581385,0.07523764914310124,0.0,0.0,0.0,0.0,1.0,1.0,,0.0,,False,,,7.0,49,0.14285714285714285,0.14285714285714285,0.14285714285714285,0.14285714285714285,0.14285714285714285,0.14285714285714285,0.14285714285714285,1.028990413717977,1.0399761864870785,1.0121727778274432,0.9920961112867532,1.1142857142857145,0.933293269230769,0.9915966386554621
equal_weight,29,22,135582.24768236012,-0.021422704596329667,-0.021422704596329667,-0.019669406544110687,0.2624403142048628,0.07737766546319275,0.0,0.0,0.0,0.0,1.0,1.0,,0.0,,False,,,7.0,50,0.14285714285714285,0.14285714285714285,0.14285714285714285,0.14285714285714285,0.14285714285714285,0.14285714285714285,0.14285714285714285,0.9524308174608502,0.9468745137780623,0.9571047153564893,1.0296367112810707,0.9903846153846152,1.0135222150676113,0.9600874794969929
equal_weight,29,23,139326.45775618637,0.02761578405602272,0.02761578405602272,0.0167113363396198,0.28226123300289097,0.06219164916816725,0.0,0.0,0.0,0.0,1.0,1.0,,0.0,,False,,,7.0,51,0.14285714285714285,0.14285714285714285,0.14285714285714285,0.14285714285714285,0.14285714285714285,0.14285714285714285,0.14285714285714285,1.0691438500861281,1.0726581795633896,1.0583749337868538,1.0225936242649336,0.9190938511326862,1.0320838627700126,1.019362186788155
equal_weight,29,24,138086.69154529576,-0.00889828271569304,-0.00889828271569304,-0.010039839499775828,0.27581725015695957,0.07191713307688867,0.0,0.0,0.0,0.0,1.0,1.0,,0.0,,False,,,7.0,52,0.14285714285714285,0.14285714285714285,0.14285714285714285,0.14285714285714285,0.14285714285714285,0.14285714285714285,0.14285714285714285,0.9916662901143084,1.0025358571630094,0.9627064136965677,0.9576271186440679,0.9838028169014084,1.0421668205601724,0.9972067039106144
equal_weight,30,1,100883.3960616369,0.008833960616368985,0.008833960616368985,0.005522826510092794,0.008756605111679305,0.06467557203173023,0.0,0.0,0.0,0.0,1.0,1.0,,0.0,,False,,,7.0,30,0.14285714285714285,0.14285714285714285,0.14285714285714285,0.14285714285714285,0.14285714285714285,0.14285714285714285,0.14285714285714285,1.0293303784225487,1.0479104071466634,1.0217829114307377,0.9565075212557227,0.9206075250258889,1.0710982658959536,1.0146007151370682
equal_weight,30,2,96908.87652215235,-0.03939716241368629,-0.03939716241368629,-0.0439146526117198,-0.03189721714647109,0.06521660707138811,0.0,0.0,0.0,0.0,1.0,1.0,,0.0,,False,,,7.0,31,0.14285714285714285,0.14285714285714285,0.14285714285714285,0.14285714285714285,0.14285714285714285,0.14285714285714285,0.14285714285714285,0.8883429458072976,0.9111819056684046,0.8713745250537601,0.9620512820512821,0.9591301087364079,1.0766324878575284,1.0555066079295152
equal_weight,30,3,88797.80279338852,-0.0836979440878125,-0.0836979440878125,-0.09828196602718622,-0.126153990912099,0.08050384523116613,0.0,0.0,0.0,0.0,1.0,1.0,,0.0,,False,,,7.0,32,0.14285714285714285,0.14285714285714285,0.14285714285714285,0.14285714285714285,0.14285714285714285,0.14285714285714285,0.14285714285714285,0.8748807130139254,0.8987705690454519,0.8625624855383022,0.9506041222459132,0.9378420641125881,0.8997493734335839,0.9897050639955481
equal_weight,30,4,96857.98072737391,0.09077001547819297,0.09077001547819297,0.08927975773140367,-0.03243944638356577,0.08869573594259117,0.0,0.0,0.0,0.0,1.0,1.0,,0.0,,False,,,7.0,33,0.14285714285714285,0.14285714285714285,0.14285714285714285,0.14285714285714285,0.14285714285714285,0.14285714285714285,0.14285714285714285,1.1268440206437376,1.154471978877262,1.1108063488991609,1.0661682242990655,1.0220925385577322,1.1103064066852368,1.0447005903851563
equal_weight,30,5,98942.13172952268,0.0215175970683823,0.0215175970683823,0.017340502092332823,-0.01069178773476609,0.08814313112933723,0.0,0.0,0.0,0.0,1.0,1.0,,0.0,,False,,,7.0,34,0.14285714285714285,0.14285714285714285,0.14285714285714285,0.14285714285714285,0.14285714285714285,0.14285714285714285,0.14285714285714285,1.0452818452385757,1.0675310126503827,1.0426107204951207,0.982468443197756,0.9755301794453507,1.0065228299046662,1.0306781485468246
equal_weight,30,6,104081.61448428452,0.051944330134422456,0.051944330134422456,0.046383142109223986,0.039215518557322304,0.07048328365728809,0.0,0.0,0.0,0.0,1.0,1.0,,0.0,,False,,,7.0,35,0.14285714285714285,0.14285714285714285,0.14285714285714285,0.14285714285714285,0.14285714285714285,0.14285714285714285,0.14285714285714285,1.0183883698313119,1.0599512631895773,1.0169313969075835,1.0549607423269096,1.023829431438127,1.175972083748754,1.0135770234986945
equal_weight,30,7,112741.05268839143,0.08319853844517766,0.08319853844517766,0.07011799369731996,0.11301165267284519,0.07356280836405864,0.0,0.0,0.0,0.0,1.0,1.0,,0.0,,False,,,7.0,36,0.14285714285714285,0.14285714285714285,0.14285714285714285,0.14285714285714285,0.14285714285714285,0.14285714285714285,0.14285714285714285,1.0551013292304916,1.0682486990147664,1.0238423367924046,1.11468200270636,1.0955492037566352,1.1479440440864774,1.0770221535291085
equal_weight,30,8,116993.52757066568,0.037718956678786775,0.037718956678786775,0.028120689470691792,0.1452518607099983,0.08239037132922629,0.0,0.0,0.0,0.0,1.0,1.0,,0.0,,False,,,7.0,37,0.14285714285714285,0.14285714285714285,0.14285714285714285,0.14285714285714285,0.14285714285714285,0.14285714285714285,0.14285714285714285,1.0700646851823017,1.0958744957492952,1.07574187376562,1.0303490136570561,1.039508013417816,0.9737813884785819,0.9787132265008371
equal_weight,30,9,112312.62626595423,-0.04000991680402255,-0.04000991680402255,-0.03976859372706751,0.10962815736138298,0.08289780756904398,0.0,0.0,0.0,0.0,1.0,1.0,,0.0,,False,,,7.0,38,0.14285714285714285,0.14285714285714285,0.14285714285714285,0.14285714285714285,0.14285714285714285,0.14285714285714285,0.14285714285714285,0.9607720184563087,0.9483673729353325,0.9771948490503586,0.9664212076583212,0.9602007888131946,0.943875616230565,0.9630987292277614
equal_weight,30,10,111218.04624544414,-0.009745832297769708,-0.009745832297769708,-0.012710763913387952,0.10086534176915252,0.0789589664231497,0.0,0.0,0.0,0.0,1.0,1.0,,0.0,,False,,,7.0,39,0.14285714285714285,0.14285714285714285,0.14285714285714285,0.14285714285714285,0.14285714285714285,0.14285714285714285,0.14285714285714285,0.972334225393994,0.9770852563241543,0.9539229191567941,1.0146296860713198,1.00336071695295,1.0297308155885898,0.9807155544278103
equal_weight,30,11,117574.09812294389,0.05714946532573273,0.05714946532573273,0.04502965449926604,0.14947253182046227,0.07155071104087428,0.0,0.0,0.0,0.0,1.0,1.0,,0.0,,False,,,7.0,40,0.14285714285714285,0.14285714285714285,0.14285714285714285,0.14285714285714285,0.14285714285714285,0.14285714285714285,0.14285714285714285,1.1075456274694473,1.1179570958597118,1.1183717604729042,1.0432562331030337,1.0900632675846669,0.9914163090128755,0.9314359637774902
equal_weight,30,12,122559.37152982842,0.042401119689402744,0.042401119689402744,0.02962550364706505,0.1840689230716065,0.09941775208158343,0.0,0.0,0.0,0.0,1.0,1.0,,0.0,,False,,,7.0,41,0.14285714285714285,0.14285714285714285,0.14285714285714285,0.14285714285714285,0.14285714285714285,0.14285714285714285,0.14285714285714285,1.03712146290818,1.0565291374240031,1.0326546656799105,1.0463576158940397,0.9351314441789006,1.1279024006296734,1.0611111111111111
equal_weight,30,13,121696.80695195401,-0.007037932449453499,-0.007037932449453499,-0.009074002696914477,0.17828575371348843,0.06581666677592819,0.0,0.0,0.0,0.0,1.0,1.0,,0.0,,False,,,7.0,42,0.14285714285714285,0.14285714285714285,0.14285714285714285,0.14285714285714285,0.14285714285714285,0.14285714285714285,0.14285714285714285,0.9888633335144615,1.0141533291379978,0.9796166893478648,1.0192625206384152,0.910551296093465,1.0568736915561758,0.9814136125654451
equal_weight,30,14,122034.36277275094,0.0027737442686577296,0.0027737442686577296,-0.0011014841518137818,0.18055867439388962,0.06748809664429946,0.0,0.0,0.0,0.0,1.0,1.0,,0.0,,False,,,7.0,43,0.14285714285714285,0.14285714285714285,0.14285714285714285,0.14285714285714285,0.14285714285714285,0.14285714285714285,0.14285714285714285,1.026091448048592,1.0093070419373205,1.0316766856435173,1.0105291576673865,1.057337610264635,0.9290194783757015,0.9554547879434515
equal_weight,30,15,122213.12597694824,0.001464859570170285,0.001464859570170285,-0.0023803988502388443,0.18175728506558342,0.0715801904386529,0.0,0.0,0.0,0.0,1.0,1.0,,0.0,,False,,,7.0,44,0.14285714285714285,0.14285714285714285,0.14285714285714285,0.14285714285714285,0.14285714285714285,0.14285714285714285,0.14285714285714285,1.0424386351216453,1.004133253410209,1.0662471630729378,0.9422922789206518,1.0401971937808114,0.9470504619758351,0.9678950307091011
equal_weight,30,16,127188.31642092229,0.04070913336193094,0.04070913336193094,0.02834261155115554,0.21376426063337572,0.07328728033273525,0.0,0.0,0.0,0.0,1.0,1.0,,0.0,,False,,,7.0,45,0.14285714285714285,0.14285714285714285,0.14285714285714285,0.14285714285714285,0.14285714285714285,0.14285714285714285,0.14285714285714285,1.0524253138754247,1.054036194252693,1.0270848634564504,0.9872412815423873,1.0051039008384979,1.121575984990619,1.0374963945774445
equal_weight,30,17,130256.0995858933,0.02412000764927469,0.02412000764927469,0.01477408470725635,0.23228163350570674,0.07486576330149332,0.0,0.0,0.0,0.0,1.0,1.0,,0.0,,False,,,7.0,46,0.14285714285714285,0.14285714285714285,0.14285714285714285,0.14285714285714285,0.14285714285714285,0.14285714285714285,0.14285714285714285,1.0054865027130322,0.9846774920370601,1.0193239990459473,1.0485353245261344,1.019949220166848,1.0441619270659084,1.0467055879899918
equal_weight,30,18,131703.3110166321,0.011110507955786497,0.011110507955786497,0.00523127341090699,0.24071764613896807,0.0640947844470867,0.0,0.0,0.0,0.0,1.0,1.0,,0.0,,False,,,7.0,47,0.14285714285714285,0.14285714285714285,0.14285714285714285,0.14285714285714285,0.14285714285714285,0.14285714285714285,0.14285714285714285,1.0222140006378042,1.054929753081416,0.9992198688185272,0.9627499315256095,1.0142247510668565,1.0807433514899072,0.9436918990703851
equal_weight,30,19,130828.25247533576,-0.0066441650900168625,-0.0066441650900168625,-0.008506972017563407,0.2356391061720221,0.06856864101234893,0.0,0.0,0.0,0.0,1.0,1.0,,0.0,,False,,,7.0,48,0.14285714285714285,0.14285714285714285,0.14285714285714285,0.14285714285714285,0.14285714285714285,0.14285714285714285,0.14285714285714285,1.022748062827226,1.0116330078314992,1.0125485675873276,0.8998577524893313,0.9817671809256661,0.9866587607471095,1.0382775119617225
equal_weight,30,20,132929.1880860791,0.01605873021302817,0.01605873021302817,0.008525398042793519,0.24771977140758294,0.07110534385534642,0.0,0.0,0.0,0.0,1.0,1.0,,0.0,,False,,,7.0,49,0.14285714285714285,0.14285714285714285,0.14285714285714285,0.14285714285714285,0.14285714285714285,0.14285714285714285,0.14285714285714285,1.028990413717977,1.0399761864870785,1.0121727778274432,0.9920961112867532,1.1142857142857145,0.933293269230769,0.9915966386554621
equal_weight,30,21,130081.4853574811,-0.021422704596329667,-0.021422704596329667,-0.02069187551348226,0.2312510906130354,0.08446389437869412,0.0,0.0,0.0,0.0,1.0,1.0,,0.0,,False,,,7.0,50,0.14285714285714285,0.14285714285714285,0.14285714285714285,0.14285714285714285,0.14285714285714285,0.14285714285714285,0.14285714285714285,0.9524308174608502,0.9468745137780623,0.9571047153564893,1.0296367112810707,0.9903846153846152,1.0135222150676113,0.9600874794969929
equal_weight,30,22,133673.7875668,0.02761578405602272,0.02761578405602272,0.016878151672246183,0.25191017760286316,0.0756187063516317,0.0,0.0,0.0,0.0,1.0,1.0,,0.0,,False,,,7.0,51,0.14285714285714285,0.14285714285714285,0.14285714285714285,0.14285714285714285,0.14285714285714285,0.14285714285714285,0.14285714285714285,1.0691438500861281,1.0726581795633896,1.0583749337868538,1.0225936242649336,0.9190938511326862,1.0320838627700126,1.019362186788155
equal_weight,30,23,132484.32041335313,-0.00889828271569304,-0.00889828271569304,-0.010497090280560128,0.24519369772967503,0.07561220814743996,0.0,0.0,0.0,0.0,1.0,1.0,,0.0,,False,,,7.0,52,0.14285714285714285,0.14285714285714285,0.14285714285714285,0.14285714285714285,0.14285714285714285,0.14285714285714285,0.14285714285714285,0.9916662901143084,1.0025358571630094,0.9627064136965677,0.9576271186440679,0.9838028169014084,1.0421668205601724,0.9972067039106144
equal_weight,30,24,134842.4101382577,0.017799009856768633,0.017799009856768633,0.009833175475830593,0.2583935580989155,0.06733369786819772,0.0,0.0,0.0,0.0,1.0,1.0,,0.0,,False,,,7.0,53,0.14285714285714285,0.14285714285714285,0.14285714285714285,0.14285714285714285,0.14285714285714285,0.14285714285714285,0.14285714285714285,1.0436129187650538,1.0069045203783964,1.0537813804467038,1.0290771175726925,1.0293486041517539,0.9503839338452451,1.0114845938375352
equal_weight,31,1,96060.28375863137,-0.03939716241368629,-0.03939716241368629,-0.044329625183313244,-0.04101295652288384,0.06633337320858816,0.0,0.0,0.0,0.0,1.0,1.0,,0.0,,False,,,7.0,31,0.14285714285714285,0.14285714285714285,0.14285714285714285,0.14285714285714285,0.14285714285714285,0.14285714285714285,0.14285714285714285,0.8883429458072976,0.9111819056684046,0.8713745250537601,0.9620512820512821,0.9591301087364079,1.0766324878575284,1.0555066079295152
equal_weight,31,2,88020.23549954203,-0.0836979440878125,-0.0836979440878125,-0.09908225690158505,-0.13610239091578324,0.07985645017371293,0.0,0.0,0.0,0.0,1.0,1.0,,0.0,,False,,,7.0,32,0.14285714285714285,0.14285714285714285,0.14285714285714285,0.14285714285714285,0.14285714285714285,0.14285714285714285,0.14285714285714285,0.8748807130139254,0.8987705690454519,0.8625624855383022,0.9506041222459132,0.9378420641125881,0.8997493734335839,0.9897050639955481
equal_weight,31,3,96009.83363822965,0.09077001547819297,0.09077001547819297,0.08999703797093814,-0.041559975791703785,0.09090754306282642,0.0,0.0,0.0,0.0,1.0,1.0,,0.0,,False,,,7.0,33,0.14285714285714285,0.14285714285714285,0.14285714285714285,0.14285714285714285,0.14285714285714285,0.14285714285714285,0.14285714285714285,1.1268440206437376,1.154471978877262,1.1108063488991609,1.0661682242990655,1.0220925385577322,1.1103064066852368,1.0447005903851563
equal_weight,31,4,98075.73455305949,0.0215175970683823,0.0215175970683823,0.017116979486830386,-0.019620199182902587,0.09645594243941624,0.0,0.0,0.0,0.0,1.0,1.0,,0.0,,False,,,7.0,34,0.14285714285714285,0.14285714285714285,0.14285714285714285,0.14285714285714285,0.14285714285714285,0.14285714285714285,0.14285714285714285,1.0452818452385757,1.0675310126503827,1.0426107204951207,0.982468443197756,0.9755301794453507,1.0065228299046662,1.0306781485468246
equal_weight,31,5,103170.21288685959,0.051944330134422456,0.051944330134422456,0.04682121001964982,0.030727986287439113,0.0705395090138376,0.0,0.0,0.0,0.0,1.0,1.0,,0.0,,False,,,7.0,35,0.14285714285714285,0.14285714285714285,0.14285714285714285,0.14285714285714285,0.14285714285714285,0.14285714285714285,0.14285714285714285,1.0183883698313119,1.0599512631895773,1.0169313969075835,1.0549607423269096,1.023829431438127,1.175972083748754,1.0135770234986945
equal_weight,31,6,111753.82381012414,0.08319853844517766,0.08319853844517766,0.0708913064837797,0.10517603254537888,0.0711347954832014,0.0,0.0,0.0,0.0,1.0,1.0,,0.0,,False,,,7.0,36,0.14285714285714285,0.14285714285714285,0.14285714285714285,0.14285714285714285,0.14285714285714285,0.14285714285714285,0.14285714285714285,1.0551013292304916,1.0682486990147664,1.0238423367924046,1.11468200270636,1.0955492037566352,1.1479440440864774,1.0770221535291085
equal_weight,31,7,115969.06144910699,0.037718956678786775,0.037718956678786775,0.028051804075147853,0.1377010493105958,0.08946425380138108,0.0,0.0,0.0,0.0,1.0,1.0,,0.0,,False,,,7.0,37,0.14285714285714285,0.14285714285714285,0.14285714285714285,0.14285714285714285,0.14285714285714285,0.14285714285714285,0.14285714285714285,1.0700646851823017,1.0958744957492952,1.07574187376562,1.0303490136570561,1.039508013417816,0.9737813884785819,0.9787132265008371
equal_weight,31,8,111329.14894868764,-0.04000991680402255,-0.04000991680402255,-0.03958553599258215,0.10176264756958953,0.07294268503151782,0.0,0.0,0.0,0.0,1.0,1.0,,0.0,,False,,,7.0,38,0.14285714285714285,0.14285714285714285,0.14285714285714285,0.14285714285714285,0.14285714285714285,0.14285714285714285,0.14285714285714285,0.9607720184563087,0.9483673729353325,0.9771948490503586,0.9664212076583212,0.9602007888131946,0.943875616230565,0.9630987292277614
equal_weight,31,9,110244.1537331803,-0.009745832297769708,-0.009745832297769708,-0.011974449448459192,0.0929224216095289,0.0626844697679714,0.0,0.0,0.0,0.0,1.0,1.0,,0.0,,False,,,7.0,39,0.14285714285714285,0.14285714285714285,0.14285714285714285,0.14285714285714285,0.14285714285714285,0.14285714285714285,0.14285714285714285,0.972334225393994,0.9770852563241543,0.9539229191567941,1.0146296860713198,1.00336071695295,1.0297308155885898,0.9807155544278103
equal_weight,31,10,116544.54817431944,0.05714946532573273,0.05714946532573273,0.04534632835349496,0.14195900566342423,0.07380511400800735,0.0,0.0,0.0,0.0,1.0,1.0,,0.0,,False,,,7.0,40,0.14285714285714285,0.14285714285714285,0.14285714285714285,0.14285714285714285,0.14285714285714285,0.14285714285714285,0.14285714285714285,1.1075456274694473,1.1179570958597118,1.1183717604729042,1.0432562331030337,1.0900632675846669,0.9914163090128755,0.9314359637774902
equal_weight,31,11,121486.16751060612,0.042401119689402744,0.042401119689402744,0.02989013475340572,0.1768610200723495,0.10023759311039093,0.0,0.0,0.0,0.0,1.0,1.0,,0.0,,False,,,7.0,41,0.14285714285714285,0.14285714285714285,0.14285714285714285,0.14285714285714285,0.14285714285714285,0.14285714285714285,0.14285714285714285,1.03712146290818,1.0565291374240031,1.0326546656799105,1.0463576158940397,0.9351314441789006,1.1279024006296734,1.0611111111111111
equal_weight,31,12,120631.15607012347,-0.007037932449453499,-0.007037932449453499,-0.008884141352536543,0.17102676242388393,0.06099767408141948,0.0,0.0,0.0,0.0,1.0,1.0,,0.0,,False,,,7.0,42,0.14285714285714285,0.14285714285714285,0.14285714285714285,0.14285714285714285,0.14285714285714285,0.14285714285714285,0.14285714285714285,0.9888633335144615,1.0141533291379978,0.9796166893478648,1.0192625206384152,0.910551296093465,1.0568736915561758,0.9814136125654451
equal_weight,31,13,120965.75604789454,0.0027737442686577296,0.0027737442686577296,-0.0011088435030865008,0.17331976199606003,0.06803686150525205,0.0,0.0,0.0,0.0,1.0,1.0,,0.0,,False,,,7.0,43,0.14285714285714285,0.14285714285714285,0.14285714285714285,0.14285714285714285,0.14285714285714285,0.14285714285714285,0.14285714285714285,1.026091448048592,1.0093070419373205,1.0316766856435173,1.0105291576673865,1.057337610264635,0.9290194783757015,0.9554547879434515
equal_weight,31,14,121142.95389330418,0.001464859570170285,0.001464859570170285,-0.002497859944267492,0.17452896114722194,0.07414118190858805,0.0,0.0,0.0,0.0,1.0,1.0,,0.0,,False,,,7.0,44,0.14285714285714285,0.14285714285714285,0.14285714285714285,0.14285714285714285,0.14285714285714285,0.14285714285714285,0.14285714285714285,1.0424386351216453,1.004133253410209,1.0662471630729378,0.9422922789206518,1.0401971937808114,0.9470504619758351,0.9678950307091011
equal_weight,31,15,126074.57855920495,0.04070913336193094,0.04070913336193094,0.02866531991502324,0.20681868507662915,0.07248808028767943,0.0,0.0,0.0,0.0,1.0,1.0,,0.0,,False,,,7.0,45,0.14285714285714285,0.14285714285714285,0.14285714285714285,0.14285714285714285,0.14285714285714285,0.14285714285714285,0.14285714285714285,1.0524253138754247,1.054036194252693,1.0270848634564504,0.9872412815423873,1.0051039008384979,1.121575984990619,1.0374963945774445
equal_weight,31,16,129115.49835843206,0.02412000764927469,0.02412000764927469,0.015243655054782812,0.225499639691633,0.06874599120442083,0.0,0.0,0.0,0.0,1.0,1.0,,0.0,,False,,,7.0,46,0.14285714285714285,0.14285714285714285,0.14285714285714285,0.14285714285714285,0.14285714285714285,0.14285714285714285,0.14285714285714285,1.0054865027130322,0.9846774920370601,1.0193239990459473,1.0485353245261344,1.019949220166848,1.0441619270659084,1.0467055879899918
equal_weight,31,17,130550.03713015876,0.011110507955786497,0.011110507955786497,0.005048020271718143,0.23401017572825566,0.06925031529809039,0.0,0.0,0.0,0.0,1.0,1.0,,0.0,,False,,,7.0,47,0.14285714285714285,0.14285714285714285,0.14285714285714285,0.14285714285714285,0.14285714285714285,0.14285714285714285,0.14285714285714285,1.0222140006378042,1.054929753081416,0.9992198688185272,0.9627499315256095,1.0142247510668565,1.0807433514899072,0.9436918990703851
equal_weight,31,18,129682.64113095815,-0.0066441650900168625,-0.0066441650900168625,-0.008562300619455595,0.22888677213925313,0.0687779406090611,0.0,0.0,0.0,0.0,1.0,1.0,,0.0,,False,,,7.0,48,0.14285714285714285,0.14285714285714285,0.14285714285714285,0.14285714285714285,0.14285714285714285,0.14285714285714285,0.14285714285714285,1.022748062827226,1.0116330078314992,1.0125485675873276,0.8998577524893313,0.9817671809256661,0.9866587607471095,1.0382775119617225
equal_weight,31,19,131765.17967819315,0.01605873021302817,0.01605873021302817,0.008573835685417017,0.24107415749572425,0.07227099342108217,0.0,0.0,0.0,0.0,1.0,1.0,,0.0,,False,,,7.0,49,0.14285714285714285,0.14285714285714285,0.14285714285714285,0.14285714285714285,0.14285714285714285,0.14285714285714285,0.14285714285714285,1.028990413717977,1.0399761864870785,1.0121727778274432,0.9920961112867532,1.1142857142857145,0.933293269230769,0.9915966386554621
equal_weight,31,20,128942.41315786491,-0.021422704596329667,-0.021422704596329667,-0.020515386829468622,0.22445999302363417,0.07802444714757092,0.0,0.0,0.0,0.0,1.0,1.0,,0.0,,False,,,7.0,50,0.14285714285714285,0.14285714285714285,0.14285714285714285,0.14285714285714285,0.14285714285714285,0.14285714285714285,0.14285714285714285,0.9524308174608502,0.9468745137780623,0.9571047153564893,1.0296367112810707,0.9903846153846152,1.0135222150676113,0.9600874794969929
equal_weight,31,21,132503.25899529498,0.02761578405602272,0.02761578405602272,0.017589313169178798,0.24530158157430026,0.06504550762974584,0.0,0.0,0.0,0.0,1.0,1.0,,0.0,,False,,,7.0,51,0.14285714285714285,0.14285714285714285,0.14285714285714285,0.14285714285714285,0.14285714285714285,0.14285714285714285,0.14285714285714285,1.0691438500861281,1.0726581795633896,1.0583749337868538,1.0225936242649336,0.9190938511326862,1.0320838627700126,1.019362186788155
equal_weight,31,22,131324.20753600413,-0.00889828271569304,-0.00889828271569304,-0.010356997203788285,0.23852576858243157,0.0716236842383919,0.0,0.0,0.0,0.0,1.0,1.0,,0.0,,False,,,7.0,52,0.14285714285714285,0.14285714285714285,0.14285714285714285,0.14285714285714285,0.14285714285714285,0.14285714285714285,0.14285714285714285,0.9916662901143084,1.0025358571630094,0.9627064136965677,0.9576271186440679,0.9838028169014084,1.0421668205601724,0.9972067039106144
equal_weight,31,23,133661.6484003698,0.017799009856768633,0.017799009856768633,0.009898876159667567,0.25184223599831557,0.06835182512432851,0.0,0.0,0.0,0.0,1.0,1.0,,0.0,,False,,,7.0,53,0.14285714285714285,0.14285714285714285,0.14285714285714285,0.14285714285714285,0.14285714285714285,0.14285714285714285,0.14285714285714285,1.0436129187650538,1.0069045203783964,1.0537813804467038,1.0290771175726925,1.0293486041517539,0.9503839338452451,1.0114845938375352
equal_weight,31,24,124429.65944517849,-0.06906984214004175,-0.06906984214004175,-0.05919309054216328,0.19633308934628868,0.07367887780272797,0.0,0.0,0.0,0.0,1.0,1.0,,0.0,,False,,,7.0,54,0.14285714285714285,0.14285714285714285,0.14285714285714285,0.14285714285714285,0.14285714285714285,0.14285714285714285,0.14285714285714285,0.9298536593307981,0.8801916899722919,0.9556161965613983,0.9324324324324325,0.9551460361613352,0.8760099440646364,0.9872611464968152
equal_weight,32,1,91630.20559121875,-0.0836979440878125,-0.0836979440878125,-0.0951056500781452,-0.09134318050229662,0.0752493915169716,0.0,0.0,0.0,0.0,1.0,1.0,,0.0,,False,,,7.0,32,0.14285714285714285,0.14285714285714285,0.14285714285714285,0.14285714285714285,0.14285714285714285,0.14285714285714285,0.14285714285714285,0.8748807130139254,0.8987705690454519,0.8625624855383022,0.9506041222459132,0.9378420641125881,0.8997493734335839,0.9897050639955481
equal_weight,32,2,99947.48077100368,0.09077001547819297,0.09077001547819297,0.08616314775791098,-0.0005254682618429651,0.09309128965085342,0.0,0.0,0.0,0.0,1.0,1.0,,0.0,,False,,,7.0,33,0.14285714285714285,0.14285714285714285,0.14285714285714285,0.14285714285714285,0.14285714285714285,0.14285714285714285,0.14285714285714285,1.1268440206437376,1.154471978877262,1.1108063488991609,1.0661682242990655,1.0220925385577322,1.1103064066852368,1.0447005903851563
equal_weight,32,3,102098.11039023403,0.0215175970683823,0.0215175970683823,0.016094047456049865,0.020549943404581494,0.09962728420749191,0.0,0.0,0.0,0.0,1.0,1.0,,0.0,,False,,,7.0,34,0.14285714285714285,0.14285714285714285,0.14285714285714285,0.14285714285714285,0.14285714285714285,0.14285714285714285,0.14285714285714285,1.0452818452385757,1.0675310126503827,1.0426107204951207,0.982468443197756,0.9755301794453507,1.0065228299046662,1.0306781485468246
equal_weight,32,4,107401.52834244505,0.051944330134422456,0.051944330134422456,0.04517687563715437,0.06891455323471374,0.06375468385955753,0.0,0.0,0.0,0.0,1.0,1.0,,0.0,,False,,,7.0,35,0.14285714285714285,0.14285714285714285,0.14285714285714285,0.14285714285714285,0.14285714285714285,0.14285714285714285,0.14285714285714285,1.0183883698313119,1.0599512631895773,1.0169313969075835,1.0549607423269096,1.023829431438127,1.175972083748754,1.0135770234986945
equal_weight,32,5,116337.1785273148,0.08319853844517766,0.08319853844517766,0.06771884075327685,0.14042955772284782,0.07592327469714466,0.0,0.0,0.0,0.0,1.0,1.0,,0.0,,False,,,7.0,36,0.14285714285714285,0.14285714285714285,0.14285714285714285,0.14285714285714285,0.14285714285714285,0.14285714285714285,0.14285714285714285,1.0551013292304916,1.0682486990147664,1.0238423367924046,1.11468200270636,1.0955492037566352,1.1479440440864774,1.0770221535291085
equal_weight,32,6,120725.29552431886,0.037718956678786775,0.037718956678786775,0.026969172185802,0.17167318112005747,0.08548902422815306,0.0,0.0,0.0,0.0,1.0,1.0,,0.0,,False,,,7.0,37,0.14285714285714285,0.14285714285714285,0.14285714285714285,0.14285714285714285,0.14285714285714285,0.14285714285714285,0.14285714285714285,1.0700646851823017,1.0958744957492952,1.07574187376562,1.0303490136570561,1.039508013417816,0.9737813884785819,0.9787132265008371
equal_weight,32,7,115895.08649424983,-0.04000991680402255,-0.04000991680402255,-0.037815077372205186,0.13715065042932995,0.06585093362955316,0.0,0.0,0.0,0.0,1.0,1.0,,0.0,,False,,,7.0,38,0.14285714285714285,0.14285714285714285,0.14285714285714285,0.14285714285714285,0.14285714285714285,0.14285714285714285,0.14285714285714285,0.9607720184563087,0.9483673729353325,0.9771948490503586,0.9664212076583212,0.9602007888131946,0.943875616230565,0.9630987292277614
equal_weight,32,8,114765.59241714135,-0.009745832297769708,-0.009745832297769708,-0.012108005773681608,0.12865870428719162,0.07232119263086557,0.0,0.0,0.0,0.0,1.0,1.0,,0.0,,False,,,7.0,39,0.14285714285714285,0.14285714285714285,0.14285714285714285,0.14285714285714285,0.14285714285714285,0.14285714285714285,0.14285714285714285,0.972334225393994,0.9770852563241543,0.9539229191567941,1.0146296860713198,1.00336071695295,1.0297308155885898,0.9807155544278103
equal_weight,32,9,121324.38466157194,0.05714946532573273,0.05714946532573273,0.044151550955033224,0.17576338607490327,0.05906261665356867,0.0,0.0,0.0,0.0,1.0,1.0,,0.0,,False,,,7.0,40,0.14285714285714285,0.14285714285714285,0.14285714285714285,0.14285714285714285,0.14285714285714285,0.14285714285714285,0.14285714285714285,1.1075456274694473,1.1179570958597118,1.1183717604729042,1.0432562331030337,1.0900632675846669,0.9914163090128755,0.9314359637774902
equal_weight,32,10,126468.6744168504,0.042401119689402744,0.042401119689402744,0.02872656553655011,0.20929036015359526,0.09600817084283751,0.0,0.0,0.0,0.0,1.0,1.0,,0.0,,False,,,7.0,41,0.14285714285714285,0.14285714285714285,0.14285714285714285,0.14285714285714285,0.14285714285714285,0.14285714285714285,0.14285714285714285,1.03712146290818,1.0565291374240031,1.0326546656799105,1.0463576158940397,0.9351314441789006,1.1279024006296734,1.0611111111111111
equal_weight,32,11,125578.59642933267,-0.007037932449453499,-0.007037932449453499,-0.008948959496238506,0.20368595570126957,0.06689110087825645,0.0,0.0,0.0,0.0,1.0,1.0,,0.0,,False,,,7.0,42,0.14285714285714285,0.14285714285714285,0.14285714285714285,0.14285714285714285,0.14285714285714285,0.14285714285714285,0.14285714285714285,0.9888633335144615,1.0141533291379978,0.9796166893478648,1.0192625206384152,0.910551296093465,1.0568736915561758,0.9814136125654451
equal_weight,32,12,125926.9193414446,0.0027737442686577296,0.0027737442686577296,-0.0013220896498374575,0.20588861759688604,0.07049503090907844,0.0,0.0,0.0,0.0,1.0,1.0,,0.0,,False,,,7.0,43,0.14285714285714285,0.14285714285714285,0.14285714285714285,0.14285714285714285,0.14285714285714285,0.14285714285714285,0.14285714285714285,1.026091448048592,1.0093070419373205,1.0316766856435173,1.0105291576673865,1.057337610264635,0.9290194783757015,0.9554547879434515
equal_weight,32,13,126111.38459438398,0.001464859570170285,0.001464859570170285,-0.002379281288187641,0.20705017773269918,0.0708168284800157,0.0,0.0,0.0,0.0,1.0,1.0,,0.0,,False,,,7.0,44,0.14285714285714285,0.14285714285714285,0.14285714285714285,0.14285714285714285,0.14285714285714285,0.14285714285714285,0.14285714285714285,1.0424386351216453,1.004133253410209,1.0662471630729378,0.9422922789206518,1.0401971937808114,0.9470504619758351,0.9678950307091011
equal_weight,32,14,131245.26976829453,0.04070913336193094,0.04070913336193094,0.027484849538092403,0.23806777816416658,0.07065501786749989,0.0,0.0,0.0,0.0,1.0,1.0,,0.0,,False,,,7.0,45,0.14285714285714285,0.14285714285714285,0.14285714285714285,0.14285714285714285,0.14285714285714285,0.14285714285714285,0.14285714285714285,1.0524253138754247,1.054036194252693,1.0270848634564504,0.9872412815423873,1.0051039008384979,1.121575984990619,1.0374963945774445
equal_weight,32,15,134410.9066790369,0.02412000764927469,0.02412000764927469,0.014756995136600337,0.25601275617616026,0.06375965750786693,0.0,0.0,0.0,0.0,1.0,1.0,,0.0,,False,,,7.0,46,0.14285714285714285,0.14285714285714285,0.14285714285714285,0.14285714285714285,0.14285714285714285,0.14285714285714285,0.14285714285714285,1.0054865027130322,0.9846774920370601,1.0193239990459473,1.0485353245261344,1.019949220166848,1.0441619270659084,1.0467055879899918
equal_weight,32,16,135904.28012703883,0.011110507955786497,0.011110507955786497,0.004988057235762818,0.26418800124232067,0.0637437566079518,0.0,0.0,0.0,0.0,1.0,1.0,,0.0,,False,,,7.0,47,0.14285714285714285,0.14285714285714285,0.14285714285714285,0.14285714285714285,0.14285714285714285,0.14285714285714285,0.14285714285714285,1.0222140006378042,1.054929753081416,0.9992198688185272,0.9627499315256095,1.0142247510668565,1.0807433514899072,0.9436918990703851
equal_weight,32,17,135001.30965343487,-0.0066441650900168625,-0.0066441650900168625,-0.008766686617001357,0.2592664452166248,0.07690261182610948,0.0,0.0,0.0,0.0,1.0,1.0,,0.0,,False,,,7.0,48,0.14285714285714285,0.14285714285714285,0.14285714285714285,0.14285714285714285,0.14285714285714285,0.14285714285714285,0.14285714285714285,1.022748062827226,1.0116330078314992,1.0125485675873276,0.8998577524893313,0.9817671809256661,0.9866587607471095,1.0382775119617225
equal_weight,32,18,137169.25926356486,0.01605873021302817,0.01605873021302817,0.00778178940245819,0.27097368217280904,0.07850895107452126,0.0,0.0,0.0,0.0,1.0,1.0,,0.0,,False,,,7.0,49,0.14285714285714285,0.14285714285714285,0.14285714285714285,0.14285714285714285,0.14285714285714285,0.14285714285714285,0.14285714285714285,1.028990413717977,1.0399761864870785,1.0121727778274432,0.9920961112867532,1.1142857142857145,0.933293269230769,0.9915966386554621
equal_weight,32,19,134230.72274266416,-0.021422704596329667,-0.021422704596329667,-0.019722964520273202,0.25501406863679354,0.07526701968515413,0.0,0.0,0.0,0.0,1.0,1.0,,0.0,,False,,,7.0,50,0.14285714285714285,0.14285714285714285,0.14285714285714285,0.14285714285714285,0.14285714285714285,0.14285714285714285,0.14285714285714285,0.9524308174608502,0.9468745137780623,0.9571047153564893,1.0296367112810707,0.9903846153846152,1.0135222150676113,0.9600874794969929
equal_weight,32,20,137937.60939560944,0.02761578405602272,0.02761578405602272,0.016855167642227466,0.2750345577383697,0.06330642918697399,0.0,0.0,0.0,0.0,1.0,1.0,,0.0,,False,,,7.0,51,0.14285714285714285,0.14285714285714285,0.14285714285714285,0.14285714285714285,0.14285714285714285,0.14285714285714285,0.14285714285714285,1.0691438500861281,1.0726581795633896,1.0583749337868538,1.0225936242649336,0.9190938511326862,1.0320838627700126,1.019362186788155
equal_weight,32,21,136710.20155008047,-0.00889828271569304,-0.00889828271569304,-0.01020718481228048,0.26852569255142655,0.07396639250674643,0.0,0.0,0.0,0.0,1.0,1.0,,0.0,,False,,,7.0,52,0.14285714285714285,0.14285714285714285,0.14285714285714285,0.14285714285714285,0.14285714285714285,0.14285714285714285,0.14285714285714285,0.9916662901143084,1.0025358571630094,0.9627064136965677,0.9576271186440679,0.9838028169014084,1.0421668205601724,0.9972067039106144
equal_weight,32,22,139143.5077749912,0.017799009856768633,0.017799009856768633,0.009810745401196499,0.2813175289377504,0.05962181970254728,0.0,0.0,0.0,0.0,1.0,1.0,,0.0,,False,,,7.0,53,0.14285714285714285,0.14285714285714285,0.14285714285714285,0.14285714285714285,0.14285714285714285,0.14285714285714285,0.14285714285714285,1.0436129187650538,1.0069045203783964,1.0537813804467038,1.0290771175726925,1.0293486041517539,0.9503839338452451,1.0114845938375352
equal_weight,32,23,129532.88765816088,-0.06906984214004175,-0.06906984214004175,-0.0567219769854677,0.22799528515181866,0.06799466399071885,0.0,0.0,0.0,0.0,1.0,1.0,,0.0,,False,,,7.0,54,0.14285714285714285,0.14285714285714285,0.14285714285714285,0.14285714285714285,0.14285714285714285,0.14285714285714285,0.14285714285714285,0.9298536593307981,0.8801916899722919,0.9556161965613983,0.9324324324324325,0.9551460361613352,0.8760099440646364,0.9872611464968152
equal_weight,32,24,130562.66229971232,0.007949908785088056,0.007949908785088056,0.0016020599969350504,0.23408424553686247,0.08973800776217512,0.0,0.0,0.0,0.0,1.0,1.0,,0.0,,False,,,7.0,55,0.14285714285714285,0.14285714285714285,0.14285714285714285,0.14285714285714285,0.14285714285714285,0.14285714285714285,0.14285714285714285,0.9869331771848514,0.9986076251350232,0.9760156672096543,1.0082345191040842,1.0462322533673099,0.9882937211777227,1.0513323983169707
equal_weight,33,1,109077.0015478193,0.09077001547819297,0.09077001547819297,0.07872907629567404,0.0832164564391692,0.0897476028699033,0.0,0.0,0.0,0.0,1.0,1.0,,0.0,,False,,,7.0,33,0.14285714285714285,0.14285714285714285,0.14285714285714285,0.14285714285714285,0.14285714285714285,0.14285714285714285,0.14285714285714285,1.1268440206437376,1.154471978877262,1.1108063488991609,1.0661682242990655,1.0220925385577322,1.1103064066852368,1.0447005903851563
equal_weight,33,2,111424.07651655258,0.0215175970683823,0.0215175970683823,0.014653939229557118,0.10252789947830954,0.09315007619166446,0.0,0.0,0.0,0.0,1.0,1.0,,0.0,,False,,,7.0,34,0.14285714285714285,0.14285714285714285,0.14285714285714285,0.14285714285714285,0.14285714285714285,0.14285714285714285,0.14285714285714285,1.0452818452385757,1.0675310126503827,1.0426107204951207,0.982468443197756,0.9755301794453507,1.0065228299046662,1.0306781485468246
equal_weight,33,3,117211.92553205154,0.051944330134422456,0.051944330134422456,0.04087960774168518,0.1468444908990505,0.06873967358111557,0.0,0.0,0.0,0.0,1.0,1.0,,0.0,,False,,,7.0,35,0.14285714285714285,0.14285714285714285,0.14285714285714285,0.14285714285714285,0.14285714285714285,0.14285714285714285,0.14285714285714285,1.0183883698313119,1.0599512631895773,1.0169313969075835,1.0549607423269096,1.023829431438127,1.175972083748754,1.0135770234986945
equal_weight,33,4,126963.78642466322,0.08319853844517766,0.08319853844517766,0.06227181857133549,0.212373836540097,0.06515054139422033,0.0,0.0,0.0,0.0,1.0,1.0,,0.0,,False,,,7.0,36,0.14285714285714285,0.14285714285714285,0.14285714285714285,0.14285714285714285,0.14285714285714285,0.14285714285714285,0.14285714285714285,1.0551013292304916,1.0682486990147664,1.0238423367924046,1.11468200270636,1.0955492037566352,1.1479440440864774,1.0770221535291085
equal_weight,33,5,131752.72798458984,0.037718956678786775,0.037718956678786775,0.024235559287878915,0.24100243289310652,0.08786074130261204,0.0,0.0,0.0,0.0,1.0,1.0,,0.0,,False,,,7.0,37,0.14285714285714285,0.14285714285714285,0.14285714285714285,0.14285714285714285,0.14285714285714285,0.14285714285714285,0.14285714285714285,1.0700646851823017,1.0958744957492952,1.07574187376562,1.0303490136570561,1.039508013417816,0.9737813884785819,0.9787132265008371
equal_weight,33,6,126481.3122992234,-0.04000991680402255,-0.04000991680402255,-0.03617732231526046,0.20936936704590148,0.09088512936110837,0.0,0.0,0.0,0.0,1.0,1.0,,0.0,,False,,,7.0,38,0.14285714285714285,0.14285714285714285,0.14285714285714285,0.14285714285714285,0.14285714285714285,0.14285714285714285,0.14285714285714285,0.9607720184563087,0.9483673729353325,0.9771948490503586,0.9664212076583212,0.9602007888131946,0.943875616230565,0.9630987292277614
equal_weight,33,7,125248.64664075333,-0.009745832297769708,-0.009745832297769708,-0.011550860849440098,0.20158817933716444,0.07539346281406124,0.0,0.0,0.0,0.0,1.0,1.0,,0.0,,False,,,7.0,39,0.14285714285714285,0.14285714285714285,0.14285714285714285,0.14285714285714285,0.14285714285714285,0.14285714285714285,0.14285714285714285,0.972334225393994,0.9770852563241543,0.9539229191567941,1.0146296860713198,1.00336071695295,1.0297308155885898,0.9807155544278103
equal_weight,33,8,132406.53982904402,0.05714946532573273,0.05714946532573273,0.04007987932741894,0.24475029610233412,0.061644748755014814,0.0,0.0,0.0,0.0,1.0,1.0,,0.0,,False,,,7.0,40,0.14285714285714285,0.14285714285714285,0.14285714285714285,0.14285714285714285,0.14285714285714285,0.14285714285714285,0.14285714285714285,1.1075456274694473,1.1179570958597118,1.1183717604729042,1.0432562331030337,1.0900632675846669,0.9914163090128755,0.9314359637774902
equal_weight,33,9,138020.72537199498,0.042401119689402744,0.042401119689402744,0.02625426001206898,0.27547113137915413,0.08933150529502067,0.0,0.0,0.0,0.0,1.0,1.0,,0.0,,False,,,7.0,41,0.14285714285714285,0.14285714285714285,0.14285714285714285,0.14285714285714285,0.14285714285714285,0.14285714285714285,0.14285714285714285,1.03712146290818,1.0565291374240031,1.0326546656799105,1.0463576158940397,0.9351314441789006,1.1279024006296734,1.0611111111111111
equal_weight,33,10,137049.34483020232,-0.007037932449453499,-0.007037932449453499,-0.009259257027719217,0.2703358040573248,0.08247859411779818,0.0,0.0,0.0,0.0,1.0,1.0,,0.0,,False,,,7.0,42,0.14285714285714285,0.14285714285714285,0.14285714285714285,0.14285714285714285,0.14285714285714285,0.14285714285714285,0.14285714285714285,0.9888633335144615,1.0141533291379978,0.9796166893478648,1.0192625206384152,0.910551296093465,1.0568736915561758,0.9814136125654451
equal_weight,33,11,137429.4846649484,0.0027737442686577296,0.0027737442686577296,-0.0013447770648917935,0.27235410768075774,0.06726161376649417,0.0,0.0,0.0,0.0,1.0,1.0,,0.0,,False,,,7.0,43,0.14285714285714285,0.14285714285714285,0.14285714285714285,0.14285714285714285,0.14285714285714285,0.14285714285714285,0.14285714285714285,1.026091448048592,1.0093070419373205,1.0316766856435173,1.0105291576673865,1.057337610264635,0.9290194783757015,0.9554547879434515
equal_weight,33,12,137630.7995607834,0.001464859570170285,0.001464859570170285,-0.0030934122183898898,0.2734184476212689,0.08315504317802057,0.0,0.0,0.0,0.0,1.0,1.0,,0.0,,False,,,7.0,44,0.14285714285714285,0.14285714285714285,0.14285714285714285,0.14285714285714285,0.14285714285714285,0.14285714285714285,0.14285714285714285,1.0424386351216453,1.004133253410209,1.0662471630729378,0.9422922789206518,1.0401971937808114,0.9470504619758351,0.9678950307091011
equal_weight,33,13,143233.63013481253,0.04070913336193094,0.04070913336193094,0.024808107303111653,0.30183993866608505,0.07226767483409036,0.0,0.0,0.0,0.0,1.0,1.0,,0.0,,False,,,7.0,45,0.14285714285714285,0.14285714285714285,0.14285714285714285,0.14285714285714285,0.14285714285714285,0.14285714285714285,0.14285714285714285,1.0524253138754247,1.054036194252693,1.0270848634564504,0.9872412815423873,1.0051039008384979,1.121575984990619,1.0374963945774445
equal_weight,33,14,146688.4263892976,0.02412000764927469,0.02412000764927469,0.013073376021285629,0.31828295891177394,0.06739288448806519,0.0,0.0,0.0,0.0,1.0,1.0,,0.0,,False,,,7.0,46,0.14285714285714285,0.14285714285714285,0.14285714285714285,0.14285714285714285,0.14285714285714285,0.14285714285714285,0.14285714285714285,1.0054865027130322,0.9846774920370601,1.0193239990459473,1.0485353245261344,1.019949220166848,1.0441619270659084,1.0467055879899918
equal_weight,33,15,148318.20931771767,0.011110507955786497,0.011110507955786497,0.00428421329088664,0.32577395277348264,0.06413561141644131,0.0,0.0,0.0,0.0,1.0,1.0,,0.0,,False,,,7.0,47,0.14285714285714285,0.14285714285714285,0.14285714285714285,0.14285714285714285,0.14285714285714285,0.14285714285714285,0.14285714285714285,1.0222140006378042,1.054929753081416,0.9992198688185272,0.9627499315256095,1.0142247510668565,1.0807433514899072,0.9436918990703851
equal_weight,33,16,147332.7586491551,-0.0066441650900168625,-0.0066441650900168625,-0.008214138089201337,0.3212643208688507,0.07409012369138795,0.0,0.0,0.0,0.0,1.0,1.0,,0.0,,False,,,7.0,48,0.14285714285714285,0.14285714285714285,0.14285714285714285,0.14285714285714285,0.14285714285714285,0.14285714285714285,0.14285714285714285,1.022748062827226,1.0116330078314992,1.0125485675873276,0.8998577524893313,0.9817671809256661,0.9866587607471095,1.0382775119617225
equal_weight,33,17,149698.73567184305,0.01605873021302817,0.01605873021302817,0.007459244595188439,0.3319916861608533,0.06536241393628278,0.0,0.0,0.0,0.0,1.0,1.0,,0.0,,False,,,7.0,49,0.14285714285714285,0.14285714285714285,0.14285714285714285,0.14285714285714285,0.14285714285714285,0.14285714285714285,0.14285714285714285,1.028990413717977,1.0399761864870785,1.0121727778274432,0.9920961112867532,1.1142857142857145,0.933293269230769,0.9915966386554621
equal_weight,33,18,146491.78387910113,-0.021422704596329667,-0.021422704596329667,-0.01846927680929694,0.31736785946623836,0.07690900229364031,0.0,0.0,0.0,0.0,1.0,1.0,,0.0,,False,,,7.0,50,0.14285714285714285,0.14285714285714285,0.14285714285714285,0.14285714285714285,0.14285714285714285,0.14285714285714285,0.14285714285714285,0.9524308174608502,0.9468745137780623,0.9571047153564893,1.0296367112810707,0.9903846153846152,1.0135222150676113,0.9600874794969929
equal_weight,33,19,150537.26934868793,0.02761578405602272,0.02761578405602272,0.014917641893686483,0.33571267479038003,0.06854346860910379,0.0,0.0,0.0,0.0,1.0,1.0,,0.0,,False,,,7.0,51,0.14285714285714285,0.14285714285714285,0.14285714285714285,0.14285714285714285,0.14285714285714285,0.14285714285714285,0.14285714285714285,1.0691438500861281,1.0726581795633896,1.0583749337868538,1.0225936242649336,0.9190938511326862,1.0320838627700126,1.019362186788155
equal_weight,33,20,149197.74616677486,-0.00889828271569304,-0.00889828271569304,-0.009959555240122089,0.32974858823792874,0.07990937375341604,0.0,0.0,0.0,0.0,1.0,1.0,,0.0,,False,,,7.0,52,0.14285714285714285,0.14285714285714285,0.14285714285714285,0.14285714285714285,0.14285714285714285,0.14285714285714285,0.14285714285714285,0.9916662901143084,1.0025358571630094,0.9627064136965677,0.9576271186440679,0.9838028169014084,1.0421668205601724,0.9972067039106144
equal_weight,33,21,151853.31832140495,0.017799009856768633,0.017799009856768633,0.008484146337669366,0.3414697742176096,0.06474079284022986,0.0,0.0,0.0,0.0,1.0,1.0,,0.0,,False,,,7.0,53,0.14285714285714285,0.14285714285714285,0.14285714285714285,0.14285714285714285,0.14285714285714285,0.14285714285714285,0.14285714285714285,1.0436129187650538,1.0069045203783964,1.0537813804467038,1.0290771175726925,1.0293486041517539,0.9503839338452451,1.0114845938375352
equal_weight,33,22,141364.833596504,-0.06906984214004175,-0.06906984214004175,-0.05237948188770061,0.2926104926107095,0.07040400561600989,0.0,0.0,0.0,0.0,1.0,1.0,,0.0,,False,,,7.0,54,0.14285714285714285,0.14285714285714285,0.14285714285714285,0.14285714285714285,0.14285714285714285,0.14285714285714285,0.14285714285714285,0.9298536593307981,0.8801916899722919,0.9556161965613983,0.9324324324324325,0.9551460361613352,0.8760099440646364,0.9872611464968152
equal_weight,33,23,142488.67112901536,0.007949908785088056,0.007949908785088056,0.0018384537338285295,0.298189819529893,0.07481746370709946,0.0,0.0,0.0,0.0,1.0,1.0,,0.0,,False,,,7.0,55,0.14285714285714285,0.14285714285714285,0.14285714285714285,0.14285714285714285,0.14285714285714285,0.14285714285714285,0.14285714285714285,0.9869331771848514,0.9986076251350232,0.9760156672096543,1.0082345191040842,1.0462322533673099,0.9882937211777227,1.0513323983169707
equal_weight,33,24,142880.76719613196,0.0027517701162471653,0.0027517701162471653,-0.0017979701845360083,0.3001157401210597,0.0744778155140541,0.0,0.0,0.0,0.0,1.0,1.0,,0.0,,False,,,7.0,56,0.14285714285714285,0.14285714285714285,0.14285714285714285,0.14285714285714285,0.14285714285714285,0.14285714285714285,0.14285714285714285,1.0357733081792009,1.0341142880338432,1.0231835256931106,0.9411956876837635,1.048016701461378,0.9239052404881549,1.0130736392742796
equal_weight,34,1,102151.75970683823,0.0215175970683823,0.0215175970683823,0.01637629915514871,0.02106434302270943,0.0937608773512144,0.0,0.0,0.0,0.0,1.0,1.0,,0.0,,False,,,7.0,34,0.14285714285714285,0.14285714285714285,0.14285714285714285,0.14285714285714285,0.14285714285714285,0.14285714285714285,0.14285714285714285,1.0452818452385757,1.0675310126503827,1.0426107204951207,0.982468443197756,0.9755301794453507,1.0065228299046662,1.0306781485468246
equal_weight,34,2,107457.96443686243,0.051944330134422456,0.051944330134422456,0.04519870442981586,0.0694035521326517,0.0628100936025282,0.0,0.0,0.0,0.0,1.0,1.0,,0.0,,False,,,7.0,35,0.14285714285714285,0.14285714285714285,0.14285714285714285,0.14285714285714285,0.14285714285714285,0.14285714285714285,0.14285714285714285,1.0183883698313119,1.0599512631895773,1.0169313969075835,1.0549607423269096,1.023829431438127,1.175972083748754,1.0135770234986945
equal_weight,34,3,116398.31002230327,0.08319853844517766,0.08319853844517766,0.06791865766885373,0.14088099749181215,0.07117575380613438,0.0,0.0,0.0,0.0,1.0,1.0,,0.0,,False,,,7.0,36,0.14285714285714285,0.14285714285714285,0.14285714285714285,0.14285714285714285,0.14285714285714285,0.14285714285714285,0.14285714285714285,1.0551013292304916,1.0682486990147664,1.0238423367924046,1.11468200270636,1.0955492037566352,1.1479440440864774,1.0770221535291085
equal_weight,34,4,120788.73283551852,0.037718956678786775,0.037718956678786775,0.026825583163118134,0.17210821197890314,0.08803262647945698,0.0,0.0,0.0,0.0,1.0,1.0,,0.0,,False,,,7.0,37,0.14285714285714285,0.14285714285714285,0.14285714285714285,0.14285714285714285,0.14285714285714285,0.14285714285714285,0.14285714285714285,1.0700646851823017,1.0958744957492952,1.07574187376562,1.0303490136570561,1.039508013417816,0.9737813884785819,0.9787132265008371
equal_weight,34,5,115955.98568390611,-0.04000991680402255,-0.04000991680402255,-0.0385125898679746,0.1376038122551244,0.08016380288391764,0.0,0.0,0.0,0.0,1.0,1.0,,0.0,,False,,,7.0,38,0.14285714285714285,0.14285714285714285,0.14285714285714285,0.14285714285714285,0.14285714285714285,0.14285714285714285,0.14285714285714285,0.9607720184563087,0.9483673729353325,0.9771948490503586,0.9664212076583212,0.9602007888131946,0.943875616230565,0.9630987292277614
equal_weight,34,6,114825.89809350818,-0.009745832297769708,-0.009745832297769708,-0.011703614629723968,0.12911632601762668,0.06432256784452471,0.0,0.0,0.0,0.0,1.0,1.0,,0.0,,False,,,7.0,39,0.14285714285714285,0.14285714285714285,0.14285714285714285,0.14285714285714285,0.14285714285714285,0.14285714285714285,0.14285714285714285,0.972334225393994,0.9770852563241543,0.9539229191567941,1.0146296860713198,1.00336071695295,1.0297308155885898,0.9807155544278103
equal_weight,34,7,121388.13677509925,0.05714946532573273,0.05714946532573273,0.04368298731024424,0.17619626878964234,0.06793910923542833,0.0,0.0,0.0,0.0,1.0,1.0,,0.0,,False,,,7.0,40,0.14285714285714285,0.14285714285714285,0.14285714285714285,0.14285714285714285,0.14285714285714285,0.14285714285714285,0.14285714285714285,1.1075456274694473,1.1179570958597118,1.1183717604729042,1.0432562331030337,1.0900632675846669,0.9914163090128755,0.9314359637774902
equal_weight,34,8,126535.12969137382,0.042401119689402744,0.042401119689402744,0.028857377378622644,0.20970563476004223,0.09303977183554485,0.0,0.0,0.0,0.0,1.0,1.0,,0.0,,False,,,7.0,41,0.14285714285714285,0.14285714285714285,0.14285714285714285,0.14285714285714285,0.14285714285714285,0.14285714285714285,0.14285714285714285,1.03712146290818,1.0565291374240031,1.0326546656799105,1.0463576158940397,0.9351314441789006,1.1279024006296734,1.0611111111111111
equal_weight,34,9,125644.5839961231,-0.007037932449453499,-0.007037932449453499,-0.0090567219033647,0.20410417369772493,0.06910521682094814,0.0,0.0,0.0,0.0,1.0,1.0,,0.0,,False,,,7.0,42,0.14285714285714285,0.14285714285714285,0.14285714285714285,0.14285714285714285,0.14285714285714285,0.14285714285714285,0.14285714285714285,0.9888633335144615,1.0141533291379978,0.9796166893478648,1.0192625206384152,0.910551296093465,1.0568736915561758,0.9814136125654451
equal_weight,34,10,125993.08994087022,0.0027737442686577296,0.0027737442686577296,-0.0012637855502316137,0.20630567877229633,0.06930581249606022,0.0,0.0,0.0,0.0,1.0,1.0,,0.0,,False,,,7.0,43,0.14285714285714285,0.14285714285714285,0.14285714285714285,0.14285714285714285,0.14285714285714285,0.14285714285714285,0.14285714285714285,1.026091448048592,1.0093070419373205,1.0316766856435173,1.0105291576673865,1.057337610264635,0.9290194783757015,0.9554547879434515
equal_weight,34,11,126177.65212444543,0.001464859570170285,0.001464859570170285,-0.0024750005897246873,0.2074666288656818,0.07271901366220294,0.0,0.0,0.0,0.0,1.0,1.0,,0.0,,False,,,7.0,44,0.14285714285714285,0.14285714285714285,0.14285714285714285,0.14285714285714285,0.14285714285714285,0.14285714285714285,0.14285714285714285,1.0424386351216453,1.004133253410209,1.0662471630729378,0.9422922789206518,1.0401971937808114,0.9470504619758351,0.9678950307091011
equal_weight,34,12,131314.2349920748,0.04070913336193094,0.04070913336193094,0.027225019443593245,0.23846793909254937,0.07552581566548676,0.0,0.0,0.0,0.0,1.0,1.0,,0.0,,False,,,7.0,45,0.14285714285714285,0.14285714285714285,0.14285714285714285,0.14285714285714285,0.14285714285714285,0.14285714285714285,0.14285714285714285,1.0524253138754247,1.054036194252693,1.0270848634564504,0.9872412815423873,1.0051039008384979,1.121575984990619,1.0374963945774445
equal_weight,34,13,134481.5353445423,0.02412000764927469,0.02412000764927469,0.014493927841398782,0.2564034925404477,0.06883251212999081,0.0,0.0,0.0,0.0,1.0,1.0,,0.0,,False,,,7.0,46,0.14285714285714285,0.14285714285714285,0.14285714285714285,0.14285714285714285,0.14285714285714285,0.14285714285714285,0.14285714285714285,1.0054865027130322,0.9846774920370601,1.0193239990459473,1.0485353245261344,1.019949220166848,1.0441619270659084,1.0467055879899918
equal_weight,34,14,135975.6935128942,0.011110507955786497,0.011110507955786497,0.0048475598406106084,0.26457444403093067,0.06646783299744721,0.0,0.0,0.0,0.0,1.0,1.0,,0.0,,False,,,7.0,47,0.14285714285714285,0.14285714285714285,0.14285714285714285,0.14285714285714285,0.14285714285714285,0.14285714285714285,0.14285714285714285,1.0222140006378042,1.054929753081416,0.9992198688185272,0.9627499315256095,1.0142247510668565,1.0807433514899072,0.9436918990703851
equal_weight,34,15,135072.248556965,-0.0066441650900168625,-0.0066441650900168625,-0.008040252663475822,0.2596554727685142,0.06242562802118702,0.0,0.0,0.0,0.0,1.0,1.0,,0.0,,False,,,7.0,48,0.14285714285714285,0.14285714285714285,0.14285714285714285,0.14285714285714285,0.14285714285714285,0.14285714285714285,0.14285714285714285,1.022748062827226,1.0116330078314992,1.0125485675873276,0.8998577524893313,0.9817671809256661,0.9866587607471095,1.0382775119617225
equal_weight,34,16,137241.33735580838,0.01605873021302817,0.01605873021302817,0.008203384157466196,0.2713565611741122,0.06995408496263661,0.0,0.0,0.0,0.0,1.0,1.0,,0.0,,False,,,7.0,49,0.14285714285714285,0.14285714285714285,0.14285714285714285,0.14285714285714285,0.14285714285714285,0.14285714285714285,0.14285714285714285,1.028990413717977,1.0399761864870785,1.0121727778274432,0.9920961112867532,1.1142857142857145,0.933293269230769,0.9915966386554621
equal_weight,34,17,134301.2567272297,-0.021422704596329667,-0.021422704596329667,-0.019755642149178007,0.2554053295040766,0.07608820958284718,0.0,0.0,0.0,0.0,1.0,1.0,,0.0,,False,,,7.0,50,0.14285714285714285,0.14285714285714285,0.14285714285714285,0.14285714285714285,0.14285714285714285,0.14285714285714285,0.14285714285714285,0.9524308174608502,0.9468745137780623,0.9571047153564893,1.0296367112810707,0.9903846153846152,1.0135222150676113,0.9600874794969929
equal_weight,34,18,138010.09123146132,0.02761578405602272,0.02761578405602272,0.016296151334199725,0.2754153039991354,0.07427646321718176,0.0,0.0,0.0,0.0,1.0,1.0,,0.0,,False,,,7.0,51,0.14285714285714285,0.14285714285714285,0.14285714285714285,0.14285714285714285,0.14285714285714285,0.14285714285714285,0.14285714285714285,1.0691438500861281,1.0726581795633896,1.0583749337868538,1.0225936242649336,0.9190938511326862,1.0320838627700126,1.019362186788155
equal_weight,34,19,136782.0384220652,-0.00889828271569304,-0.00889828271569304,-0.01013196728671329,0.26890985721800476,0.0725304101116532,0.0,0.0,0.0,0.0,1.0,1.0,,0.0,,False,,,7.0,52,0.14285714285714285,0.14285714285714285,0.14285714285714285,0.14285714285714285,0.14285714285714285,0.14285714285714285,0.14285714285714285,0.9916662901143084,1.0025358571630094,0.9627064136965677,0.9576271186440679,0.9838028169014084,1.0421668205601724,0.9972067039106144
equal_weight,34,20,139216.62327216845,0.017799009856768633,0.017799009856768633,0.009858488714126158,0.28169497543048416,0.05853258996706498,0.0,0.0,0.0,0.0,1.0,1.0,,0.0,,False,,,7.0,53,0.14285714285714285,0.14285714285714285,0.14285714285714285,0.14285714285714285,0.14285714285714285,0.14285714285714285,0.14285714285714285,1.0436129187650538,1.0069045203783964,1.0537813804467038,1.0290771175726925,1.0293486041517539,0.9503839338452451,1.0114845938375352
equal_weight,34,21,129600.95307949011,-0.06906984214004175,-0.06906984214004175,-0.05690811673606033,0.2284007360758722,0.0722775476289672,0.0,0.0,0.0,0.0,1.0,1.0,,0.0,,False,,,7.0,54,0.14285714285714285,0.14285714285714285,0.14285714285714285,0.14285714285714285,0.14285714285714285,0.14285714285714285,0.14285714285714285,0.9298536593307981,0.8801916899722919,0.9556161965613983,0.9324324324324325,0.9551460361613352,0.8760099440646364,0.9872611464968152
equal_weight,34,22,130631.26883493253,0.007949908785088056,0.007949908785088056,0.0018870992378931034,0.2344864985858678,0.08397326544204985,0.0,0.0,0.0,0.0,1.0,1.0,,0.0,,False,,,7.0,55,0.14285714285714285,0.14285714285714285,0.14285714285714285,0.14285714285714285,0.14285714285714285,0.14285714285714285,0.14285714285714285,0.9869331771848514,0.9986076251350232,0.9760156672096543,1.0082345191040842,1.0462322533673099,0.9882937211777227,1.0513323983169707
equal_weight,34,23,130990.73605675995,0.0027517701162471653,0.0027517701162471653,-0.0008787752975781275,0.23658723501890444,0.05959023461229563,0.0,0.0,0.0,0.0,1.0,1.0,,0.0,,False,,,7.0,56,0.14285714285714285,0.14285714285714285,0.14285714285714285,0.14285714285714285,0.14285714285714285,0.14285714285714285,0.14285714285714285,1.0357733081792009,1.0341142880338432,1.0231835256931106,0.9411956876837635,1.048016701461378,0.9239052404881549,1.0130736392742796
equal_weight,34,24,122679.18269013705,-0.0634514593690152,-0.0634514593690152,-0.05511785423311285,0.18486577912260882,0.06792796673634459,0.0,0.0,0.0,0.0,1.0,1.0,,0.0,,False,,,7.0,57,0.14285714285714285,0.14285714285714285,0.14285714285714285,0.14285714285714285,0.14285714285714285,0.14285714285714285,0.14285714285714285,0.9120432847339066,0.8673832471904358,0.9509451683395475,0.9694550503297468,0.9555112881806108,0.8717948717948719,1.0287068738477745
equal_weight,35,1,105194.43301344225,0.051944330134422456,0.051944330134422456,0.046067254619555936,0.049379352734174375,0.06624196229236883,0.0,0.0,0.0,0.0,1.0,1.0,,0.0,,False,,,7.0,35,0.14285714285714285,0.14285714285714285,0.14285714285714285,0.14285714285714285,0.14285714285714285,0.14285714285714285,0.14285714285714285,1.0183883698313119,1.0599512631895773,1.0169313969075835,1.0549607423269096,1.023829431438127,1.175972083748754,1.0135770234986945
equal_weight,35,2,113946.45609272979,0.08319853844517766,0.08319853844517766,0.06954999163478455,0.12239482096205023,0.06930953186182609,0.0,0.0,0.0,0.0,1.0,1.0,,0.0,,False,,,7.0,36,0.14285714285714285,0.14285714285714285,0.14285714285714285,0.14285714285714285,0.14285714285714285,0.14285714285714285,0.14285714285714285,1.0551013292304916,1.0682486990147664,1.0238423367924046,1.11468200270636,1.0955492037566352,1.1479440440864774,1.0770221535291085
equal_weight,35,3,118244.39753379274,0.037718956678786775,0.037718956678786775,0.02709348258981293,0.15429397006804257,0.09611333032358821,0.0,0.0,0.0,0.0,1.0,1.0,,0.0,,False,,,7.0,37,0.14285714285714285,0.14285714285714285,0.14285714285714285,0.14285714285714285,0.14285714285714285,0.14285714285714285,0.14285714285714285,1.0700646851823017,1.0958744957492952,1.07574187376562,1.0303490136570561,1.039508013417816,0.9737813884785819,0.9787132265008371
equal_weight,35,4,113513.44902592392,-0.04000991680402255,-0.04000991680402255,-0.03903590718371239,0.11904711857392125,0.07578111379182129,0.0,0.0,0.0,0.0,1.0,1.0,,0.0,,False,,,7.0,38,0.14285714285714285,0.14285714285714285,0.14285714285714285,0.14285714285714285,0.14285714285714285,0.14285714285714285,0.14285714285714285,0.9607720184563087,0.9483673729353325,0.9771948490503586,0.9664212076583212,0.9602007888131946,0.943875616230565,0.9630987292277614
equal_weight,35,5,112407.16598817584,-0.009745832297769708,-0.009745832297769708,-0.012023872312070773,0.1103770020274415,0.06707511531182035,0.0,0.0,0.0,0.0,1.0,1.0,,0.0,,False,,,7.0,39,0.14285714285714285,0.14285714285714285,0.14285714285714285,0.14285714285714285,0.14285714285714285,0.14285714285714285,0.14285714285714285,0.972334225393994,0.9770852563241543,0.9539229191567941,1.0146296860713198,1.00336071695295,1.0297308155885898,0.9807155544278103
equal_weight,35,6,118831.17542318098,0.05714946532573273,0.05714946532573273,0.04476364073273012,0.1584699920380278,0.06658698555712377,0.0,0.0,0.0,0.0,1.0,1.0,,0.0,,False,,,7.0,40,0.14285714285714285,0.14285714285714285,0.14285714285714285,0.14285714285714285,0.14285714285714285,0.14285714285714285,0.14285714285714285,1.1075456274694473,1.1179570958597118,1.1183717604729042,1.0432562331030337,1.0900632675846669,0.9914163090128755,0.9314359637774902
equal_weight,35,7,123869.75031513169,0.042401119689402744,0.042401119689402744,0.029268849972789054,0.19270039904339598,0.0992311406515823,0.0,0.0,0.0,0.0,1.0,1.0,,0.0,,False,,,7.0,41,0.14285714285714285,0.14285714285714285,0.14285714285714285,0.14285714285714285,0.14285714285714285,0.14285714285714285,0.14285714285714285,1.03712146290818,1.0565291374240031,1.0326546656799105,1.0463576158940397,0.9351314441789006,1.1279024006296734,1.0611111111111111
equal_weight,35,8,122997.96337988312,-0.007037932449453499,-0.007037932449453499,-0.009299402849900763,0.18697840799894527,0.0715482361090012,0.0,0.0,0.0,0.0,1.0,1.0,,0.0,,False,,,7.0,42,0.14285714285714285,0.14285714285714285,0.14285714285714285,0.14285714285714285,0.14285714285714285,0.14285714285714285,0.14285714285714285,0.9888633335144615,1.0141533291379978,0.9796166893478648,1.0192625206384152,0.910551296093465,1.0568736915561758,0.9814136125654451
equal_weight,35,9,123339.12827586464,0.0027737442686577296,0.0027737442686577296,-0.0012812872598410643,0.18922728417265544,0.07060326867102465,0.0,0.0,0.0,0.0,1.0,1.0,,0.0,,False,,,7.0,43,0.14285714285714285,0.14285714285714285,0.14285714285714285,0.14285714285714285,0.14285714285714285,0.14285714285714285,0.14285714285714285,1.026091448048592,1.0093070419373205,1.0316766856435173,1.0105291576673865,1.057337610264635,0.9290194783757015,0.9554547879434515
equal_weight,35,10,123519.802778296,0.001464859570170285,0.001464859570170285,-0.0026203944617637365,0.19041321512236675,0.07612650822950096,0.0,0.0,0.0,0.0,1.0,1.0,,0.0,,False,,,7.0,44,0.14285714285714285,0.14285714285714285,0.14285714285714285,0.14285714285714285,0.14285714285714285,0.14285714285714285,0.14285714285714285,1.0424386351216453,1.004133253410209,1.0662471630729378,0.9422922789206518,1.0401971937808114,0.9470504619758351,0.9678950307091011
equal_weight,35,11,128548.18690243705,0.04070913336193094,0.04070913336193094,0.027903214132325167,0.222081599051288,0.07530339593192142,0.0,0.0,0.0,0.0,1.0,1.0,,0.0,,False,,,7.0,45,0.14285714285714285,0.14285714285714285,0.14285714285714285,0.14285714285714285,0.14285714285714285,0.14285714285714285,0.14285714285714285,1.0524253138754247,1.054036194252693,1.0270848634564504,0.9872412815423873,1.0051039008384979,1.121575984990619,1.0374963945774445
equal_weight,35,12,131648.77015382424,0.02412000764927469,0.02412000764927469,0.015083799876978955,0.24040308251147668,0.06475367166419475,0.0,0.0,0.0,0.0,1.0,1.0,,0.0,,False,,,7.0,46,0.14285714285714285,0.14285714285714285,0.14285714285714285,0.14285714285714285,0.14285714285714285,0.14285714285714285,0.14285714285714285,1.0054865027130322,0.9846774920370601,1.0193239990459473,1.0485353245261344,1.019949220166848,1.0441619270659084,1.0467055879899918
equal_weight,35,13,133111.45486198782,0.011110507955786497,0.011110507955786497,0.004964307189569497,0.24874985324379728,0.06764927085502198,0.0,0.0,0.0,0.0,1.0,1.0,,0.0,,False,,,7.0,47,0.14285714285714285,0.14285714285714285,0.14285714285714285,0.14285714285714285,0.14285714285714285,0.14285714285714285,0.14285714285714285,1.0222140006378042,1.054929753081416,0.9992198688185272,0.9627499315256095,1.0142247510668565,1.0807433514899072,0.9436918990703851
equal_weight,35,14,132227.04038051245,-0.0066441650900168625,-0.0066441650900168625,-0.008605185552806201,0.24372503753976527,0.07160739697548373,0.0,0.0,0.0,0.0,1.0,1.0,,0.0,,False,,,7.0,48,0.14285714285714285,0.14285714285714285,0.14285714285714285,0.14285714285714285,0.14285714285714285,0.14285714285714285,0.14285714285714285,1.022748062827226,1.0116330078314992,1.0125485675873276,0.8998577524893313,0.9817671809256661,0.9866587607471095,1.0382775119617225
equal_weight,35,15,134350.43874885028,0.01605873021302817,0.01605873021302817,0.0086301639210976,0.2556779052509365,0.06645407580147221,0.0,0.0,0.0,0.0,1.0,1.0,,0.0,,False,,,7.0,49,0.14285714285714285,0.14285714285714285,0.14285714285714285,0.14285714285714285,0.14285714285714285,0.14285714285714285,0.14285714285714285,1.028990413717977,1.0399761864870785,1.0121727778274432,0.9920961112867532,1.1142857142857145,0.933293269230769,0.9915966386554621
equal_weight,35,16,131472.28898714637,-0.021422704596329667,-0.021422704596329667,-0.020316673233859238,0.2393834414050806,0.08044418776006738,0.0,0.0,0.0,0.0,1.0,1.0,,0.0,,False,,,7.0,50,0.14285714285714285,0.14285714285714285,0.14285714285714285,0.14285714285714285,0.14285714285714285,0.14285714285714285,0.14285714285714285,0.9524308174608502,0.9468745137780623,0.9571047153564893,1.0296367112810707,0.9903846153846152,1.0135222150676113,0.9600874794969929
equal_weight,35,17,135102.99932916643,0.02761578405602272,0.02761578405602272,0.01715894194031286,0.25982398246867267,0.06563198246558394,0.0,0.0,0.0,0.0,1.0,1.0,,0.0,,False,,,7.0,51,0.14285714285714285,0.14285714285714285,0.14285714285714285,0.14285714285714285,0.14285714285714285,0.14285714285714285,0.14285714285714285,1.0691438500861281,1.0726581795633896,1.0583749337868538,1.0225936242649336,0.9190938511326862,1.0320838627700126,1.019362186788155
equal_weight,35,18,133900.81464539742,-0.00889828271569304,-0.00889828271569304,-0.010106951430581454,0.25317855410495593,0.06923046133729444,0.0,0.0,0.0,0.0,1.0,1.0,,0.0,,False,,,7.0,52,0.14285714285714285,0.14285714285714285,0.14285714285714285,0.14285714285714285,0.14285714285714285,0.14285714285714285,0.14285714285714285,0.9916662901143084,1.0025358571630094,0.9627064136965677,0.9576271186440679,0.9838028169014084,1.0421668205601724,0.9972067039106144
equal_weight,35,19,136284.1165651002,0.017799009856768633,0.017799009856768633,0.009965763102222724,0.2662387773396029,0.06188920264848453,0.0,0.0,0.0,0.0,1.0,1.0,,0.0,,False,,,7.0,53,0.14285714285714285,0.14285714285714285,0.14285714285714285,0.14285714285714285,0.14285714285714285,0.14285714285714285,0.14285714285714285,1.0436129187650538,1.0069045203783964,1.0537813804467038,1.0290771175726925,1.0293486041517539,0.9503839338452451,1.0114845938375352
equal_weight,35,20,126870.99414775369,-0.06906984214004175,-0.06906984214004175,-0.05829005926987274,0.21179777401649258,0.07698111893524873,0.0,0.0,0.0,0.0,1.0,1.0,,0.0,,False,,,7.0,54,0.14285714285714285,0.14285714285714285,0.14285714285714285,0.14285714285714285,0.14285714285714285,0.14285714285714285,0.14285714285714285,0.9298536593307981,0.8801916899722919,0.9556161965613983,0.9324324324324325,0.9551460361613352,0.8760099440646364,0.9872611464968152
equal_weight,35,21,127879.60697870178,0.007949908785088056,0.007949908785088056,0.002497603899953858,0.21801448751203234,0.07438219191171805,0.0,0.0,0.0,0.0,1.0,1.0,,0.0,,False,,,7.0,55,0.14285714285714285,0.14285714285714285,0.14285714285714285,0.14285714285714285,0.14285714285714285,0.14285714285714285,0.14285714285714285,0.9869331771848514,0.9986076251350232,0.9760156672096543,1.0082345191040842,1.0462322533673099,0.9882937211777227,1.0513323983169707
equal_weight,35,22,128231.5022596632,0.0027517701162471653,0.0027517701162471653,-0.0014270596386637847,0.22016042674518188,0.0714599774362665,0.0,0.0,0.0,0.0,1.0,1.0,,0.0,,False,,,7.0,56,0.14285714285714285,0.14285714285714285,0.14285714285714285,0.14285714285714285,0.14285714285714285,0.14285714285714285,0.14285714285714285,1.0357733081792009,1.0341142880338432,1.0231835256931106,0.9411956876837635,1.048016701461378,0.9239052404881549,1.0130736392742796
equal_weight,35,23,120095.0263042064,-0.0634514593690152,-0.0634514593690152,-0.0567290155511471,0.16732604940111973,0.07789276414169896,0.0,0.0,0.0,0.0,1.0,1.0,,0.0,,False,,,7.0,57,0.14285714285714285,0.14285714285714285,0.14285714285714285,0.14285714285714285,0.14285714285714285,0.14285714285714285,0.14285714285714285,0.9120432847339066,0.8673832471904358,0.9509451683395475,0.9694550503297468,0.9555112881806108,0.8717948717948719,1.0287068738477745
equal_weight,35,24,120237.84436486577,0.0011892087878611068,0.0011892087878611068,-0.003047477390070494,0.16831509639721554,0.08073048772332608,0.0,0.0,0.0,0.0,1.0,1.0,,0.0,,False,,,7.0,58,0.14285714285714285,0.14285714285714285,0.14285714285714285,0.14285714285714285,0.14285714285714285,0.14285714285714285,0.14285714285714285,1.0000531712757406,0.9794685529360748,1.000391488535496,0.999641962047977,1.0055594162612926,1.0401069518716577,0.9831029185867896
equal_weight,36,1,108319.85384451777,0.08319853844517766,0.08319853844517766,0.07323257729693831,0.0768082078144241,0.07151261034971577,0.0,0.0,0.0,0.0,1.0,1.0,,0.0,,False,,,7.0,36,0.14285714285714285,0.14285714285714285,0.14285714285714285,0.14285714285714285,0.14285714285714285,0.14285714285714285,0.14285714285714285,1.0551013292304916,1.0682486990147664,1.0238423367924046,1.11468200270636,1.0955492037566352,1.1479440440864774,1.0770221535291085
equal_weight,36,2,112405.56571913166,0.037718956678786775,0.037718956678786775,0.028884094438767695,0.11036433685258518,0.09344069198786761,0.0,0.0,0.0,0.0,1.0,1.0,,0.0,,False,,,7.0,37,0.14285714285714285,0.14285714285714285,0.14285714285714285,0.14285714285714285,0.14285714285714285,0.14285714285714285,0.14285714285714285,1.0700646851823017,1.0958744957492952,1.07574187376562,1.0303490136570561,1.039508013417816,0.9737813884785819,0.9787132265008371
equal_weight,36,3,107908.22838640011,-0.04000991680402255,-0.04000991680402255,-0.04104128665793527,0.07328661126825431,0.07927122147208815,0.0,0.0,0.0,0.0,1.0,1.0,,0.0,,False,,,7.0,38,0.14285714285714285,0.14285714285714285,0.14285714285714285,0.14285714285714285,0.14285714285714285,0.14285714285714285,0.14285714285714285,0.9607720184563087,0.9483673729353325,0.9771948490503586,0.9664212076583212,0.9602007888131946,0.943875616230565,0.9630987292277614
equal_weight,36,4,106856.57288899682,-0.009745832297769708,-0.009745832297769708,-0.012666095790045271,0.06416613132558036,0.07091231694742635,0.0,0.0,0.0,0.0,1.0,1.0,,0.0,,False,,,7.0,39,0.14285714285714285,0.14285714285714285,0.14285714285714285,0.14285714285714285,0.14285714285714285,0.14285714285714285,0.14285714285714285,0.972334225393994,0.9770852563241543,0.9539229191567941,1.0146296860713198,1.00336071695295,1.0297308155885898,0.9807155544278103
equal_weight,36,5,112963.36889614318,0.05714946532573273,0.05714946532573273,0.04720526356263715,0.11475727948642811,0.06771769196421208,0.0,0.0,0.0,0.0,1.0,1.0,,0.0,,False,,,7.0,40,0.14285714285714285,0.14285714285714285,0.14285714285714285,0.14285714285714285,0.14285714285714285,0.14285714285714285,0.14285714285714285,1.1075456274694473,1.1179570958597118,1.1183717604729042,1.0432562331030337,1.0900632675846669,0.9914163090128755,0.9314359637774902
equal_weight,36,6,117753.14222122669,0.042401119689402744,0.042401119689402744,0.031627441447473405,0.15076576205391845,0.08762082240033878,0.0,0.0,0.0,0.0,1.0,1.0,,0.0,,False,,,7.0,41,0.14285714285714285,0.14285714285714285,0.14285714285714285,0.14285714285714285,0.14285714285714285,0.14285714285714285,0.14285714285714285,1.03712146290818,1.0565291374240031,1.0326546656799105,1.0463576158940397,0.9351314441789006,1.1279024006296734,1.0611111111111111
equal_weight,36,7,116924.4035605628,-0.007037932449453499,-0.007037932449453499,-0.00965559598747107,0.1447465460176287,0.07272759902362655,0.0,0.0,0.0,0.0,1.0,1.0,,0.0,,False,,,7.0,42,0.14285714285714285,0.14285714285714285,0.14285714285714285,0.14285714285714285,0.14285714285714285,0.14285714285714285,0.14285714285714285,0.9888633335144615,1.0141533291379978,0.9796166893478648,1.0192625206384152,0.910551296093465,1.0568736915561758,0.9814136125654451
equal_weight,36,8,117248.72195480514,0.0027737442686577296,0.0027737442686577296,-0.001270030670091852,0.14711223855773758,0.07271446420401458,0.0,0.0,0.0,0.0,1.0,1.0,,0.0,,False,,,7.0,43,0.14285714285714285,0.14285714285714285,0.14285714285714285,0.14285714285714285,0.14285714285714285,0.14285714285714285,0.14285714285714285,1.026091448048592,1.0093070419373205,1.0316766856435173,1.0105291576673865,1.057337610264635,0.9290194783757015,0.9554547879434515
equal_weight,36,9,117420.47486725087,0.001464859570170285,0.001464859570170285,-0.002525868795801524,0.1483597718962174,0.07546804268562693,0.0,0.0,0.0,0.0,1.0,1.0,,0.0,,False,,,7.0,44,0.14285714285714285,0.14285714285714285,0.14285714285714285,0.14285714285714285,0.14285714285714285,0.14285714285714285,0.14285714285714285,1.0424386351216453,1.004133253410209,1.0662471630729378,0.9422922789206518,1.0401971937808114,0.9470504619758351,0.9678950307091011
equal_weight,36,10,122200.56063804305,0.04070913336193094,0.04070913336193094,0.029036672248349264,0.18167314881476615,0.0855340934039896,0.0,0.0,0.0,0.0,1.0,1.0,,0.0,,False,,,7.0,45,0.14285714285714285,0.14285714285714285,0.14285714285714285,0.14285714285714285,0.14285714285714285,0.14285714285714285,0.14285714285714285,1.0524253138754247,1.054036194252693,1.0270848634564504,0.9872412815423873,1.0051039008384979,1.121575984990619,1.0374963945774445
equal_weight,36,11,125148.0390953783,0.02412000764927469,0.02412000764927469,0.015701286671595354,0.20094632946036317,0.07143787948003334,0.0,0.0,0.0,0.0,1.0,1.0,,0.0,,False,,,7.0,46,0.14285714285714285,0.14285714285714285,0.14285714285714285,0.14285714285714285,0.14285714285714285,0.14285714285714285,0.14285714285714285,1.0054865027130322,0.9846774920370601,1.0193239990459473,1.0485353245261344,1.019949220166848,1.0441619270659084,1.0467055879899918
equal_weight,36,12,126538.49737939858,0.011110507955786497,0.011110507955786497,0.005052722968818593,0.20972666760715986,0.07455230355956183,0.0,0.0,0.0,0.0,1.0,1.0,,0.0,,False,,,7.0,47,0.14285714285714285,0.14285714285714285,0.14285714285714285,0.14285714285714285,0.14285714285714285,0.14285714285714285,0.14285714285714285,1.0222140006378042,1.054929753081416,0.9992198688185272,0.9627499315256095,1.0142247510668565,1.0807433514899072,0.9436918990703851
equal_weight,36,13,125697.7547125672,-0.0066441650900168625,-0.0066441650900168625,-0.008563263965367043,0.20444084121733275,0.06554875151079868,0.0,0.0,0.0,0.0,1.0,1.0,,0.0,,False,,,7.0,48,0.14285714285714285,0.14285714285714285,0.14285714285714285,0.14285714285714285,0.14285714285714285,0.14285714285714285,0.14285714285714285,1.022748062827226,1.0116330078314992,1.0125485675873276,0.8998577524893313,0.9817671809256661,0.9866587607471095,1.0382775119617225
equal_weight,36,14,127716.3010438797,0.01605873021302817,0.01605873021302817,0.00904031576727835,0.21701459263494616,0.0706687130067012,0.0,0.0,0.0,0.0,1.0,1.0,,0.0,,False,,,7.0,49,0.14285714285714285,0.14285714285714285,0.14285714285714285,0.14285714285714285,0.14285714285714285,0.14285714285714285,0.14285714285714285,1.028990413717977,1.0399761864870785,1.0121727778274432,0.9920961112867532,1.1142857142857145,0.933293269230769,0.9915966386554621
equal_weight,36,15,124980.27245448076,-0.021422704596329667,-0.021422704596329667,-0.021368982265242285,0.1998737237797178,0.0845622682002784,0.0,0.0,0.0,0.0,1.0,1.0,,0.0,,False,,,7.0,50,0.14285714285714285,0.14285714285714285,0.14285714285714285,0.14285714285714285,0.14285714285714285,0.14285714285714285,0.14285714285714285,0.9524308174608502,0.9468745137780623,0.9571047153564893,1.0296367112810707,0.9903846153846152,1.0135222150676113,0.9600874794969929
equal_weight,36,16,128431.70066984658,0.02761578405602272,0.02761578405602272,0.018410612550833524,0.22137603505644332,0.06183397451784009,0.0,0.0,0.0,0.0,1.0,1.0,,0.0,,False,,,7.0,51,0.14285714285714285,0.14285714285714285,0.14285714285714285,0.14285714285714285,0.14285714285714285,0.14285714285714285,0.14285714285714285,1.0691438500861281,1.0726581795633896,1.0583749337868538,1.0225936242649336,0.9190938511326862,1.0320838627700126,1.019362186788155
equal_weight,36,17,127288.87908762903,-0.00889828271569304,-0.00889828271569304,-0.010886871573117051,0.21438541436791692,0.07792501769181291,0.0,0.0,0.0,0.0,1.0,1.0,,0.0,,False,,,7.0,52,0.14285714285714285,0.14285714285714285,0.14285714285714285,0.14285714285714285,0.14285714285714285,0.14285714285714285,0.14285714285714285,0.9916662901143084,1.0025358571630094,0.9627064136965677,0.9576271186440679,0.9838028169014084,1.0421668205601724,0.9972067039106144
equal_weight,36,18,129554.49510116677,0.017799009856768633,0.017799009856768633,0.010438359500570916,0.22812404214989368,0.06600536562811697,0.0,0.0,0.0,0.0,1.0,1.0,,0.0,,False,,,7.0,53,0.14285714285714285,0.14285714285714285,0.14285714285714285,0.14285714285714285,0.14285714285714285,0.14285714285714285,0.14285714285714285,1.0436129187650538,1.0069045203783964,1.0537813804467038,1.0290771175726925,1.0293486041517539,0.9503839338452451,1.0114845938375352
equal_weight,36,19,120606.18657599637,-0.06906984214004175,-0.06906984214004175,-0.06100317983015351,0.1708551373773186,0.07468550115156894,0.0,0.0,0.0,0.0,1.0,1.0,,0.0,,False,,,7.0,54,0.14285714285714285,0.14285714285714285,0.14285714285714285,0.14285714285714285,0.14285714285714285,0.14285714285714285,0.14285714285714285,0.9298536593307981,0.8801916899722919,0.9556161965613983,0.9324324324324325,0.9551460361613352,0.8760099440646364,0.9872611464968152
equal_weight,36,20,121564.99475819286,0.007949908785088056,0.007949908785088056,0.0025994221610408973,0.17739477389102176,0.07880428705324508,0.0,0.0,0.0,0.0,1.0,1.0,,0.0,,False,,,7.0,55,0.14285714285714285,0.14285714285714285,0.14285714285714285,0.14285714285714285,0.14285714285714285,0.14285714285714285,0.14285714285714285,0.9869331771848514,0.9986076251350232,0.9760156672096543,1.0082345191040842,1.0462322533673099,0.9882937211777227,1.0513323983169707
equal_weight,36,21,121899.51367795019,0.0027517701162471653,0.0027517701162471653,-0.0008176660251960101,0.17965218250014636,0.0615014926864122,0.0,0.0,0.0,0.0,1.0,1.0,,0.0,,False,,,7.0,56,0.14285714285714285,0.14285714285714285,0.14285714285714285,0.14285714285714285,0.14285714285714285,0.14285714285714285,0.14285714285714285,1.0357733081792009,1.0341142880338432,1.0231835256931106,0.9411956876837635,1.048016701461378,0.9239052404881549,1.0130736392742796
equal_weight,36,22,114164.81163871102,-0.0634514593690152,-0.0634514593690152,-0.05925146595059682,0.12407335881687742,0.07345284534655758,0.0,0.0,0.0,0.0,1.0,1.0,,0.0,,False,,,7.0,57,0.14285714285714285,0.14285714285714285,0.14285714285714285,0.14285714285714285,0.14285714285714285,0.14285714285714285,0.14285714285714285,0.9120432847339066,0.8673832471904358,0.9509451683395475,0.9694550503297468,0.9555112881806108,0.8717948717948719,1.0287068738477745
equal_weight,36,23,114300.57743597629,0.0011892087878611068,0.0011892087878611068,-0.00345020056905375,0.12511378119665695,0.08981245897666552,0.0,0.0,0.0,0.0,1.0,1.0,,0.0,,False,,,7.0,58,0.14285714285714285,0.14285714285714285,0.14285714285714285,0.14285714285714285,0.14285714285714285,0.14285714285714285,0.14285714285714285,1.0000531712757406,0.9794685529360748,1.000391488535496,0.999641962047977,1.0055594162612926,1.0401069518716577,0.9831029185867896
equal_weight,36,24,114954.37249584371,0.005719962877997142,0.005719962877997142,0.0020967382158784405,0.13008963618486458,0.05758233544658376,0.0,0.0,0.0,0.0,1.0,1.0,,0.0,,False,,,7.0,59,0.14285714285714285,0.14285714285714285,0.14285714285714285,0.14285714285714285,0.14285714285714285,0.14285714285714285,0.14285714285714285,0.9160800047452287,0.912869623396696,0.9328680427305247,1.0992120343839542,1.0241879751209397,1.1696658097686377,0.9851562499999998
equal_weight,37,1,103771.89566787868,0.037718956678786775,0.037718956678786775,0.03248079781647765,0.03634794993001389,0.0773430422707248,0.0,0.0,0.0,0.0,1.0,1.0,,0.0,,False,,,7.0,37,0.14285714285714285,0.14285714285714285,0.14285714285714285,0.14285714285714285,0.14285714285714285,0.14285714285714285,0.14285714285714285,1.0700646851823017,1.0958744957492952,1.07574187376562,1.0303490136570561,1.039508013417816,0.9737813884785819,0.9787132265008371
equal_weight,37,2,99619.99075561114,-0.04000991680402255,-0.04000991680402255,-0.04417574607351972,-0.0038145882318048052,0.08026415823402053,0.0,0.0,0.0,0.0,1.0,1.0,,0.0,,False,,,7.0,38,0.14285714285714285,0.14285714285714285,0.14285714285714285,0.14285714285714285,0.14285714285714285,0.14285714285714285,0.14285714285714285,0.9607720184563087,0.9483673729353325,0.9771948490503586,0.9664212076583212,0.9602007888131946,0.943875616230565,0.9630987292277614
equal_weight,37,3,98649.11103220159,-0.009745832297769708,-0.009745832297769708,-0.013396714756013128,-0.013693878775627777,0.07034848424380312,0.0,0.0,0.0,0.0,1.0,1.0,,0.0,,False,,,7.0,39,0.14285714285714285,0.14285714285714285,0.14285714285714285,0.14285714285714285,0.14285714285714285,0.14285714285714285,0.14285714285714285,0.972334225393994,0.9770852563241543,0.9539229191567941,1.0146296860713198,1.00336071695295,1.0297308155885898,0.9807155544278103
equal_weight,37,4,104286.85498255075,0.05714946532573273,0.05714946532573273,0.05194067034146339,0.04110637897046587,0.05719174809260525,0.0,0.0,0.0,0.0,1.0,1.0,,0.0,,False,,,7.0,40,0.14285714285714285,0.14285714285714285,0.14285714285714285,0.14285714285714285,0.14285714285714285,0.14285714285714285,0.14285714285714285,1.1075456274694473,1.1179570958597118,1.1183717604729042,1.0432562331030337,1.0900632675846669,0.9914163090128755,0.9314359637774902
equal_weight,37,5,108708.73440269727,0.042401119689402744,0.042401119689402744,0.03417803903591875,0.08011071465920039,0.09652593305631542,0.0,0.0,0.0,0.0,1.0,1.0,,0.0,,False,,,7.0,41,0.14285714285714285,0.14285714285714285,0.14285714285714285,0.14285714285714285,0.14285714285714285,0.14285714285714285,0.14285714285714285,1.03712146290818,1.0565291374240031,1.0326546656799105,1.0463576158940397,0.9351314441789006,1.1279024006296734,1.0611111111111111
equal_weight,37,6,107943.64967330551,-0.007037932449453499,-0.007037932449453499,-0.010074875319035864,0.07359070864610562,0.07109738611882188,0.0,0.0,0.0,0.0,1.0,1.0,,0.0,,False,,,7.0,42,0.14285714285714285,0.14285714285714285,0.14285714285714285,0.14285714285714285,0.14285714285714285,0.14285714285714285,0.14285714285714285,0.9888633335144615,1.0141533291379978,0.9796166893478648,1.0192625206384152,0.910551296093465,1.0568736915561758,0.9814136125654451
equal_weight,37,7,108243.05775292484,0.0027737442686577296,0.0027737442686577296,-0.0011352076349395116,0.07615322334796204,0.07395444673591867,0.0,0.0,0.0,0.0,1.0,1.0,,0.0,,False,,,7.0,43,0.14285714285714285,0.14285714285714285,0.14285714285714285,0.14285714285714285,0.14285714285714285,0.14285714285714285,0.14285714285714285,1.026091448048592,1.0093070419373205,1.0316766856435173,1.0105291576673865,1.057337610264635,0.9290194783757015,0.9554547879434515
equal_weight,37,8,108401.61863197871,0.001464859570170285,0.001464859570170285,-0.0024980812414612547,0.07750454963686504,0.07698815060728506,0.0,0.0,0.0,0.0,1.0,1.0,,0.0,,False,,,7.0,44,0.14285714285714285,0.14285714285714285,0.14285714285714285,0.14285714285714285,0.14285714285714285,0.14285714285714285,0.14285714285714285,1.0424386351216453,1.004133253410209,1.0662471630729378,0.9422922789206518,1.0401971937808114,0.9470504619758351,0.9678950307091011
equal_weight,37,9,112814.5545815171,0.04070913336193094,0.04070913336193094,0.032397693183164926,0.11358955082571032,0.07374616011360709,0.0,0.0,0.0,0.0,1.0,1.0,,0.0,,False,,,7.0,45,0.14285714285714285,0.14285714285714285,0.14285714285714285,0.14285714285714285,0.14285714285714285,0.14285714285714285,0.14285714285714285,1.0524253138754247,1.054036194252693,1.0270848634564504,0.9872412815423873,1.0051039008384979,1.121575984990619,1.0374963945774445
equal_weight,37,10,115535.64250097281,0.02412000764927469,0.02412000764927469,0.01708455117355576,0.13446623193221086,0.07584259865889555,0.0,0.0,0.0,0.0,1.0,1.0,,0.0,,False,,,7.0,46,0.14285714285714285,0.14285714285714285,0.14285714285714285,0.14285714285714285,0.14285714285714285,0.14285714285714285,0.14285714285714285,1.0054865027130322,0.9846774920370601,1.0193239990459473,1.0485353245261344,1.019949220166848,1.0441619270659084,1.0467055879899918
equal_weight,37,11,116819.30217615678,0.011110507955786497,0.011110507955786497,0.006170830318652839,0.1439770813798753,0.06680038258023219,0.0,0.0,0.0,0.0,1.0,1.0,,0.0,,False,,,7.0,47,0.14285714285714285,0.14285714285714285,0.14285714285714285,0.14285714285714285,0.14285714285714285,0.14285714285714285,0.14285714285714285,1.0222140006378042,1.054929753081416,0.9992198688185272,0.9627499315256095,1.0142247510668565,1.0807433514899072,0.9436918990703851
equal_weight,37,12,116043.13544679782,-0.0066441650900168625,-0.0066441650900168625,-0.009221661005511958,0.13825148195993986,0.06992123171153027,0.0,0.0,0.0,0.0,1.0,1.0,,0.0,,False,,,7.0,48,0.14285714285714285,0.14285714285714285,0.14285714285714285,0.14285714285714285,0.14285714285714285,0.14285714285714285,0.14285714285714285,1.022748062827226,1.0116330078314992,1.0125485675873276,0.8998577524893313,0.9817671809256661,0.9866587607471095,1.0382775119617225
equal_weight,37,13,117906.64085201184,0.01605873021302817,0.01605873021302817,0.010331393077428582,0.15187135111827155,0.06576952161806213,0.0,0.0,0.0,0.0,1.0,1.0,,0.0,,False,,,7.0,49,0.14285714285714285,0.14285714285714285,0.14285714285714285,0.14285714285714285,0.14285714285714285,0.14285714285714285,0.14285714285714285,1.028990413717977,1.0399761864870785,1.0121727778274432,0.9920961112867532,1.1142857142857145,0.933293269230769,0.9915966386554621
equal_weight,37,14,115380.76171509366,-0.021422704596329667,-0.021422704596329667,-0.02229140394295914,0.13330438702660785,0.07448879702590887,0.0,0.0,0.0,0.0,1.0,1.0,,0.0,,False,,,7.0,50,0.14285714285714285,0.14285714285714285,0.14285714285714285,0.14285714285714285,0.14285714285714285,0.14285714285714285,0.14285714285714285,0.9524308174608502,0.9468745137780623,0.9571047153564893,1.0296367112810707,0.9903846153846152,1.0135222150676113,0.9600874794969929
equal_weight,37,15,118567.0919148371,0.02761578405602272,0.02761578405602272,0.01963530572531224,0.15659565917475005,0.07311932845659906,0.0,0.0,0.0,0.0,1.0,1.0,,0.0,,False,,,7.0,51,0.14285714285714285,0.14285714285714285,0.14285714285714285,0.14285714285714285,0.14285714285714285,0.14285714285714285,0.14285714285714285,1.0691438500861281,1.0726581795633896,1.0583749337868538,1.0225936242649336,0.9190938511326862,1.0320838627700126,1.019362186788155
equal_weight,37,16,117512.04841020131,-0.00889828271569304,-0.00889828271569304,-0.011850724291673392,0.14902342906211374,0.08556988358074179,0.0,0.0,0.0,0.0,1.0,1.0,,0.0,,False,,,7.0,52,0.14285714285714285,0.14285714285714285,0.14285714285714285,0.14285714285714285,0.14285714285714285,0.14285714285714285,0.14285714285714285,0.9916662901143084,1.0025358571630094,0.9627064136965677,0.9576271186440679,0.9838028169014084,1.0421668205601724,0.9972067039106144
equal_weight,37,17,119603.64651814356,0.017799009856768633,0.017799009856768633,0.011677413959395097,0.1639050905957934,0.06408495148569099,0.0,0.0,0.0,0.0,1.0,1.0,,0.0,,False,,,7.0,53,0.14285714285714285,0.14285714285714285,0.14285714285714285,0.14285714285714285,0.14285714285714285,0.14285714285714285,0.14285714285714285,1.0436129187650538,1.0069045203783964,1.0537813804467038,1.0290771175726925,1.0293486041517539,0.9503839338452451,1.0114845938375352
equal_weight,37,18,111342.64153376203,-0.06906984214004175,-0.06906984214004175,-0.06605076623630152,0.10187149664778383,0.08034344576583932,0.0,0.0,0.0,0.0,1.0,1.0,,0.0,,False,,,7.0,54,0.14285714285714285,0.14285714285714285,0.14285714285714285,0.14285714285714285,0.14285714285714285,0.14285714285714285,0.14285714285714285,0.9298536593307981,0.8801916899722919,0.9556161965613983,0.9324324324324325,0.9551460361613352,0.8760099440646364,0.9872611464968152
equal_weight,37,19,112227.80537784619,0.007949908785088056,0.007949908785088056,0.00299394549836736,0.1089552213613898,0.0817955843047721,0.0,0.0,0.0,0.0,1.0,1.0,,0.0,,False,,,7.0,55,0.14285714285714285,0.14285714285714285,0.14285714285714285,0.14285714285714285,0.14285714285714285,0.14285714285714285,0.14285714285714285,0.9869331771848514,0.9986076251350232,0.9760156672096543,1.0082345191040842,1.0462322533673099,0.9882937211777227,1.0513323983169707
equal_weight,37,20,112536.63049889695,0.0027517701162471653,0.0027517701162471653,-0.0011316669054385036,0.1114004430674671,0.07153777223031617,0.0,0.0,0.0,0.0,1.0,1.0,,0.0,,False,,,7.0,56,0.14285714285714285,0.14285714285714285,0.14285714285714285,0.14285714285714285,0.14285714285714285,0.14285714285714285,0.14285714285714285,1.0357733081792009,1.0341142880338432,1.0231835256931106,0.9411956876837635,1.048016701461378,0.9239052404881549,1.0130736392742796
equal_weight,37,21,105396.01706127031,-0.0634514593690152,-0.0634514593690152,-0.0637932252645335,0.05119754248524799,0.07180649364628788,0.0,0.0,0.0,0.0,1.0,1.0,,0.0,,False,,,7.0,57,0.14285714285714285,0.14285714285714285,0.14285714285714285,0.14285714285714285,0.14285714285714285,0.14285714285714285,0.14285714285714285,0.9120432847339066,0.8673832471904358,0.9509451683395475,0.9694550503297468,0.9555112881806108,0.8717948717948719,1.0287068738477745
equal_weight,37,22,105521.35493096513,0.0011892087878611068,0.0011892087878611068,-0.003003778445547895,0.05232452648639074,0.08261524893381289,0.0,0.0,0.0,0.0,1.0,1.0,,0.0,,False,,,7.0,58,0.14285714285714285,0.14285714285714285,0.14285714285714285,0.14285714285714285,0.14285714285714285,0.14285714285714285,0.14285714285714285,1.0000531712757406,0.9794685529360748,1.000391488535496,0.999641962047977,1.0055594162612926,1.0401069518716577,0.9831029185867896
equal_weight,37,23,106124.93316400622,0.005719962877997142,0.005719962877997142,0.0025337455025441786,0.05771436533713248,0.05712186696395113,0.0,0.0,0.0,0.0,1.0,1.0,,0.0,,False,,,7.0,59,0.14285714285714285,0.14285714285714285,0.14285714285714285,0.14285714285714285,0.14285714285714285,0.14285714285714285,0.14285714285714285,0.9160800047452287,0.912869623396696,0.9328680427305247,1.0992120343839542,1.0241879751209397,1.1696658097686377,0.9851562499999998
equal_weight,37,24,107829.5213643891,0.016062089742366226,0.016062089742366226,0.010911219831135771,0.07261018379123418,0.07969197245931867,0.0,0.0,0.0,0.0,1.0,1.0,,0.0,,False,,,7.0,60,0.14285714285714285,0.14285714285714285,0.14285714285714285,0.14285714285714285,0.14285714285714285,0.14285714285714285,0.14285714285714285,1.0911163764566931,1.1234912300099247,1.0672516751244587,0.9214727924405344,0.9787449392712549,0.9501831501831501,0.9801744647105474
equal_weight,38,1,95999.00831959775,-0.04000991680402255,-0.04000991680402255,-0.04606293846767004,-0.04167742719885448,0.0877102253763112,0.0,0.0,0.0,0.0,1.0,1.0,,0.0,,False,,,7.0,38,0.14285714285714285,0.14285714285714285,0.14285714285714285,0.14285714285714285,0.14285714285714285,0.14285714285714285,0.14285714285714285,0.9607720184563087,0.9483673729353325,0.9771948490503586,0.9664212076583212,0.9602007888131946,0.943875616230565,0.9630987292277614
equal_weight,38,2,95063.41808376275,-0.009745832297769708,-0.009745832297769708,-0.013205768926946547,-0.05192935427471701,0.05907683702168027,0.0,0.0,0.0,0.0,1.0,1.0,,0.0,,False,,,7.0,39,0.14285714285714285,0.14285714285714285,0.14285714285714285,0.14285714285714285,0.14285714285714285,0.14285714285714285,0.14285714285714285,0.972334225393994,0.9770852563241543,0.9539229191567941,1.0146296860713198,1.00336071695295,1.0297308155885898,0.9807155544278103
equal_weight,38,3,100496.24159928638,0.05714946532573273,0.05714946532573273,0.05342786702423743,0.004937912019287949,0.0687879853953506,0.0,0.0,0.0,0.0,1.0,1.0,,0.0,,False,,,7.0,40,0.14285714285714285,0.14285714285714285,0.14285714285714285,0.14285714285714285,0.14285714285714285,0.14285714285714285,0.14285714285714285,1.1075456274694473,1.1179570958597118,1.1183717604729042,1.0432562331030337,1.0900632675846669,0.9914163090128755,0.9314359637774902
equal_weight,38,4,104757.39476767286,0.042401119689402744,0.042401119689402744,0.036210850923728395,0.045413450556150536,0.08529375226268379,0.0,0.0,0.0,0.0,1.0,1.0,,0.0,,False,,,7.0,41,0.14285714285714285,0.14285714285714285,0.14285714285714285,0.14285714285714285,0.14285714285714285,0.14285714285714285,0.14285714285714285,1.03712146290818,1.0565291374240031,1.0326546656799105,1.0463576158940397,0.9351314441789006,1.1279024006296734,1.0611111111111111
equal_weight,38,5,104020.11929971725,-0.007037932449453499,-0.007037932449453499,-0.011272244692716885,0.03864751671870237,0.0901262171053743,0.0,0.0,0.0,0.0,1.0,1.0,,0.0,,False,,,7.0,42,0.14285714285714285,0.14285714285714285,0.14285714285714285,0.14285714285714285,0.14285714285714285,0.14285714285714285,0.14285714285714285,0.9888633335144615,1.0141533291379978,0.9796166893478648,1.0192625206384152,0.910551296093465,1.0568736915561758,0.9814136125654451
equal_weight,38,6,104308.64450944994,0.0027737442686577296,0.0027737442686577296,-0.0009583673692401904,0.04130668680158711,0.07235074904249866,0.0,0.0,0.0,0.0,1.0,1.0,,0.0,,False,,,7.0,43,0.14285714285714285,0.14285714285714285,0.14285714285714285,0.14285714285714285,0.14285714285714285,0.14285714285714285,0.14285714285714285,1.026091448048592,1.0093070419373205,1.0316766856435173,1.0105291576673865,1.057337610264635,0.9290194783757015,0.9554547879434515
equal_weight,38,7,104461.44202561109,0.001464859570170285,0.001464859570170285,-0.0021367638299216365,0.04270898370824017,0.07078121473149383,0.0,0.0,0.0,0.0,1.0,1.0,,0.0,,False,,,7.0,44,0.14285714285714285,0.14285714285714285,0.14285714285714285,0.14285714285714285,0.14285714285714285,0.14285714285714285,0.14285714285714285,1.0424386351216453,1.004133253410209,1.0662471630729378,0.9422922789206518,1.0401971937808114,0.9470504619758351,0.9678950307091011
equal_weight,38,8,108713.97680021131,0.04070913336193094,0.04070913336193094,0.03365538071901771,0.08015507349368134,0.0758141813284692,0.0,0.0,0.0,0.0,1.0,1.0,,0.0,,False,,,7.0,45,0.14285714285714285,0.14285714285714285,0.14285714285714285,0.14285714285714285,0.14285714285714285,0.14285714285714285,0.14285714285714285,1.0524253138754247,1.054036194252693,1.0270848634564504,0.9872412815423873,1.0051039008384979,1.121575984990619,1.0374963945774445
equal_weight,38,9,111336.15875221547,0.02412000764927469,0.02412000764927469,0.018259208050132213,0.10181920123043486,0.0680983937324262,0.0,0.0,0.0,0.0,1.0,1.0,,0.0,,False,,,7.0,46,0.14285714285714285,0.14285714285714285,0.14285714285714285,0.14285714285714285,0.14285714285714285,0.14285714285714285,0.14285714285714285,1.0054865027130322,0.9846774920370601,1.0193239990459473,1.0485353245261344,1.019949220166848,1.0441619270659084,1.0467055879899918
equal_weight,38,10,112573.16002979867,0.011110507955786497,0.011110507955786497,0.006520567944845099,0.11168878999639431,0.06698041642228694,0.0,0.0,0.0,0.0,1.0,1.0,,0.0,,False,,,7.0,47,0.14285714285714285,0.14285714285714285,0.14285714285714285,0.14285714285714285,0.14285714285714285,0.14285714285714285,0.14285714285714285,1.0222140006378042,1.054929753081416,0.9992198688185272,0.9627499315256095,1.0142247510668565,1.0807433514899072,0.9436918990703851
equal_weight,38,11,111825.2053698558,-0.0066441650900168625,-0.0066441650900168625,-0.00927312465895589,0.10574722693997818,0.06663123205079516,0.0,0.0,0.0,0.0,1.0,1.0,,0.0,,False,,,7.0,48,0.14285714285714285,0.14285714285714285,0.14285714285714285,0.14285714285714285,0.14285714285714285,0.14285714285714285,0.14285714285714285,1.022748062827226,1.0116330078314992,1.0125485675873276,0.8998577524893313,0.9817671809256661,0.9866587607471095,1.0382775119617225
equal_weight,38,12,113620.97617390679,0.01605873021302817,0.01605873021302817,0.010925335440639701,0.11988082335306371,0.06416521944891669,0.0,0.0,0.0,0.0,1.0,1.0,,0.0,,False,,,7.0,49,0.14285714285714285,0.14285714285714285,0.14285714285714285,0.14285714285714285,0.14285714285714285,0.14285714285714285,0.14285714285714285,1.028990413717977,1.0399761864870785,1.0121727778274432,0.9920961112867532,1.1142857142857145,0.933293269230769,0.9915966386554621
equal_weight,38,13,111186.90756538657,-0.021422704596329667,-0.021422704596329667,-0.023446854187901774,0.10061353274717,0.08359127164016111,0.0,0.0,0.0,0.0,1.0,1.0,,0.0,,False,,,7.0,50,0.14285714285714285,0.14285714285714285,0.14285714285714285,0.14285714285714285,0.14285714285714285,0.14285714285714285,0.14285714285714285,0.9524308174608502,0.9468745137780623,0.9571047153564893,1.0296367112810707,0.9903846153846152,1.0135222150676113,0.9600874794969929
equal_weight,38,14,114257.42119456925,0.02761578405602272,0.02761578405602272,0.02053706172156528,0.12478332738046183,0.07265465823453102,0.0,0.0,0.0,0.0,1.0,1.0,,0.0,,False,,,7.0,51,0.14285714285714285,0.14285714285714285,0.14285714285714285,0.14285714285714285,0.14285714285714285,0.14285714285714285,0.14285714285714285,1.0691438500861281,1.0726581795633896,1.0583749337868538,1.0225936242649336,0.9190938511326862,1.0320838627700126,1.019362186788155
equal_weight,38,15,113240.72635841396,-0.00889828271569304,-0.00889828271569304,-0.011847593297488825,0.11692548064824515,0.07979493130544295,0.0,0.0,0.0,0.0,1.0,1.0,,0.0,,False,,,7.0,52,0.14285714285714285,0.14285714285714285,0.14285714285714285,0.14285714285714285,0.14285714285714285,0.14285714285714285,0.14285714285714285,0.9916662901143084,1.0025358571630094,0.9627064136965677,0.9576271186440679,0.9838028169014084,1.0421668205601724,0.9972067039106144
equal_weight,38,16,115256.29916305501,0.017799009856768633,0.017799009856768633,0.01224943807922247,0.13236846292862203,0.06387088402308826,0.0,0.0,0.0,0.0,1.0,1.0,,0.0,,False,,,7.0,53,0.14285714285714285,0.14285714285714285,0.14285714285714285,0.14285714285714285,0.14285714285714285,0.14285714285714285,0.14285714285714285,1.0436129187650538,1.0069045203783964,1.0537813804467038,1.0290771175726925,1.0293486041517539,0.9503839338452451,1.0114845938375352
equal_weight,38,17,107295.56477421738,-0.06906984214004175,-0.06906984214004175,-0.068234352634441,0.06799502653785805,0.07721832487354022,0.0,0.0,0.0,0.0,1.0,1.0,,0.0,,False,,,7.0,54,0.14285714285714285,0.14285714285714285,0.14285714285714285,0.14285714285714285,0.14285714285714285,0.14285714285714285,0.14285714285714285,0.9298536593307981,0.8801916899722919,0.9556161965613983,0.9324324324324325,0.9551460361613352,0.8760099440646364,0.9872611464968152
equal_weight,38,18,108148.5547272169,0.007949908785088056,0.007949908785088056,0.003211171472352156,0.07534594195706101,0.08279487893701615,0.0,0.0,0.0,0.0,1.0,1.0,,0.0,,False,,,7.0,55,0.14285714285714285,0.14285714285714285,0.14285714285714285,0.14285714285714285,0.14285714285714285,0.14285714285714285,0.14285714285714285,0.9869331771848514,0.9986076251350232,0.9760156672096543,1.0082345191040842,1.0462322533673099,0.9882937211777227,1.0513323983169707
equal_weight,38,19,108446.15468823058,0.0027517701162471653,0.0027517701162471653,-0.0008694338386592664,0.07788339487473983,0.06813773512676168,0.0,0.0,0.0,0.0,1.0,1.0,,0.0,,False,,,7.0,56,0.14285714285714285,0.14285714285714285,0.14285714285714285,0.14285714285714285,0.14285714285714285,0.14285714285714285,0.14285714285714285,1.0357733081792009,1.0341142880338432,1.0231835256931106,0.9411956876837635,1.048016701461378,0.9239052404881549,1.0130736392742796
equal_weight,38,20,101565.08791030438,-0.0634514593690152,-0.0634514593690152,-0.06637734686897342,0.015409703693522792,0.0780731137551277,0.0,0.0,0.0,0.0,1.0,1.0,,0.0,,False,,,7.0,57,0.14285714285714285,0.14285714285714285,0.14285714285714285,0.14285714285714285,0.14285714285714285,0.14285714285714285,0.14285714285714285,0.9120432847339066,0.8673832471904358,0.9509451683395475,0.9694550503297468,0.9555112881806108,0.8717948717948719,1.0287068738477745
equal_weight,38,21,101685.8700053872,0.0011892087878611068,0.0011892087878611068,-0.002743365254303563,0.01657919635538241,0.07825715832326359,0.0,0.0,0.0,0.0,1.0,1.0,,0.0,,False,,,7.0,58,0.14285714285714285,0.14285714285714285,0.14285714285714285,0.14285714285714285,0.14285714285714285,0.14285714285714285,0.14285714285714285,1.0000531712757406,0.9794685529360748,1.000391488535496,0.999641962047977,1.0055594162612926,1.0401069518716577,0.9831029185867896
equal_weight,38,22,102267.50940703486,0.005719962877997142,0.005719962877997142,0.002367300401540656,0.022172334304240704,0.06451675094635279,0.0,0.0,0.0,0.0,1.0,1.0,,0.0,,False,,,7.0,59,0.14285714285714285,0.14285714285714285,0.14285714285714285,0.14285714285714285,0.14285714285714285,0.14285714285714285,0.14285714285714285,0.9160800047452287,0.912869623396696,0.9328680427305247,1.0992120343839542,1.0241879751209397,1.1696658097686377,0.9851562499999998
equal_weight,38,23,103910.13932085893,0.016062089742366226,0.016062089742366226,0.011160824050355178,0.03763000748930767,0.08593698269423578,0.0,0.0,0.0,0.0,1.0,1.0,,0.0,,False,,,7.0,60,0.14285714285714285,0.14285714285714285,0.14285714285714285,0.14285714285714285,0.14285714285714285,0.14285714285714285,0.14285714285714285,1.0911163764566931,1.1234912300099247,1.0672516751244587,0.9214727924405344,0.9787449392712549,0.9501831501831501,0.9801744647105474
equal_weight,38,24,101596.131140072,-0.022269320356135935,-0.022269320356135935,-0.02604357323550274,0.01571055041329661,0.08248232318983355,0.0,0.0,0.0,0.0,1.0,1.0,,0.0,,False,,,7.0,61,0.14285714285714285,0.14285714285714285,0.14285714285714285,0.14285714285714285,0.14285714285714285,0.14285714285714285,0.14285714285714285,0.9575598807831897,0.9536357930098714,0.9593638617140574,0.9904526166902407,1.019303688383316,0.9602929838087895,1.0035059331175835
equal_weight,39,1,99025.41677022303,-0.009745832297769708,-0.009745832297769708,-0.013231311075883854,-0.00984174832647633,0.06779125498815047,0.0,0.0,0.0,0.0,1.0,1.0,,0.0,,False,,,7.0,39,0.14285714285714285,0.14285714285714285,0.14285714285714285,0.14285714285714285,0.14285714285714285,0.14285714285714285,0.14285714285714285,0.972334225393994,0.9770852563241543,0.9539229191567941,1.0146296860713198,1.00336071695295,1.0297308155885898,0.9807155544278103
equal_weight,39,2,104684.66639229913,0.05714946532573273,0.05714946532573273,0.051468153995820165,0.04475026337423316,0.06247715409778647,0.0,0.0,0.0,0.0,1.0,1.0,,0.0,,False,,,7.0,40,0.14285714285714285,0.14285714285714285,0.14285714285714285,0.14285714285714285,0.14285714285714285,0.14285714285714285,0.14285714285714285,1.1075456274694473,1.1179570958597118,1.1183717604729042,1.0432562331030337,1.0900632675846669,0.9914163090128755,0.9314359637774902
equal_weight,39,3,109123.4134616442,0.042401119689402744,0.042401119689402744,0.0340170539034308,0.08360637898163803,0.0967812340794814,0.0,0.0,0.0,0.0,1.0,1.0,,0.0,,False,,,7.0,41,0.14285714285714285,0.14285714285714285,0.14285714285714285,0.14285714285714285,0.14285714285714285,0.14285714285714285,0.14285714285714285,1.03712146290818,1.0565291374240031,1.0326546656799105,1.0463576158940397,0.9351314441789006,1.1279024006296734,1.0611111111111111
equal_weight,39,4,108355.41024904736,-0.007037932449453499,-0.007037932449453499,-0.010005971503702655,0.07711114959412757,0.07021484232384392,0.0,0.0,0.0,0.0,1.0,1.0,,0.0,,False,,,7.0,42,0.14285714285714285,0.14285714285714285,0.14285714285714285,0.14285714285714285,0.14285714285714285,0.14285714285714285,0.14285714285714285,0.9888633335144615,1.0141533291379978,0.9796166893478648,1.0192625206384152,0.910551296093465,1.0568736915561758,0.9814136125654451
equal_weight,39,5,108655.96044720372,0.0027737442686577296,0.0027737442686577296,-0.0008342012824550703,0.07966392650322829,0.06773956383111576,0.0,0.0,0.0,0.0,1.0,1.0,,0.0,,False,,,7.0,43,0.14285714285714285,0.14285714285714285,0.14285714285714285,0.14285714285714285,0.14285714285714285,0.14285714285714285,0.14285714285714285,1.026091448048592,1.0093070419373205,1.0316766856435173,1.0105291576673865,1.057337610264635,0.9290194783757015,0.9554547879434515
equal_weight,39,6,108815.12617072085,0.001464859570170285,0.001464859570170285,-0.002196875161619813,0.08101011762731158,0.07086132571406217,0.0,0.0,0.0,0.0,1.0,1.0,,0.0,,False,,,7.0,44,0.14285714285714285,0.14285714285714285,0.14285714285714285,0.14285714285714285,0.14285714285714285,0.14285714285714285,0.14285714285714285,1.0424386351216453,1.004133253410209,1.0662471630729378,0.9422922789206518,1.0401971937808114,0.9470504619758351,0.9678950307091011
equal_weight,39,7,113244.89565380006,0.04070913336193094,0.04070913336193094,0.032220215447906084,0.11695799247580141,0.07455318801167479,0.0,0.0,0.0,0.0,1.0,1.0,,0.0,,False,,,7.0,45,0.14285714285714285,0.14285714285714285,0.14285714285714285,0.14285714285714285,0.14285714285714285,0.14285714285714285,0.14285714285714285,1.0524253138754247,1.054036194252693,1.0270848634564504,0.9872412815423873,1.0051039008384979,1.121575984990619,1.0374963945774445
equal_weight,39,8,115976.36340321104,0.02412000764927469,0.02412000764927469,0.017172694355907563,0.1377553402641758,0.07249306864933647,0.0,0.0,0.0,0.0,1.0,1.0,,0.0,,False,,,7.0,46,0.14285714285714285,0.14285714285714285,0.14285714285714285,0.14285714285714285,0.14285714285714285,0.14285714285714285,0.14285714285714285,1.0054865027130322,0.9846774920370601,1.0193239990459473,1.0485353245261344,1.019949220166848,1.0441619270659084,1.0467055879899918
equal_weight,39,9,117264.9197114856,0.011110507955786497,0.011110507955786497,0.006099491920659875,0.14723004760471925,0.06750430839767156,0.0,0.0,0.0,0.0,1.0,1.0,,0.0,,False,,,7.0,47,0.14285714285714285,0.14285714285714285,0.14285714285714285,0.14285714285714285,0.14285714285714285,0.14285714285714285,0.14285714285714285,1.0222140006378042,1.054929753081416,0.9992198688185272,0.9627499315256095,1.0142247510668565,1.0807433514899072,0.9436918990703851
equal_weight,39,10,116485.79222565492,-0.0066441650900168625,-0.0066441650900168625,-0.009163771229125671,0.14152620599187604,0.06919859232564926,0.0,0.0,0.0,0.0,1.0,1.0,,0.0,,False,,,7.0,48,0.14285714285714285,0.14285714285714285,0.14285714285714285,0.14285714285714285,0.14285714285714285,0.14285714285714285,0.14285714285714285,1.022748062827226,1.0116330078314992,1.0125485675873276,0.8998577524893313,0.9817671809256661,0.9866587607471095,1.0382775119617225
equal_weight,39,11,118356.40613665756,0.01605873021302817,0.01605873021302817,0.01017019679667469,0.15509431838833254,0.0679583119956362,0.0,0.0,0.0,0.0,1.0,1.0,,0.0,,False,,,7.0,49,0.14285714285714285,0.14285714285714285,0.14285714285714285,0.14285714285714285,0.14285714285714285,0.14285714285714285,0.14285714285714285,1.028990413717977,1.0399761864870785,1.0121727778274432,0.9920961112867532,1.1142857142857145,0.933293269230769,0.9915966386554621
equal_weight,39,12,115820.89181090872,-0.021422704596329667,-0.021422704596329667,-0.022912166472162883,0.1365979104766194,0.08831517120899482,0.0,0.0,0.0,0.0,1.0,1.0,,0.0,,False,,,7.0,50,0.14285714285714285,0.14285714285714285,0.14285714285714285,0.14285714285714285,0.14285714285714285,0.14285714285714285,0.14285714285714285,0.9524308174608502,0.9468745137780623,0.9571047153564893,1.0296367112810707,0.9903846153846152,1.0135222150676113,0.9600874794969929
equal_weight,39,13,119019.37654833475,0.02761578405602272,0.02761578405602272,0.02003211385119994,0.15980067363746286,0.06341298619287047,0.0,0.0,0.0,0.0,1.0,1.0,,0.0,,False,,,7.0,51,0.14285714285714285,0.14285714285714285,0.14285714285714285,0.14285714285714285,0.14285714285714285,0.14285714285714285,0.14285714285714285,1.0691438500861281,1.0726581795633896,1.0583749337868538,1.0225936242649336,0.9190938511326862,1.0320838627700126,1.019362186788155
equal_weight,39,14,117960.30848716214,-0.00889828271569304,-0.00889828271569304,-0.01129134223527444,0.152257218699261,0.07495774594145171,0.0,0.0,0.0,0.0,1.0,1.0,,0.0,,False,,,7.0,52,0.14285714285714285,0.14285714285714285,0.14285714285714285,0.14285714285714285,0.14285714285714285,0.14285714285714285,0.14285714285714285,0.9916662901143084,1.0025358571630094,0.9627064136965677,0.9576271186440679,0.9838028169014084,1.0421668205601724,0.9972067039106144
equal_weight,39,15,120059.88518063261,0.017799009856768633,0.017799009856768633,0.012048472622944723,0.167082328543394,0.05553274442376531,0.0,0.0,0.0,0.0,1.0,1.0,,0.0,,False,,,7.0,53,0.14285714285714285,0.14285714285714285,0.14285714285714285,0.14285714285714285,0.14285714285714285,0.14285714285714285,0.14285714285714285,1.0436129187650538,1.0069045203783964,1.0537813804467038,1.0290771175726925,1.0293486041517539,0.9503839338452451,1.0114845938375352
equal_weight,39,16,111767.36786385479,-0.06906984214004175,-0.06906984214004175,-0.0653540807209353,0.10528446798701363,0.07112440329109873,0.0,0.0,0.0,0.0,1.0,1.0,,0.0,,False,,,7.0,54,0.14285714285714285,0.14285714285714285,0.14285714285714285,0.14285714285714285,0.14285714285714285,0.14285714285714285,0.14285714285714285,0.9298536593307981,0.8801916899722919,0.9556161965613983,0.9324324324324325,0.9551460361613352,0.8760099440646364,0.9872611464968152
equal_weight,39,17,112655.90824352182,0.007949908785088056,0.007949908785088056,0.0031367783399455064,0.11234127389186066,0.07840055129803046,0.0,0.0,0.0,0.0,1.0,1.0,,0.0,,False,,,7.0,55,0.14285714285714285,0.14285714285714285,0.14285714285714285,0.14285714285714285,0.14285714285714285,0.14285714285714285,0.14285714285714285,0.9869331771848514,0.9986076251350232,0.9760156672096543,1.0082345191040842,1.0462322533673099,0.9882937211777227,1.0513323983169707
equal_weight,39,18,112965.91140524502,0.0027517701162471653,0.0027517701162471653,-0.0004680349882088099,0.11477720352940912,0.05807929251514543,0.0,0.0,0.0,0.0,1.0,1.0,,0.0,,False,,,7.0,56,0.14285714285714285,0.14285714285714285,0.14285714285714285,0.14285714285714285,0.14285714285714285,0.14285714285714285,0.14285714285714285,1.0357733081792009,1.0341142880338432,1.0231835256931106,0.9411956876837635,1.048016701461378,0.9239052404881549,1.0130736392742796
equal_weight,39,19,105798.05946763135,-0.0634514593690152,-0.0634514593690152,-0.06377008819766769,0.0548030795347928,0.07591928406102742,0.0,0.0,0.0,0.0,1.0,1.0,,0.0,,False,,,7.0,57,0.14285714285714285,0.14285714285714285,0.14285714285714285,0.14285714285714285,0.14285714285714285,0.14285714285714285,0.14285714285714285,0.9120432847339066,0.8673832471904358,0.9509451683395475,0.9694550503297468,0.9555112881806108,0.8717948717948719,1.0287068738477745
equal_weight,39,20,105923.8754496889,0.0011892087878611068,0.0011892087878611068,-0.0029155289308721057,0.05592578089254863,0.08076460577255869,0.0,0.0,0.0,0.0,1.0,1.0,,0.0,,False,,,7.0,58,0.14285714285714285,0.14285714285714285,0.14285714285714285,0.14285714285714285,0.14285714285714285,0.14285714285714285,0.14285714285714285,1.0000531712757406,0.9794685529360748,1.000391488535496,0.999641962047977,1.0055594162612926,1.0401069518716577,0.9831029185867896
equal_weight,39,21,106529.75608515472,0.005719962877997142,0.005719962877997142,0.0025920123067196855,0.061295137857399595,0.05554689316262566,0.0,0.0,0.0,0.0,1.0,1.0,,0.0,,False,,,7.0,59,0.14285714285714285,0.14285714285714285,0.14285714285714285,0.14285714285714285,0.14285714285714285,0.14285714285714285,0.14285714285714285,0.9160800047452287,0.912869623396696,0.9328680427305247,1.0992120343839542,1.0241879751209397,1.1696658097686377,0.9851562499999998
equal_weight,39,22,108240.84658762686,0.016062089742366226,0.016062089742366226,0.01070322148054624,0.0761343508243485,0.0827198297280532,0.0,0.0,0.0,0.0,1.0,1.0,,0.0,,False,,,7.0,60,0.14285714285714285,0.14285714285714285,0.14285714285714285,0.14285714285714285,0.14285714285714285,0.14285714285714285,0.14285714285714285,1.0911163764566931,1.1234912300099247,1.0672516751244587,0.9214727924405344,0.9787449392712549,0.9501831501831501,0.9801744647105474
equal_weight,39,23,105830.39649934764,-0.022269320356135935,-0.022269320356135935,-0.025615936782740593,0.05509188940233811,0.0914695072146042,0.0,0.0,0.0,0.0,1.0,1.0,,0.0,,False,,,7.0,61,0.14285714285714285,0.14285714285714285,0.14285714285714285,0.14285714285714285,0.14285714285714285,0.14285714285714285,0.14285714285714285,0.9575598807831897,0.9536357930098714,0.9593638617140574,0.9904526166902407,1.019303688383316,0.9602929838087895,1.0035059331175835
equal_weight,39,24,99153.98401148013,-0.06308596309481518,-0.06308596309481518,-0.06699353144234374,-0.008532344887139498,0.0673859430573226,0.0,0.0,0.0,0.0,1.0,1.0,,0.0,,False,,,7.0,62,0.14285714285714285,0.14285714285714285,0.14285714285714285,0.14285714285714285,0.14285714285714285,0.14285714285714285,0.14285714285714285,0.906604323640961,0.8950099292047539,0.9116191074982402,0.9460906818993214,1.0010145417653027,0.8916097952629467,1.0064498790647676
equal_weight,40,1,105714.94653257327,0.05714946532573273,0.05714946532573273,0.05041823505713573,0.054059967109876594,0.07283464105481724,0.0,0.0,0.0,0.0,1.0,1.0,,0.0,,False,,,7.0,40,0.14285714285714285,0.14285714285714285,0.14285714285714285,0.14285714285714285,0.14285714285714285,0.14285714285714285,0.14285714285714285,1.1075456274694473,1.1179570958597118,1.1183717604729042,1.0432562331030337,1.0900632675846669,0.9914163090128755,0.9314359637774902
equal_weight,40,2,110197.37863345972,0.042401119689402744,0.042401119689402744,0.03391386770935388,0.0925373975308289,0.09127125423196857,0.0,0.0,0.0,0.0,1.0,1.0,,0.0,,False,,,7.0,41,0.14285714285714285,0.14285714285714285,0.14285714285714285,0.14285714285714285,0.14285714285714285,0.14285714285714285,0.14285714285714285,1.03712146290818,1.0565291374240031,1.0326546656799105,1.0463576158940397,0.9351314441789006,1.1279024006296734,1.0611111111111111
equal_weight,40,3,109421.81692653059,-0.007037932449453499,-0.007037932449453499,-0.009796011205101318,0.0861054695596648,0.0672816646787444,0.0,0.0,0.0,0.0,1.0,1.0,,0.0,,False,,,7.0,42,0.14285714285714285,0.14285714285714285,0.14285714285714285,0.14285714285714285,0.14285714285714285,0.14285714285714285,0.14285714285714285,0.9888633335144615,1.0141533291379978,0.9796166893478648,1.0192625206384152,0.910551296093465,1.0568736915561758,0.9814136125654451
equal_weight,40,4,109725.32506409667,0.0027737442686577296,0.0027737442686577296,-0.0009461872178109145,0.08863336753311568,0.06948170382523582,0.0,0.0,0.0,0.0,1.0,1.0,,0.0,,False,,,7.0,43,0.14285714285714285,0.14285714285714285,0.14285714285714285,0.14285714285714285,0.14285714285714285,0.14285714285714285,0.14285714285714285,1.026091448048592,1.0093070419373205,1.0316766856435173,1.0105291576673865,1.057337610264635,0.9290194783757015,0.9554547879434515
equal_weight,40,5,109886.05725660686,0.001464859570170285,0.001464859570170285,-0.002254525992021724,0.08996643890426281,0.07175194726337712,0.0,0.0,0.0,0.0,1.0,1.0,,0.0,,False,,,7.0,44,0.14285714285714285,0.14285714285714285,0.14285714285714285,0.14285714285714285,0.14285714285714285,0.14285714285714285,0.14285714285714285,1.0424386351216453,1.004133253410209,1.0662471630729378,0.9422922789206518,1.0401971937808114,0.9470504619758351,0.9678950307091011
equal_weight,40,6,114359.42341608285,0.04070913336193094,0.04070913336193094,0.031819455984923826,0.12556397179301815,0.07556153807663019,0.0,0.0,0.0,0.0,1.0,1.0,,0.0,,False,,,7.0,45,0.14285714285714285,0.14285714285714285,0.14285714285714285,0.14285714285714285,0.14285714285714285,0.14285714285714285,0.14285714285714285,1.0524253138754247,1.054036194252693,1.0270848634564504,0.9872412815423873,1.0051039008384979,1.121575984990619,1.0374963945774445
equal_weight,40,7,117117.77358364541,0.02412000764927469,0.02412000764927469,0.01669400327233352,0.1461586321176086,0.07801314104513865,0.0,0.0,0.0,0.0,1.0,1.0,,0.0,,False,,,7.0,46,0.14285714285714285,0.14285714285714285,0.14285714285714285,0.14285714285714285,0.14285714285714285,0.14285714285714285,0.14285714285714285,1.0054865027130322,0.9846774920370601,1.0193239990459473,1.0485353245261344,1.019949220166848,1.0441619270659084,1.0467055879899918
equal_weight,40,8,118419.0115388105,0.011110507955786497,0.011110507955786497,0.005865785767799583,0.15554100054934072,0.07033165327865082,0.0,0.0,0.0,0.0,1.0,1.0,,0.0,,False,,,7.0,47,0.14285714285714285,0.14285714285714285,0.14285714285714285,0.14285714285714285,0.14285714285714285,0.14285714285714285,0.14285714285714285,1.0222140006378042,1.054929753081416,0.9992198688185272,0.9627499315256095,1.0142247510668565,1.0807433514899072,0.9436918990703851
equal_weight,40,9,117632.21607635003,-0.0066441650900168625,-0.0066441650900168625,-0.008819959891333738,0.14989274762030935,0.06343413924604732,0.0,0.0,0.0,0.0,1.0,1.0,,0.0,,False,,,7.0,48,0.14285714285714285,0.14285714285714285,0.14285714285714285,0.14285714285714285,0.14285714285714285,0.14285714285714285,0.14285714285714285,1.022748062827226,1.0116330078314992,1.0125485675873276,0.8998577524893313,0.9817671809256661,0.9866587607471095,1.0382775119617225
equal_weight,40,10,119521.24009868076,0.01605873021302817,0.01605873021302817,0.009913465812294995,0.16332862746875265,0.0704482807229661,0.0,0.0,0.0,0.0,1.0,1.0,,0.0,,False,,,7.0,49,0.14285714285714285,0.14285714285714285,0.14285714285714285,0.14285714285714285,0.14285714285714285,0.14285714285714285,0.14285714285714285,1.028990413717977,1.0399761864870785,1.0121727778274432,0.9920961112867532,1.1142857142857145,0.933293269230769,0.9915966386554621
equal_weight,40,11,116960.77187905973,-0.021422704596329667,-0.021422704596329667,-0.021740850447548275,0.1450124824466581,0.06849410850907445,0.0,0.0,0.0,0.0,1.0,1.0,,0.0,,False,,,7.0,50,0.14285714285714285,0.14285714285714285,0.14285714285714285,0.14285714285714285,0.14285714285714285,0.14285714285714285,0.14285714285714285,0.9524308174608502,0.9468745137780623,0.9571047153564893,1.0296367112810707,0.9903846153846152,1.0135222150676113,0.9600874794969929
equal_weight,40,12,120190.73529829757,0.02761578405602272,0.02761578405602272,0.01951193708622127,0.16798911536889127,0.06929391672023812,0.0,0.0,0.0,0.0,1.0,1.0,,0.0,,False,,,7.0,51,0.14285714285714285,0.14285714285714285,0.14285714285714285,0.14285714285714285,0.14285714285714285,0.14285714285714285,0.14285714285714285,1.0691438500861281,1.0726581795633896,1.0583749337868538,1.0225936242649336,0.9190938511326862,1.0320838627700126,1.019362186788155
equal_weight,40,13,119121.2441558063,-0.00889828271569304,-0.00889828271569304,-0.011726011128459848,0.16051917767746282,0.0851214687406279,0.0,0.0,0.0,0.0,1.0,1.0,,0.0,,False,,,7.0,52,0.14285714285714285,0.14285714285714285,0.14285714285714285,0.14285714285714285,0.14285714285714285,0.14285714285714285,0.14285714285714285,0.9916662901143084,1.0025358571630094,0.9627064136965677,0.9576271186440679,0.9838028169014084,1.0421668205601724,0.9972067039106144
equal_weight,40,14,121241.48435468604,0.017799009856768633,0.017799009856768633,0.011948197480492188,0.1751998044872588,0.05464858658607587,0.0,0.0,0.0,0.0,1.0,1.0,,0.0,,False,,,7.0,53,0.14285714285714285,0.14285714285714285,0.14285714285714285,0.14285714285714285,0.14285714285714285,0.14285714285714285,0.14285714285714285,1.0436129187650538,1.0069045203783964,1.0537813804467038,1.0290771175726925,1.0293486041517539,0.9503839338452451,1.0114845938375352
equal_weight,40,15,112867.35416948353,-0.06906984214004175,-0.06906984214004175,-0.06464538085859975,0.11400421551622175,0.06899583775125397,0.0,0.0,0.0,0.0,1.0,1.0,,0.0,,False,,,7.0,54,0.14285714285714285,0.14285714285714285,0.14285714285714285,0.14285714285714285,0.14285714285714285,0.14285714285714285,0.14285714285714285,0.9298536593307981,0.8801916899722919,0.9556161965613983,0.9324324324324325,0.9551460361613352,0.8760099440646364,0.9872611464968152
equal_weight,40,16,113764.63933994515,0.007949908785088056,0.007949908785088056,0.0027853449162264267,0.12099224697416222,0.08405373083428085,0.0,0.0,0.0,0.0,1.0,1.0,,0.0,,False,,,7.0,55,0.14285714285714285,0.14285714285714285,0.14285714285714285,0.14285714285714285,0.14285714285714285,0.14285714285714285,0.14285714285714285,0.9869331771848514,0.9986076251350232,0.9760156672096543,1.0082345191040842,1.0462322533673099,0.9882937211777227,1.0513323983169707
equal_weight,40,17,114077.69347476645,0.0027517701162471653,0.0027517701162471653,-0.0006287475742742786,0.12340443644997412,0.06081874100172355,0.0,0.0,0.0,0.0,1.0,1.0,,0.0,,False,,,7.0,56,0.14285714285714285,0.14285714285714285,0.14285714285714285,0.14285714285714285,0.14285714285714285,0.14285714285714285,0.14285714285714285,1.0357733081792009,1.0341142880338432,1.0231835256931106,0.9411956876837635,1.048016701461378,0.9239052404881549,1.0130736392742796
equal_weight,40,18,106839.29734234134,-0.0634514593690152,-0.0634514593690152,-0.06347376093927971,0.06401481021001498,0.08168269398641144,0.0,0.0,0.0,0.0,1.0,1.0,,0.0,,False,,,7.0,57,0.14285714285714285,0.14285714285714285,0.14285714285714285,0.14285714285714285,0.14285714285714285,0.14285714285714285,0.14285714285714285,0.9120432847339066,0.8673832471904358,0.9509451683395475,0.9694550503297468,0.9555112881806108,0.8717948717948719,1.0287068738477745
equal_weight,40,19,106966.35157362976,0.0011892087878611068,0.0011892087878611068,-0.0032420490470939436,0.06512656990861743,0.08707617491392775,0.0,0.0,0.0,0.0,1.0,1.0,,0.0,,False,,,7.0,58,0.14285714285714285,0.14285714285714285,0.14285714285714285,0.14285714285714285,0.14285714285714285,0.14285714285714285,0.14285714285714285,1.0000531712757406,0.9794685529360748,1.000391488535496,0.999641962047977,1.0055594162612926,1.0401069518716577,0.9831029185867896
equal_weight,40,20,107578.1951338257,0.005719962877997142,0.005719962877997142,0.0017091145212401984,0.07044359802094236,0.0721582718216946,0.0,0.0,0.0,0.0,1.0,1.0,,0.0,,False,,,7.0,59,0.14285714285714285,0.14285714285714285,0.14285714285714285,0.14285714285714285,0.14285714285714285,0.14285714285714285,0.14285714285714285,0.9160800047452287,0.912869623396696,0.9328680427305247,1.0992120343839542,1.0241879751209397,1.1696658097686377,0.9851562499999998
equal_weight,40,21,109306.125758387,0.016062089742366226,0.016062089742366226,0.010858237057767735,0.08513819050688431,0.07672710856348448,0.0,0.0,0.0,0.0,1.0,1.0,,0.0,,False,,,7.0,60,0.14285714285714285,0.14285714285714285,0.14285714285714285,0.14285714285714285,0.14285714285714285,0.14285714285714285,0.14285714285714285,1.0911163764566931,1.1234912300099247,1.0672516751244587,0.9214727924405344,0.9787449392712549,0.9501831501831501,0.9801744647105474
equal_weight,40,22,106871.9526269854,-0.022269320356135935,-0.022269320356135935,-0.02549050417901055,0.06430080538502492,0.09306238114302307,0.0,0.0,0.0,0.0,1.0,1.0,,0.0,,False,,,7.0,61,0.14285714285714285,0.14285714285714285,0.14285714285714285,0.14285714285714285,0.14285714285714285,0.14285714285714285,0.14285714285714285,0.9575598807831897,0.9536357930098714,0.9593638617140574,0.9904526166902407,1.019303688383316,0.9602929838087895,1.0035059331175835
equal_weight,40,23,100129.83256768856,-0.06308596309481518,-0.06308596309481518,-0.06635661154180476,0.0012966422130066269,0.06704896739572952,0.0,0.0,0.0,0.0,1.0,1.0,,0.0,,False,,,7.0,62,0.14285714285714285,0.14285714285714285,0.14285714285714285,0.14285714285714285,0.14285714285714285,0.14285714285714285,0.14285714285714285,0.906604323640961,0.8950099292047539,0.9116191074982402,0.9460906818993214,1.0010145417653027,0.8916097952629467,1.0064498790647676
equal_weight,40,24,101058.42983926788,0.00927393213158112,0.00927393213158112,0.005286388279909557,0.010473444332662729,0.07780827679493091,0.0,0.0,0.0,0.0,1.0,1.0,,0.0,,False,,,7.0,63,0.14285714285714285,0.14285714285714285,0.14285714285714285,0.14285714285714285,0.14285714285714285,0.14285714285714285,0.14285714285714285,1.0798634244603893,1.039007305019145,1.1395080340749941,0.8803773584905662,0.9280405405405406,0.9914452949122017,1.0066755674232308
equal_weight,41,1,104240.11196894027,0.042401119689402744,0.042401119689402744,0.03608912258374774,0.04067639499661768,0.09174544825739886,0.0,0.0,0.0,0.0,1.0,1.0,,0.0,,False,,,7.0,41,0.14285714285714285,0.14285714285714285,0.14285714285714285,0.14285714285714285,0.14285714285714285,0.14285714285714285,0.14285714285714285,1.03712146290818,1.0565291374240031,1.0326546656799105,1.0463576158940397,0.9351314441789006,1.1279024006296734,1.0611111111111111
equal_weight,41,2,103506.4771023794,-0.007037932449453499,-0.007037932449453499,-0.010764447493687856,0.0338768857808881,0.07929876555916547,0.0,0.0,0.0,0.0,1.0,1.0,,0.0,,False,,,7.0,42,0.14285714285714285,0.14285714285714285,0.14285714285714285,0.14285714285714285,0.14285714285714285,0.14285714285714285,0.14285714285714285,0.9888633335144615,1.0141533291379978,0.9796166893478648,1.0192625206384152,0.910551296093465,1.0568736915561758,0.9814136125654451
equal_weight,41,3,103793.57760001108,0.0027737442686577296,0.0027737442686577296,-0.0010481049537222516,0.0365492517719197,0.07440941889507703,0.0,0.0,0.0,0.0,1.0,1.0,,0.0,,False,,,7.0,43,0.14285714285714285,0.14285714285714285,0.14285714285714285,0.14285714285714285,0.14285714285714285,0.14285714285714285,0.14285714285714285,1.026091448048592,1.0093070419373205,1.0316766856435173,1.0105291576673865,1.057337610264635,0.9290194783757015,0.9554547879434515
equal_weight,41,4,103945.62061548067,0.001464859570170285,0.001464859570170285,-0.002643573628032864,0.037958507459168955,0.0810565863056424,0.0,0.0,0.0,0.0,1.0,1.0,,0.0,,False,,,7.0,44,0.14285714285714285,0.14285714285714285,0.14285714285714285,0.14285714285714285,0.14285714285714285,0.14285714285714285,0.14285714285714285,1.0424386351216453,1.004133253410209,1.0662471630729378,0.9422922789206518,1.0401971937808114,0.9470504619758351,0.9678950307091011
equal_weight,41,5,108177.15674750495,0.04070913336193094,0.04070913336193094,0.03395474564053492,0.07559042031943164,0.07354334439455532,0.0,0.0,0.0,0.0,1.0,1.0,,0.0,,False,,,7.0,45,0.14285714285714285,0.14285714285714285,0.14285714285714285,0.14285714285714285,0.14285714285714285,0.14285714285714285,0.14285714285714285,1.0524253138754247,1.054036194252693,1.0270848634564504,0.9872412815423873,1.0051039008384979,1.121575984990619,1.0374963945774445
equal_weight,41,6,110786.39059573156,0.02412000764927469,0.02412000764927469,0.01811960604540562,0.09736205447013768,0.07304056210600841,0.0,0.0,0.0,0.0,1.0,1.0,,0.0,,False,,,7.0,46,0.14285714285714285,0.14285714285714285,0.14285714285714285,0.14285714285714285,0.14285714285714285,0.14285714285714285,0.14285714285714285,1.0054865027130322,0.9846774920370601,1.0193239990459473,1.0485353245261344,1.019949220166848,1.0441619270659084,1.0467055879899918
equal_weight,41,7,112017.2836698383,0.011110507955786497,0.011110507955786497,0.0069011516295113175,0.1072806202412322,0.06034828283166389,0.0,0.0,0.0,0.0,1.0,1.0,,0.0,,False,,,7.0,47,0.14285714285714285,0.14285714285714285,0.14285714285714285,0.14285714285714285,0.14285714285714285,0.14285714285714285,0.14285714285714285,1.0222140006378042,1.054929753081416,0.9992198688185272,0.9627499315256095,1.0142247510668565,1.0807433514899072,0.9436918990703851
equal_weight,41,8,111273.02234420065,-0.0066441650900168625,-0.0066441650900168625,-0.009084455215358027,0.10130957267728224,0.062268153028161535,0.0,0.0,0.0,0.0,1.0,1.0,,0.0,,False,,,7.0,48,0.14285714285714285,0.14285714285714285,0.14285714285714285,0.14285714285714285,0.14285714285714285,0.14285714285714285,0.14285714285714285,1.022748062827226,1.0116330078314992,1.0125485675873276,0.8998577524893313,0.9817671809256661,0.9866587607471095,1.0382775119617225
equal_weight,41,9,113059.92579001443,0.01605873021302817,0.01605873021302817,0.01037102061583895,0.11551330587524489,0.07665425164247387,0.0,0.0,0.0,0.0,1.0,1.0,,0.0,,False,,,7.0,49,0.14285714285714285,0.14285714285714285,0.14285714285714285,0.14285714285714285,0.14285714285714285,0.14285714285714285,0.14285714285714285,1.028990413717977,1.0399761864870785,1.0121727778274432,0.9920961112867532,1.1142857142857145,0.933293269230769,0.9915966386554621
equal_weight,41,10,110637.876398132,-0.021422704596329667,-0.021422704596329667,-0.023326505644100173,0.09615040295830912,0.07927205454328813,0.0,0.0,0.0,0.0,1.0,1.0,,0.0,,False,,,7.0,50,0.14285714285714285,0.14285714285714285,0.14285714285714285,0.14285714285714285,0.14285714285714285,0.14285714285714285,0.14285714285714285,0.9524308174608502,0.9468745137780623,0.9571047153564893,1.0296367112810707,0.9903846153846152,1.0135222150676113,0.9600874794969929
equal_weight,41,11,113693.22810115974,0.02761578405602272,0.02761578405602272,0.021367782008928686,0.12044013816703358,0.05843906399591546,0.0,0.0,0.0,0.0,1.0,1.0,,0.0,,False,,,7.0,51,0.14285714285714285,0.14285714285714285,0.14285714285714285,0.14285714285714285,0.14285714285714285,0.14285714285714285,0.14285714285714285,1.0691438500861281,1.0726581795633896,1.0583749337868538,1.0225936242649336,0.9190938511326862,1.0320838627700126,1.019362186788155
equal_weight,41,12,112681.55361465584,-0.00889828271569304,-0.00889828271569304,-0.011519156975578981,0.11254329753052339,0.07244632678137575,0.0,0.0,0.0,0.0,1.0,1.0,,0.0,,False,,,7.0,52,0.14285714285714285,0.14285714285714285,0.14285714285714285,0.14285714285714285,0.14285714285714285,0.14285714285714285,0.14285714285714285,0.9916662901143084,1.0025358571630094,0.9627064136965677,0.9576271186440679,0.9838028169014084,1.0421668205601724,0.9972067039106144
equal_weight,41,13,114687.1736981191,0.017799009856768633,0.017799009856768633,0.012452228279825464,0.12806291431314598,0.06134777005594254,0.0,0.0,0.0,0.0,1.0,1.0,,0.0,,False,,,7.0,53,0.14285714285714285,0.14285714285714285,0.14285714285714285,0.14285714285714285,0.14285714285714285,0.14285714285714285,0.14285714285714285,1.0436129187650538,1.0069045203783964,1.0537813804467038,1.0290771175726925,1.0293486041517539,0.9503839338452451,1.0114845938375352
equal_weight,41,14,106765.74871530247,-0.06906984214004175,-0.06906984214004175,-0.06869744660773379,0.06337003015212073,0.08009124893417062,0.0,0.0,0.0,0.0,1.0,1.0,,0.0,,False,,,7.0,54,0.14285714285714285,0.14285714285714285,0.14285714285714285,0.14285714285714285,0.14285714285714285,0.14285714285714285,0.14285714285714285,0.9298536593307981,0.8801916899722919,0.9556161965613983,0.9324324324324325,0.9551460361613352,0.8760099440646364,0.9872611464968152
equal_weight,41,15,107614.52667896076,0.007949908785088056,0.007949908785088056,0.002987327240922066,0.07075742387156214,0.08800132957038699,0.0,0.0,0.0,0.0,1.0,1.0,,0.0,,False,,,7.0,55,0.14285714285714285,0.14285714285714285,0.14285714285714285,0.14285714285714285,0.14285714285714285,0.14285714285714285,0.14285714285714285,0.9869331771848514,0.9986076251350232,0.9760156672096543,1.0082345191040842,1.0462322533673099,0.9882937211777227,1.0513323983169707
equal_weight,41,16,107910.65711755,0.0027517701162471653,0.0027517701162471653,-0.0008310138666617495,0.07330746868618077,0.06762117362560746,0.0,0.0,0.0,0.0,1.0,1.0,,0.0,,False,,,7.0,56,0.14285714285714285,0.14285714285714285,0.14285714285714285,0.14285714285714285,0.14285714285714285,0.14285714285714285,0.14285714285714285,1.0357733081792009,1.0341142880338432,1.0231835256931106,0.9411956876837635,1.048016701461378,0.9239052404881549,1.0130736392742796
equal_weight,41,17,101063.56844197205,-0.0634514593690152,-0.0634514593690152,-0.0667361997080969,0.010523757060712846,0.07904976165257961,0.0,0.0,0.0,0.0,1.0,1.0,,0.0,,False,,,7.0,57,0.14285714285714285,0.14285714285714285,0.14285714285714285,0.14285714285714285,0.14285714285714285,0.14285714285714285,0.14285714285714285,0.9120432847339066,0.8673832471904358,0.9509451683395475,0.9694550503297468,0.9555112881806108,0.8717948717948719,1.0287068738477745
equal_weight,41,18,101183.75412569585,0.0011892087878611068,0.0011892087878611068,-0.002865891576163785,0.011699053231661316,0.0808237549422451,0.0,0.0,0.0,0.0,1.0,1.0,,0.0,,False,,,7.0,58,0.14285714285714285,0.14285714285714285,0.14285714285714285,0.14285714285714285,0.14285714285714285,0.14285714285714285,0.14285714285714285,1.0000531712757406,0.9794685529360748,1.000391488535496,0.999641962047977,1.0055594162612926,1.0401069518716577,0.9831029185867896
equal_weight,41,19,101762.52144315121,0.005719962877997142,0.005719962877997142,0.0026172452444341264,0.017319946657727292,0.060072963632636985,0.0,0.0,0.0,0.0,1.0,1.0,,0.0,,False,,,7.0,59,0.14285714285714285,0.14285714285714285,0.14285714285714285,0.14285714285714285,0.14285714285714285,0.14285714285714285,0.14285714285714285,0.9160800047452287,0.912869623396696,0.9328680427305247,1.0992120343839542,1.0241879751209397,1.1696658097686377,0.9851562499999998
equal_weight,41,20,103397.04019498058,0.016062089742366226,0.016062089742366226,0.011102378545330154,0.032854327247420434,0.08864004088725976,0.0,0.0,0.0,0.0,1.0,1.0,,0.0,,False,,,7.0,60,0.14285714285714285,0.14285714285714285,0.14285714285714285,0.14285714285714285,0.14285714285714285,0.14285714285714285,0.14285714285714285,1.0911163764566931,1.1234912300099247,1.0672516751244587,0.9214727924405344,0.9787449392712549,0.9501831501831501,0.9801744647105474
equal_weight,41,21,101094.45838300229,-0.022269320356135935,-0.022269320356135935,-0.02669827024537448,0.010826096707060473,0.0934007941002904,0.0,0.0,0.0,0.0,1.0,1.0,,0.0,,False,,,7.0,61,0.14285714285714285,0.14285714285714285,0.14285714285714285,0.14285714285714285,0.14285714285714285,0.14285714285714285,0.14285714285714285,0.9575598807831897,0.9536357930098714,0.9593638617140574,0.9904526166902407,1.019303688383316,0.9602929838087895,1.0035059331175835
equal_weight,41,22,94716.81711236188,-0.06308596309481518,-0.06308596309481518,-0.07038764324686315,-0.055778720703533624,0.07565651672538104,0.0,0.0,0.0,0.0,1.0,1.0,,0.0,,False,,,7.0,62,0.14285714285714285,0.14285714285714285,0.14285714285714285,0.14285714285714285,0.14285714285714285,0.14285714285714285,0.14285714285714285,0.906604323640961,0.8950099292047539,0.9116191074982402,0.9460906818993214,1.0010145417653027,0.8916097952629467,1.0064498790647676
equal_weight,41,23,95595.21444598131,0.00927393213158112,0.00927393213158112,0.005893572912857111,-0.04607746924933909,0.07615357082674853,0.0,0.0,0.0,0.0,1.0,1.0,,0.0,,False,,,7.0,63,0.14285714285714285,0.14285714285714285,0.14285714285714285,0.14285714285714285,0.14285714285714285,0.14285714285714285,0.14285714285714285,1.0798634244603893,1.039007305019145,1.1395080340749941,0.8803773584905662,0.9280405405405406,0.9914452949122017,1.0066755674232308
equal_weight,41,24,101744.64330229505,0.06432778975341535,0.06432778975341535,0.05901202220104592,0.017147274251200773,0.08425442598987883,0.0,0.0,0.0,0.0,1.0,1.0,,0.0,,False,,,7.0,64,0.14285714285714285,0.14285714285714285,0.14285714285714285,0.14285714285714285,0.14285714285714285,0.14285714285714285,0.14285714285714285,1.0537528861202778,1.0436698440150798,1.056726336776278,1.1337333904843547,1.097196942118675,1.0286103542234333,1.0366047745358091
equal_weight,42,1,99296.20675505465,-0.007037932449453499,-0.007037932449453499,-0.01116114104935587,-0.0070878160198151186,0.081466500590815,0.0,0.0,0.0,0.0,1.0,1.0,,0.0,,False,,,7.0,42,0.14285714285714285,0.14285714285714285,0.14285714285714285,0.14285714285714285,0.14285714285714285,0.14285714285714285,0.14285714285714285,0.9888633335144615,1.0141533291379978,0.9796166893478648,1.0192625206384152,0.910551296093465,1.0568736915561758,0.9814136125654451
equal_weight,42,2,99571.62903944093,0.0027737442686577296,0.0027737442686577296,-0.0006915952020303535,-0.004302138718543791,0.06954545006603362,0.0,0.0,0.0,0.0,1.0,1.0,,0.0,,False,,,7.0,43,0.14285714285714285,0.14285714285714285,0.14285714285714285,0.14285714285714285,0.14285714285714285,0.14285714285714285,0.14285714285714285,1.026091448048592,1.0093070419373205,1.0316766856435173,1.0105291576673865,1.057337610264635,0.9290194783757015,0.9554547879434515
equal_weight,42,3,99717.4874931568,0.001464859570170285,0.001464859570170285,-0.0024102838592246333,-0.002833129012226543,0.07758587131083762,0.0,0.0,0.0,0.0,1.0,1.0,,0.0,,False,,,7.0,44,0.14285714285714285,0.14285714285714285,0.14285714285714285,0.14285714285714285,0.14285714285714285,0.14285714285714285,0.14285714285714285,1.0424386351216453,1.004133253410209,1.0662471630729378,0.9422922789206518,1.0401971937808114,0.9470504619758351,0.9678950307091011
equal_weight,42,4,103776.89999003241,0.04070913336193094,0.04070913336193094,0.035742803854068264,0.03639441908936547,0.06969488495047504,0.0,0.0,0.0,0.0,1.0,1.0,,0.0,,False,,,7.0,45,0.14285714285714285,0.14285714285714285,0.14285714285714285,0.14285714285714285,0.14285714285714285,0.14285714285714285,0.14285714285714285,1.0524253138754247,1.054036194252693,1.0270848634564504,0.9872412815423873,1.0051039008384979,1.121575984990619,1.0374963945774445
equal_weight,42,5,106279.99961161001,0.02412000764927469,0.02412000764927469,0.01893811876342133,0.05908919490552933,0.0751331410548506,0.0,0.0,0.0,0.0,1.0,1.0,,0.0,,False,,,7.0,46,0.14285714285714285,0.14285714285714285,0.14285714285714285,0.14285714285714285,0.14285714285714285,0.14285714285714285,0.14285714285714285,1.0054865027130322,0.9846774920370601,1.0193239990459473,1.0485353245261344,1.019949220166848,1.0441619270659084,1.0467055879899918
equal_weight,42,6,107460.82439283578,0.011110507955786497,0.011110507955786497,0.0073113281832320725,0.06942831897103119,0.06055591764539574,0.0,0.0,0.0,0.0,1.0,1.0,,0.0,,False,,,7.0,47,0.14285714285714285,0.14285714285714285,0.14285714285714285,0.14285714285714285,0.14285714285714285,0.14285714285714285,0.14285714285714285,1.0222140006378042,1.054929753081416,0.9992198688185272,0.9627499315256095,1.0142247510668565,1.0807433514899072,0.9436918990703851
equal_weight,42,7,106746.83693486048,-0.0066441650900168625,-0.0066441650900168625,-0.00967342798970207,0.06320409230465118,0.06898402646644129,0.0,0.0,0.0,0.0,1.0,1.0,,0.0,,False,,,7.0,48,0.14285714285714285,0.14285714285714285,0.14285714285714285,0.14285714285714285,0.14285714285714285,0.14285714285714285,0.14285714285714285,1.022748062827226,1.0116330078314992,1.0125485675873276,0.8998577524893313,0.9817671809256661,0.9866587607471095,1.0382775119617225
equal_weight,42,8,108461.05559029151,0.01605873021302817,0.01605873021302817,0.011628667823736246,0.078010079693977,0.06354639131179135,0.0,0.0,0.0,0.0,1.0,1.0,,0.0,,False,,,7.0,49,0.14285714285714285,0.14285714285714285,0.14285714285714285,0.14285714285714285,0.14285714285714285,0.14285714285714285,0.14285714285714285,1.028990413717977,1.0399761864870785,1.0121727778274432,0.9920961112867532,1.1142857142857145,0.933293269230769,0.9915966386554621
equal_weight,42,9,106137.52643617461,-0.021422704596329667,-0.021422704596329667,-0.023526586375830986,0.05782616801292595,0.0668534938955988,0.0,0.0,0.0,0.0,1.0,1.0,,0.0,,False,,,7.0,50,0.14285714285714285,0.14285714285714285,0.14285714285714285,0.14285714285714285,0.14285714285714285,0.14285714285714285,0.14285714285714285,0.9524308174608502,0.9468745137780623,0.9571047153564893,1.0296367112810707,0.9903846153846152,1.0135222150676113,0.9600874794969929
equal_weight,42,10,109068.59744647641,0.02761578405602272,0.02761578405602272,0.02182262431959347,0.08314581519145947,0.06994045717880104,0.0,0.0,0.0,0.0,1.0,1.0,,0.0,,False,,,7.0,51,0.14285714285714285,0.14285714285714285,0.14285714285714285,0.14285714285714285,0.14285714285714285,0.14285714285714285,0.14285714285714285,1.0691438500861281,1.0726581795633896,1.0583749337868538,1.0225936242649336,0.9190938511326862,1.0320838627700126,1.019362186788155
equal_weight,42,11,108098.07423099354,-0.00889828271569304,-0.00889828271569304,-0.011887410877812749,0.07491413966995242,0.0731147071261139,0.0,0.0,0.0,0.0,1.0,1.0,,0.0,,False,,,7.0,52,0.14285714285714285,0.14285714285714285,0.14285714285714285,0.14285714285714285,0.14285714285714285,0.14285714285714285,0.14285714285714285,0.9916662901143084,1.0025358571630094,0.9627064136965677,0.9576271186440679,0.9838028169014084,1.0421668205601724,0.9972067039106144
equal_weight,42,12,110022.11291972871,0.017799009856768633,0.017799009856768633,0.013190463693333258,0.09109180558130847,0.05974404436045591,0.0,0.0,0.0,0.0,1.0,1.0,,0.0,,False,,,7.0,53,0.14285714285714285,0.14285714285714285,0.14285714285714285,0.14285714285714285,0.14285714285714285,0.14285714285714285,0.14285714285714285,1.0436129187650538,1.0069045203783964,1.0537813804467038,1.0290771175726925,1.0293486041517539,0.9503839338452451,1.0114845938375352
equal_weight,42,13,102422.9029484492,-0.06906984214004175,-0.06906984214004175,-0.07103573538283127,0.023655870695919234,0.07199600994884053,0.0,0.0,0.0,0.0,1.0,1.0,,0.0,,False,,,7.0,54,0.14285714285714285,0.14285714285714285,0.14285714285714285,0.14285714285714285,0.14285714285714285,0.14285714285714285,0.14285714285714285,0.9298536593307981,0.8801916899722919,0.9556161965613983,0.9324324324324325,0.9551460361613352,0.8760099440646364,0.9872611464968152
equal_weight,42,14,103237.1556843933,0.007949908785088056,0.007949908785088056,0.00392513482403835,0.03135649818065145,0.07550985321387728,0.0,0.0,0.0,0.0,1.0,1.0,,0.0,,False,,,7.0,55,0.14285714285714285,0.14285714285714285,0.14285714285714285,0.14285714285714285,0.14285714285714285,0.14285714285714285,0.14285714285714285,0.9869331771848514,0.9986076251350232,0.9760156672096543,1.0082345191040842,1.0462322533673099,0.9882937211777227,1.0513323983169707
equal_weight,42,15,103521.24060429198,0.0027517701162471653,0.0027517701162471653,-0.001059851876503379,0.03401466775066819,0.07436042893040246,0.0,0.0,0.0,0.0,1.0,1.0,,0.0,,False,,,7.0,56,0.14285714285714285,0.14285714285714285,0.14285714285714285,0.14285714285714285,0.14285714285714285,0.14285714285714285,0.14285714285714285,1.0357733081792009,1.0341142880338432,1.0231835256931106,0.9411956876837635,1.048016701461378,0.9239052404881549,1.0130736392742796
equal_weight,42,16,96952.6668122587,-0.0634514593690152,-0.0634514593690152,-0.06927050558338574,-0.0314311435459762,0.07649388573482678,0.0,0.0,0.0,0.0,1.0,1.0,,0.0,,False,,,7.0,57,0.14285714285714285,0.14285714285714285,0.14285714285714285,0.14285714285714285,0.14285714285714285,0.14285714285714285,0.14285714285714285,0.9120432847339066,0.8673832471904358,0.9509451683395475,0.9694550503297468,0.9555112881806108,0.8717948717948719,1.0287068738477745
equal_weight,42,17,97067.9637756384,0.0011892087878611068,0.0011892087878611068,-0.0039584869791686175,-0.030206013501413054,0.10367234047463533,0.0,0.0,0.0,0.0,1.0,1.0,,0.0,,False,,,7.0,58,0.14285714285714285,0.14285714285714285,0.14285714285714285,0.14285714285714285,0.14285714285714285,0.14285714285714285,0.14285714285714285,1.0000531712757406,0.9794685529360748,1.000391488535496,0.999641962047977,1.0055594162612926,1.0401069518716577,0.9831029185867896
equal_weight,42,18,97623.18892507783,0.005719962877997142,0.005719962877997142,0.0023013965139636167,-0.02434678790042688,0.07115658174045113,0.0,0.0,0.0,0.0,1.0,1.0,,0.0,,False,,,7.0,59,0.14285714285714285,0.14285714285714285,0.14285714285714285,0.14285714285714285,0.14285714285714285,0.14285714285714285,0.14285714285714285,0.9160800047452287,0.912869623396696,0.9328680427305247,1.0992120343839542,1.0241879751209397,1.1696658097686377,0.9851562499999998
equal_weight,42,19,99191.2213465284,0.016062089742366226,0.016062089742366226,0.01233711334923274,-0.008153732180049555,0.07711884742289171,0.0,0.0,0.0,0.0,1.0,1.0,,0.0,,False,,,7.0,60,0.14285714285714285,0.14285714285714285,0.14285714285714285,0.14285714285714285,0.14285714285714285,0.14285714285714285,0.14285714285714285,1.0911163764566931,1.1234912300099247,1.0672516751244587,0.9214727924405344,0.9787449392712549,0.9501831501831501,0.9801744647105474
equal_weight,42,20,96982.30026184618,-0.022269320356135935,-0.022269320356135935,-0.02705113418156506,-0.03111598436009677,0.08177764003035684,0.0,0.0,0.0,0.0,1.0,1.0,,0.0,,False,,,7.0,61,0.14285714285714285,0.14285714285714285,0.14285714285714285,0.14285714285714285,0.14285714285714285,0.14285714285714285,0.14285714285714285,0.9575598807831897,0.9536357930098714,0.9593638617140574,0.9904526166902407,1.019303688383316,0.9602929838087895,1.0035059331175835
equal_weight,42,21,90864.07844667706,-0.06308596309481518,-0.06308596309481518,-0.0728663491165824,-0.1005449206056086,0.06874825742141127,0.0,0.0,0.0,0.0,1.0,1.0,,0.0,,False,,,7.0,62,0.14285714285714285,0.14285714285714285,0.14285714285714285,0.14285714285714285,0.14285714285714285,0.14285714285714285,0.14285714285714285,0.906604323640961,0.8950099292047539,0.9116191074982402,0.9460906818993214,1.0010145417653027,0.8916097952629467,1.0064498790647676
equal_weight,42,22,91706.7457433902,0.00927393213158112,0.00927393213158112,0.006598713123655082,-0.09043232522736777,0.07027764509171494,0.0,0.0,0.0,0.0,1.0,1.0,,0.0,,False,,,7.0,63,0.14285714285714285,0.14285714285714285,0.14285714285714285,0.14285714285714285,0.14285714285714285,0.14285714285714285,0.14285714285714285,1.0798634244603893,1.039007305019145,1.1395080340749941,0.8803773584905662,0.9280405405405406,0.9914452949122017,1.0066755674232308
equal_weight,42,23,97606.03800254092,0.06432778975341535,0.06432778975341535,0.061734183346906134,-0.024526781810329634,0.08342720140264007,0.0,0.0,0.0,0.0,1.0,1.0,,0.0,,False,,,7.0,64,0.14285714285714285,0.14285714285714285,0.14285714285714285,0.14285714285714285,0.14285714285714285,0.14285714285714285,0.14285714285714285,1.0537528861202778,1.0436698440150798,1.056726336776278,1.1337333904843547,1.097196942118675,1.0286103542234333,1.0366047745358091
equal_weight,42,24,94521.67672874825,-0.03160010729779217,-0.03160010729779217,-0.03766406293092705,-0.05795838013933108,0.08464929203851207,0.0,0.0,0.0,0.0,1.0,1.0,,0.0,,False,,,7.0,65,0.14285714285714285,0.14285714285714285,0.14285714285714285,0.14285714285714285,0.14285714285714285,0.14285714285714285,0.14285714285714285,0.9410285276370367,0.912668726840604,0.9582963540708176,1.0015122873345936,0.9499004644990046,1.0061810154525386,1.00921187308086
equal_weight,43,1,100277.37442686578,0.0027737442686577296,0.0027737442686577296,-0.0011414328379862788,0.0027660718925989203,0.07815009461170398,0.0,0.0,0.0,0.0,1.0,1.0,,0.0,,False,,,7.0,43,0.14285714285714285,0.14285714285714285,0.14285714285714285,0.14285714285714285,0.14285714285714285,0.14285714285714285,0.14285714285714285,1.026091448048592,1.0093070419373205,1.0316766856435173,1.0105291576673865,1.057337610264635,0.9290194783757015,0.9554547879434515
equal_weight,43,2,100424.26669846651,0.001464859570170285,0.001464859570170285,-0.00204585663739224,0.00422474280783558,0.07009055105257798,0.0,0.0,0.0,0.0,1.0,1.0,,0.0,,False,,,7.0,44,0.14285714285714285,0.14285714285714285,0.14285714285714285,0.14285714285714285,0.14285714285714285,0.14285714285714285,0.14285714285714285,1.0424386351216453,1.004133253410209,1.0662471630729378,0.9422922789206518,1.0401971937808114,0.9470504619758351,0.9678950307091011
equal_weight,43,3,104512.4515642685,0.04070913336193094,0.04070913336193094,0.035135379003453725,0.0431762100757308,0.07632176528883,0.0,0.0,0.0,0.0,1.0,1.0,,0.0,,False,,,7.0,45,0.14285714285714285,0.14285714285714285,0.14285714285714285,0.14285714285714285,0.14285714285714285,0.14285714285714285,0.14285714285714285,1.0524253138754247,1.054036194252693,1.0270848634564504,0.9872412815423873,1.0051039008384979,1.121575984990619,1.0374963945774445
equal_weight,43,4,107033.2926954431,0.02412000764927469,0.02412000764927469,0.019255959859194965,0.06571126159274499,0.06558183315638431,0.0,0.0,0.0,0.0,1.0,1.0,,0.0,,False,,,7.0,46,0.14285714285714285,0.14285714285714285,0.14285714285714285,0.14285714285714285,0.14285714285714285,0.14285714285714285,0.14285714285714285,1.0054865027130322,0.9846774920370601,1.0193239990459473,1.0485353245261344,1.019949220166848,1.0441619270659084,1.0467055879899918
equal_weight,43,5,108222.48694546985,0.011110507955786497,0.011110507955786497,0.006984317950390644,0.07597761960148752,0.06564080116703787,0.0,0.0,0.0,0.0,1.0,1.0,,0.0,,False,,,7.0,47,0.14285714285714285,0.14285714285714285,0.14285714285714285,0.14285714285714285,0.14285714285714285,0.14285714285714285,0.14285714285714285,1.0222140006378042,1.054929753081416,0.9992198688185272,0.9627499315256095,1.0142247510668565,1.0807433514899072,0.9436918990703851
equal_weight,43,6,107503.43887575195,-0.0066441650900168625,-0.0066441650900168625,-0.009571868811950775,0.06979719862193545,0.06782895664797409,0.0,0.0,0.0,0.0,1.0,1.0,,0.0,,False,,,7.0,48,0.14285714285714285,0.14285714285714285,0.14285714285714285,0.14285714285714285,0.14285714285714285,0.14285714285714285,0.14285714285714285,1.022748062827226,1.0116330078314992,1.0125485675873276,0.8998577524893313,0.9817671809256661,0.9866587607471095,1.0382775119617225
equal_weight,43,7,109229.80759763041,0.01605873021302817,0.01605873021302817,0.011167906030721946,0.08449898247216758,0.07067755639020369,0.0,0.0,0.0,0.0,1.0,1.0,,0.0,,False,,,7.0,49,0.14285714285714285,0.14285714285714285,0.14285714285714285,0.14285714285714285,0.14285714285714285,0.14285714285714285,0.14285714285714285,1.028990413717977,1.0399761864870785,1.0121727778274432,0.9920961112867532,1.1142857142857145,0.933293269230769,0.9915966386554621
equal_weight,43,8,106889.80969635244,-0.021422704596329667,-0.021422704596329667,-0.023971724656159786,0.06445712379809354,0.07859731964171485,0.0,0.0,0.0,0.0,1.0,1.0,,0.0,,False,,,7.0,50,0.14285714285714285,0.14285714285714285,0.14285714285714285,0.14285714285714285,0.14285714285714285,0.14285714285714285,0.14285714285714285,0.9524308174608502,0.9468745137780623,0.9571047153564893,1.0296367112810707,0.9903846153846152,1.0135222150676113,0.9600874794969929
equal_weight,43,9,109841.65559871627,0.02761578405602272,0.02761578405602272,0.02183978059335802,0.0895985730101404,0.0660333723737769,0.0,0.0,0.0,0.0,1.0,1.0,,0.0,,False,,,7.0,51,0.14285714285714285,0.14285714285714285,0.14285714285714285,0.14285714285714285,0.14285714285714285,0.14285714285714285,0.14285714285714285,1.0691438500861281,1.0726581795633896,1.0583749337868538,1.0225936242649336,0.9190938511326862,1.0320838627700126,1.019362186788155
equal_weight,43,10,108864.25349323911,-0.00889828271569304,-0.00889828271569304,-0.011986347185248112,0.08142483146489976,0.07625211280014939,0.0,0.0,0.0,0.0,1.0,1.0,,0.0,,False,,,7.0,52,0.14285714285714285,0.14285714285714285,0.14285714285714285,0.14285714285714285,0.14285714285714285,0.14285714285714285,0.14285714285714285,0.9916662901143084,1.0025358571630094,0.9627064136965677,0.9576271186440679,0.9838028169014084,1.0421668205601724,0.9972067039106144
equal_weight,43,11,110801.92941421503,0.017799009856768633,0.017799009856768633,0.012644451303316945,0.0974886400563818,0.06838714576330195,0.0,0.0,0.0,0.0,1.0,1.0,,0.0,,False,,,7.0,53,0.14285714285714285,0.14285714285714285,0.14285714285714285,0.14285714285714285,0.14285714285714285,0.14285714285714285,0.14285714285714285,1.0436129187650538,1.0069045203783964,1.0537813804467038,1.0290771175726925,1.0293486041517539,0.9503839338452451,1.0114845938375352
equal_weight,43,12,103148.85764076315,-0.06906984214004175,-0.06906984214004175,-0.07049017260876204,0.030527314725381616,0.07057694555523719,0.0,0.0,0.0,0.0,1.0,1.0,,0.0,,False,,,7.0,54,0.14285714285714285,0.14285714285714285,0.14285714285714285,0.14285714285714285,0.14285714285714285,0.14285714285714285,0.14285714285714285,0.9298536593307981,0.8801916899722919,0.9556161965613983,0.9324324324324325,0.9551460361613352,0.8760099440646364,0.9872611464968152
equal_weight,43,13,103968.88165029325,0.007949908785088056,0.007949908785088056,0.003865797356671901,0.03817374571405774,0.07561267264008444,0.0,0.0,0.0,0.0,1.0,1.0,,0.0,,False,,,7.0,55,0.14285714285714285,0.14285714285714285,0.14285714285714285,0.14285714285714285,0.14285714285714285,0.14285714285714285,0.14285714285714285,0.9869331771848514,0.9986076251350232,0.9760156672096543,1.0082345191040842,1.0462322533673099,0.9882937211777227,1.0513323983169707
equal_weight,43,14,104254.98011183816,0.0027517701162471653,0.0027517701162471653,-0.0003357688218035234,0.04081320726620141,0.05950460747894394,0.0,0.0,0.0,0.0,1.0,1.0,,0.0,,False,,,7.0,56,0.14285714285714285,0.14285714285714285,0.14285714285714285,0.14285714285714285,0.14285714285714285,0.14285714285714285,0.14285714285714285,1.0357733081792009,1.0341142880338432,1.0231835256931106,0.9411956876837635,1.048016701461378,0.9239052404881549,1.0130736392742796
equal_weight,43,15,97639.84947725438,-0.0634514593690152,-0.0634514593690152,-0.0687814120517781,-0.024172000831437446,0.07592407908278465,0.0,0.0,0.0,0.0,1.0,1.0,,0.0,,False,,,7.0,57,0.14285714285714285,0.14285714285714285,0.14285714285714285,0.14285714285714285,0.14285714285714285,0.14285714285714285,0.14285714285714285,0.9120432847339066,0.8673832471904358,0.9509451683395475,0.9694550503297468,0.9555112881806108,0.8717948717948719,1.0287068738477745
equal_weight,43,16,97755.96364429817,0.0011892087878611068,0.0011892087878611068,-0.0028456176494925716,-0.022955493169369623,0.08124250623120789,0.0,0.0,0.0,0.0,1.0,1.0,,0.0,,False,,,7.0,58,0.14285714285714285,0.14285714285714285,0.14285714285714285,0.14285714285714285,0.14285714285714285,0.14285714285714285,0.14285714285714285,1.0000531712757406,0.9794685529360748,1.000391488535496,0.999641962047977,1.0055594162612926,1.0401069518716577,0.9831029185867896
equal_weight,43,17,98315.1241274464,0.005719962877997142,0.005719962877997142,0.0030281503760882975,-0.017137504402369386,0.05579676781823879,0.0,0.0,0.0,0.0,1.0,1.0,,0.0,,False,,,7.0,59,0.14285714285714285,0.14285714285714285,0.14285714285714285,0.14285714285714285,0.14285714285714285,0.14285714285714285,0.14285714285714285,0.9160800047452287,0.912869623396696,0.9328680427305247,1.0992120343839542,1.0241879751209397,1.1696658097686377,0.9851562499999998
equal_weight,43,18,99894.27047421332,0.016062089742366226,0.016062089742366226,0.012271361408717539,-0.001058414314302203,0.07615457358699287,0.0,0.0,0.0,0.0,1.0,1.0,,0.0,,False,,,7.0,60,0.14285714285714285,0.14285714285714285,0.14285714285714285,0.14285714285714285,0.14285714285714285,0.14285714285714285,0.14285714285714285,1.0911163764566931,1.1234912300099247,1.0672516751244587,0.9214727924405344,0.9787449392712549,0.9501831501831501,0.9801744647105474
equal_weight,43,19,97669.69296328057,-0.022269320356135935,-0.022269320356135935,-0.027055066270403987,-0.023859059714619102,0.08508841740174176,0.0,0.0,0.0,0.0,1.0,1.0,,0.0,,False,,,7.0,61,0.14285714285714285,0.14285714285714285,0.14285714285714285,0.14285714285714285,0.14285714285714285,0.14285714285714285,0.14285714285714285,0.9575598807831897,0.9536357930098714,0.9593638617140574,0.9904526166902407,1.019303688383316,0.9602929838087895,1.0035059331175835
equal_weight,43,20,91508.10631751711,-0.06308596309481518,-0.06308596309481518,-0.07274895707877353,-0.09279935979679776,0.07617313993189746,0.0,0.0,0.0,0.0,1.0,1.0,,0.0,,False,,,7.0,62,0.14285714285714285,0.14285714285714285,0.14285714285714285,0.14285714285714285,0.14285714285714285,0.14285714285714285,0.14285714285714285,0.906604323640961,0.8950099292047539,0.9116191074982402,0.9460906818993214,1.0010145417653027,0.8916097952629467,1.0064498790647676
equal_weight,43,21,92356.74628499527,0.00927393213158112,0.00927393213158112,0.006100839567603473,-0.08275793618171767,0.07881168094953236,0.0,0.0,0.0,0.0,1.0,1.0,,0.0,,False,,,7.0,63,0.14285714285714285,0.14285714285714285,0.14285714285714285,0.14285714285714285,0.14285714285714285,0.14285714285714285,0.14285714285714285,1.0798634244603893,1.039007305019145,1.1395080340749941,0.8803773584905662,0.9280405405405406,0.9914452949122017,1.0066755674232308
equal_weight,43,22,98297.85164232597,0.06432778975341535,0.06432778975341535,0.06151453641124446,-0.017316231527293224,0.07854336486359986,0.0,0.0,0.0,0.0,1.0,1.0,,0.0,,False,,,7.0,64,0.14285714285714285,0.14285714285714285,0.14285714285714285,0.14285714285714285,0.14285714285714285,0.14285714285714285,0.14285714285714285,1.0537528861202778,1.0436698440150798,1.056726336776278,1.1337333904843547,1.097196942118675,1.0286103542234333,1.0366047745358091
equal_weight,43,23,95191.62898328602,-0.03160010729779217,-0.03160010729779217,-0.03764552806851482,-0.05051254052557752,0.08898438140461051,0.0,0.0,0.0,0.0,1.0,1.0,,0.0,,False,,,7.0,65,0.14285714285714285,0.14285714285714285,0.14285714285714285,0.14285714285714285,0.14285714285714285,0.14285714285714285,0.14285714285714285,0.9410285276370367,0.912668726840604,0.9582963540708176,1.0015122873345936,0.9499004644990046,1.0061810154525386,1.00921187308086
equal_weight,43,24,100132.08637455292,0.051900124454581587,0.051900124454581587,0.04876612547535211,0.001319121365941034,0.061310728323328775,0.0,0.0,0.0,0.0,1.0,1.0,,0.0,,False,,,7.0,66,0.14285714285714285,0.14285714285714285,0.14285714285714285,0.14285714285714285,0.14285714285714285,0.14285714285714285,0.14285714285714285,1.0617528584451108,1.1068239035899863,1.0283217793331279,1.064175160437901,0.9811386657352429,1.100043878894252,1.0210446247464502
equal_weight,44,1,100146.48595701702,0.001464859570170285,0.001464859570170285,-0.002414090993261771,0.0014627168953277314,0.07753615777179004,0.0,0.0,0.0,0.0,1.0,1.0,,0.0,,False,,,7.0,44,0.14285714285714285,0.14285714285714285,0.14285714285714285,0.14285714285714285,0.14285714285714285,0.14285714285714285,0.14285714285714285,1.0424386351216453,1.004133253410209,1.0662471630729378,0.9422922789206518,1.0401971937808114,0.9470504619758351,0.9678950307091011
equal_weight,44,2,104223.36260956997,0.04070913336193094,0.04070913336193094,0.03493752206951162,0.040522225572313,0.082439732149473,0.0,0.0,0.0,0.0,1.0,1.0,,0.0,,False,,,7.0,45,0.14285714285714285,0.14285714285714285,0.14285714285714285,0.14285714285714285,0.14285714285714285,0.14285714285714285,0.14285714285714285,1.0524253138754247,1.054036194252693,1.0270848634564504,0.9872412815423873,1.0051039008384979,1.121575984990619,1.0374963945774445
equal_weight,44,3,106737.23091294593,0.02412000764927469,0.02412000764927469,0.019212487563434827,0.06311978355931647,0.06770140847137286,0.0,0.0,0.0,0.0,1.0,1.0,,0.0,,False,,,7.0,46,0.14285714285714285,0.14285714285714285,0.14285714285714285,0.14285714285714285,0.14285714285714285,0.14285714285714285,0.14285714285714285,1.0054865027130322,0.9846774920370601,1.0193239990459473,1.0485353245261344,1.019949220166848,1.0441619270659084,1.0467055879899918
equal_weight,44,4,107923.13576618284,0.011110507955786497,0.011110507955786497,0.007218517732523372,0.07341461781974568,0.06152633055811674,0.0,0.0,0.0,0.0,1.0,1.0,,0.0,,False,,,7.0,47,0.14285714285714285,0.14285714285714285,0.14285714285714285,0.14285714285714285,0.14285714285714285,0.14285714285714285,0.14285714285714285,1.0222140006378042,1.054929753081416,0.9992198688185272,0.9627499315256095,1.0142247510668565,1.0807433514899072,0.9436918990703851
equal_weight,44,5,107206.07663512001,-0.0066441650900168625,-0.0066441650900168625,-0.009423297552970502,0.06721705393292365,0.06451467332296959,0.0,0.0,0.0,0.0,1.0,1.0,,0.0,,False,,,7.0,48,0.14285714285714285,0.14285714285714285,0.14285714285714285,0.14285714285714285,0.14285714285714285,0.14285714285714285,0.14285714285714285,1.022748062827226,1.0116330078314992,1.0125485675873276,0.8998577524893313,0.9817671809256661,0.9866587607471095,1.0382775119617225
equal_weight,44,6,108927.67009700063,0.01605873021302817,0.01605873021302817,0.011469891327132772,0.08195961677184971,0.06545343023586567,0.0,0.0,0.0,0.0,1.0,1.0,,0.0,,False,,,7.0,49,0.14285714285714285,0.14285714285714285,0.14285714285714285,0.14285714285714285,0.14285714285714285,0.14285714285714285,0.14285714285714285,1.028990413717977,1.0399761864870785,1.0121727778274432,0.9920961112867532,1.1142857142857145,0.933293269230769,0.9915966386554621
equal_weight,44,7,106594.14479814614,-0.021422704596329667,-0.021422704596329667,-0.023730635598494042,0.06186216710714498,0.07266371867578635,0.0,0.0,0.0,0.0,1.0,1.0,,0.0,,False,,,7.0,50,0.14285714285714285,0.14285714285714285,0.14285714285714285,0.14285714285714285,0.14285714285714285,0.14285714285714285,0.14285714285714285,0.9524308174608502,0.9468745137780623,0.9571047153564893,1.0296367112810707,0.9903846153846152,1.0135222150676113,0.9600874794969929
equal_weight,44,8,109537.82568252816,0.02761578405602272,0.02761578405602272,0.021810581861845823,0.08707335226984969,0.06801206601717767,0.0,0.0,0.0,0.0,1.0,1.0,,0.0,,False,,,7.0,51,0.14285714285714285,0.14285714285714285,0.14285714285714285,0.14285714285714285,0.14285714285714285,0.14285714285714285,0.14285714285714285,1.0691438500861281,1.0726581795633896,1.0583749337868538,1.0225936242649336,0.9190938511326862,1.0320838627700126,1.019362186788155
equal_weight,44,9,108563.12714154272,-0.00889828271569304,-0.00889828271569304,-0.012234937976810356,0.07887693885584435,0.08077049125610024,0.0,0.0,0.0,0.0,1.0,1.0,,0.0,,False,,,7.0,52,0.14285714285714285,0.14285714285714285,0.14285714285714285,0.14285714285714285,0.14285714285714285,0.14285714285714285,0.14285714285714285,0.9916662901143084,1.0025358571630094,0.9627064136965677,0.9576271186440679,0.9838028169014084,1.0421668205601724,0.9972067039106144
equal_weight,44,10,110495.44331161666,0.017799009856768633,0.017799009856768633,0.012376680262228669,0.09498530434433994,0.07463370452533843,0.0,0.0,0.0,0.0,1.0,1.0,,0.0,,False,,,7.0,53,0.14285714285714285,0.14285714285714285,0.14285714285714285,0.14285714285714285,0.14285714285714285,0.14285714285714285,0.14285714285714285,1.0436129187650538,1.0069045203783964,1.0537813804467038,1.0290771175726925,1.0293486041517539,0.9503839338452451,1.0114845938375352
equal_weight,44,11,102863.54048488937,-0.06906984214004175,-0.06906984214004175,-0.07047816494579909,0.02783824542098101,0.06662212044880332,0.0,0.0,0.0,0.0,1.0,1.0,,0.0,,False,,,7.0,54,0.14285714285714285,0.14285714285714285,0.14285714285714285,0.14285714285714285,0.14285714285714285,0.14285714285714285,0.14285714285714285,0.9298536593307981,0.8801916899722919,0.9556161965613983,0.9324324324324325,0.9551460361613352,0.8760099440646364,0.9872611464968152
equal_weight,44,12,103681.29624905545,0.007949908785088056,0.007949908785088056,0.003708778784745584,0.03550588565378765,0.07917722896122109,0.0,0.0,0.0,0.0,1.0,1.0,,0.0,,False,,,7.0,55,0.14285714285714285,0.14285714285714285,0.14285714285714285,0.14285714285714285,0.14285714285714285,0.14285714285714285,0.14285714285714285,0.9869331771848514,0.9986076251350232,0.9760156672096543,1.0082345191040842,1.0462322533673099,0.9882937211777227,1.0513323983169707
equal_weight,44,13,103966.60334168737,0.0027517701162471653,0.0027517701162471653,-0.0011871263492581395,0.03815266839728415,0.0766781818550928,0.0,0.0,0.0,0.0,1.0,1.0,,0.0,,False,,,7.0,56,0.14285714285714285,0.14285714285714285,0.14285714285714285,0.14285714285714285,0.14285714285714285,0.14285714285714285,0.14285714285714285,1.0357733081792009,1.0341142880338432,1.0231835256931106,0.9411956876837635,1.048016701461378,0.9239052404881549,1.0130736392742796
equal_weight,44,14,97369.77063401777,-0.0634514593690152,-0.0634514593690152,-0.06922816872457344,-0.0270127920488632,0.0812541655685218,0.0,0.0,0.0,0.0,1.0,1.0,,0.0,,False,,,7.0,57,0.14285714285714285,0.14285714285714285,0.14285714285714285,0.14285714285714285,0.14285714285714285,0.14285714285714285,0.14285714285714285,0.9120432847339066,0.8673832471904358,0.9509451683395475,0.9694550503297468,0.9555112881806108,0.8717948717948719,1.0287068738477745
equal_weight,44,15,97485.56362092776,0.0011892087878611068,0.0011892087878611068,-0.0026750069501547454,-0.02579291010564,0.0778977778675589,0.0,0.0,0.0,0.0,1.0,1.0,,0.0,,False,,,7.0,58,0.14285714285714285,0.14285714285714285,0.14285714285714285,0.14285714285714285,0.14285714285714285,0.14285714285714285,0.14285714285714285,1.0000531712757406,0.9794685529360748,1.000391488535496,0.999641962047977,1.0055594162612926,1.0401069518716577,0.9831029185867896
equal_weight,44,16,98043.17742598009,0.005719962877997142,0.005719962877997142,0.002043265436296665,-0.019958783725642304,0.0758172188740206,0.0,0.0,0.0,0.0,1.0,1.0,,0.0,,False,,,7.0,59,0.14285714285714285,0.14285714285714285,0.14285714285714285,0.14285714285714285,0.14285714285714285,0.14285714285714285,0.14285714285714285,0.9160800047452287,0.912869623396696,0.9328680427305247,1.0992120343839542,1.0241879751209397,1.1696658097686377,0.9851562499999998
equal_weight,44,17,99617.95574042291,0.016062089742366226,0.016062089742366226,0.012063316423308667,-0.0038350943535980786,0.08120745897471116,0.0,0.0,0.0,0.0,1.0,1.0,,0.0,,False,,,7.0,60,0.14285714285714285,0.14285714285714285,0.14285714285714285,0.14285714285714285,0.14285714285714285,0.14285714285714285,0.14285714285714285,1.0911163764566931,1.1234912300099247,1.0672516751244587,0.9214727924405344,0.9787449392712549,0.9501831501831501,0.9801744647105474
equal_weight,44,18,97399.53157081606,-0.022269320356135935,-0.022269320356135935,-0.02699652665956561,-0.02669898291341588,0.08265276199495616,0.0,0.0,0.0,0.0,1.0,1.0,,0.0,,False,,,7.0,61,0.14285714285714285,0.14285714285714285,0.14285714285714285,0.14285714285714285,0.14285714285714285,0.14285714285714285,0.14285714285714285,0.9575598807831897,0.9536357930098714,0.9593638617140574,0.9904526166902407,1.019303688383316,0.9602929838087895,1.0035059331175835
equal_weight,44,19,91254.98831668728,-0.06308596309481518,-0.06308596309481518,-0.07297786438868015,-0.09583050575782681,0.07692683088538438,0.0,0.0,0.0,0.0,1.0,1.0,,0.0,,False,,,7.0,62,0.14285714285714285,0.14285714285714285,0.14285714285714285,0.14285714285714285,0.14285714285714285,0.14285714285714285,0.14285714285714285,0.906604323640961,0.8950099292047539,0.9116191074982402,0.9460906818993214,1.0010145417653027,0.8916097952629467,1.0064498790647676
equal_weight,44,20,92101.28088500447,0.00927393213158112,0.00927393213158112,0.006221922437263702,-0.08576122980154532,0.0769470703803557,0.0,0.0,0.0,0.0,1.0,1.0,,0.0,,False,,,7.0,63,0.14285714285714285,0.14285714285714285,0.14285714285714285,0.14285714285714285,0.14285714285714285,0.14285714285714285,0.14285714285714285,1.0798634244603893,1.039007305019145,1.1395080340749941,0.8803773584905662,0.9280405405405406,0.9914452949122017,1.0066755674232308
equal_weight,44,21,98025.95271779528,0.06432778975341535,0.06432778975341535,0.0609701898850881,-0.0201380065939043,0.09306066645105848,0.0,0.0,0.0,0.0,1.0,1.0,,0.0,,False,,,7.0,64,0.14285714285714285,0.14285714285714285,0.14285714285714285,0.14285714285714285,0.14285714285714285,0.14285714285714285,0.14285714285714285,1.0537528861202778,1.0436698440150798,1.056726336776278,1.1337333904843547,1.097196942118675,1.0286103542234333,1.0366047745358091
equal_weight,44,22,94928.32209394465,-0.03160010729779217,-0.03160010729779217,-0.03717998554326749,-0.05342639366401336,0.07783196946316863,0.0,0.0,0.0,0.0,1.0,1.0,,0.0,,False,,,7.0,65,0.14285714285714285,0.14285714285714285,0.14285714285714285,0.14285714285714285,0.14285714285714285,0.14285714285714285,0.14285714285714285,0.9410285276370367,0.912668726840604,0.9582963540708176,1.0015122873345936,0.9499004644990046,1.0061810154525386,1.00921187308086
equal_weight,44,23,99855.11382488497,0.051900124454581587,0.051900124454581587,0.047920213149130066,-0.0014509639973883104,0.0811043303498997,0.0,0.0,0.0,0.0,1.0,1.0,,0.0,,False,,,7.0,66,0.14285714285714285,0.14285714285714285,0.14285714285714285,0.14285714285714285,0.14285714285714285,0.14285714285714285,0.14285714285714285,1.0617528584451108,1.1068239035899863,1.0283217793331279,1.064175160437901,0.9811386657352429,1.100043878894252,1.0210446247464502
equal_weight,44,24,97774.73218996212,-0.02083400193775964,-0.02083400193775964,-0.02490255439548328,-0.022759129687151658,0.07188777411439864,0.0,0.0,0.0,0.0,1.0,1.0,,0.0,,False,,,7.0,67,0.14285714285714285,0.14285714285714285,0.14285714285714285,0.14285714285714285,0.14285714285714285,0.14285714285714285,0.14285714285714285,0.9738875049333385,0.9888637987703586,0.9580667059670183,0.9741042923022349,1.0316838732645068,0.9409652971679298,0.9865905140302956
equal_weight,45,1,104070.91333619309,0.04070913336193094,0.04070913336193094,0.0357424075595811,0.039116725372077,0.067486356249918,0.0,0.0,0.0,0.0,1.0,1.0,,0.0,,False,,,7.0,45,0.14285714285714285,0.14285714285714285,0.14285714285714285,0.14285714285714285,0.14285714285714285,0.14285714285714285,0.14285714285714285,1.0524253138754247,1.054036194252693,1.0270848634564504,0.9872412815423873,1.0051039008384979,1.121575984990619,1.0374963945774445
equal_weight,45,2,106581.10456192907,0.02412000764927469,0.02412000764927469,0.018949410084495036,0.061747385608160066,0.07362500303176063,0.0,0.0,0.0,0.0,1.0,1.0,,0.0,,False,,,7.0,46,0.14285714285714285,0.14285714285714285,0.14285714285714285,0.14285714285714285,0.14285714285714285,0.14285714285714285,0.14285714285714285,1.0054865027130322,0.9846774920370601,1.0193239990459473,1.0485353245261344,1.019949220166848,1.0441619270659084,1.0467055879899918
equal_weight,45,3,107765.2747721009,0.011110507955786497,0.011110507955786497,0.006516740553121609,0.07205730035507907,0.07586348387594787,0.0,0.0,0.0,0.0,1.0,1.0,,0.0,,False,,,7.0,47,0.14285714285714285,0.14285714285714285,0.14285714285714285,0.14285714285714285,0.14285714285714285,0.14285714285714285,0.14285714285714285,1.0222140006378042,1.054929753081416,0.9992198688185272,0.9627499315256095,1.0142247510668565,1.0807433514899072,0.9436918990703851
equal_weight,45,4,107049.26449554402,-0.0066441650900168625,-0.0066441650900168625,-0.00931243694561462,0.06585065790748568,0.06211588996042456,0.0,0.0,0.0,0.0,1.0,1.0,,0.0,,False,,,7.0,48,0.14285714285714285,0.14285714285714285,0.14285714285714285,0.14285714285714285,0.14285714285714285,0.14285714285714285,0.14285714285714285,1.022748062827226,1.0116330078314992,1.0125485675873276,0.8998577524893313,0.9817671809256661,0.9866587607471095,1.0382775119617225
equal_weight,45,5,108768.33975358105,0.01605873021302817,0.01605873021302817,0.011097787541541004,0.08061481653067482,0.07332742163296267,0.0,0.0,0.0,0.0,1.0,1.0,,0.0,,False,,,7.0,49,0.14285714285714285,0.14285714285714285,0.14285714285714285,0.14285714285714285,0.14285714285714285,0.14285714285714285,0.14285714285714285,1.028990413717977,1.0399761864870785,1.0121727778274432,0.9920961112867532,1.1142857142857145,0.933293269230769,0.9915966386554621
equal_weight,45,6,106438.22774160687,-0.021422704596329667,-0.021422704596329667,-0.023972471627943533,0.06048792692449312,0.0769116404352367,0.0,0.0,0.0,0.0,1.0,1.0,,0.0,,False,,,7.0,50,0.14285714285714285,0.14285714285714285,0.14285714285714285,0.14285714285714285,0.14285714285714285,0.14285714285714285,0.14285714285714285,0.9524308174608502,0.9468745137780623,0.9571047153564893,1.0296367112810707,0.9903846153846152,1.0135222150676113,0.9600874794969929
equal_weight,45,7,109377.60285422485,0.02761578405602272,0.02761578405602272,0.021578377442615967,0.08573604293305848,0.07339477131898783,0.0,0.0,0.0,0.0,1.0,1.0,,0.0,,False,,,7.0,51,0.14285714285714285,0.14285714285714285,0.14285714285714285,0.14285714285714285,0.14285714285714285,0.14285714285714285,0.14285714285714285,1.0691438500861281,1.0726581795633896,1.0583749337868538,1.0225936242649336,0.9190938511326862,1.0320838627700126,1.019362186788155
equal_weight,45,8,108404.33002126317,-0.00889828271569304,-0.00889828271569304,-0.012137816807576925,0.07752762292442272,0.07858793597882342,0.0,0.0,0.0,0.0,1.0,1.0,,0.0,,False,,,7.0,52,0.14285714285714285,0.14285714285714285,0.14285714285714285,0.14285714285714285,0.14285714285714285,0.14285714285714285,0.14285714285714285,0.9916662901143084,1.0025358571630094,0.9627064136965677,0.9576271186440679,0.9838028169014084,1.0421668205601724,0.9972067039106144
equal_weight,45,9,110333.81975982804,0.017799009856768633,0.017799009856768633,0.013005093697801232,0.09365958490626392,0.06253736568079918,0.0,0.0,0.0,0.0,1.0,1.0,,0.0,,False,,,7.0,53,0.14285714285714285,0.14285714285714285,0.14285714285714285,0.14285714285714285,0.14285714285714285,0.14285714285714285,0.14285714285714285,1.0436129187650538,1.0069045203783964,1.0537813804467038,1.0290771175726925,1.0293486041517539,0.9503839338452451,1.0114845938375352
equal_weight,45,10,102713.08024630889,-0.06906984214004175,-0.06906984214004175,-0.0704818101764392,0.02641416497103244,0.06472780482415443,0.0,0.0,0.0,0.0,1.0,1.0,,0.0,,False,,,7.0,54,0.14285714285714285,0.14285714285714285,0.14285714285714285,0.14285714285714285,0.14285714285714285,0.14285714285714285,0.14285714285714285,0.9298536593307981,0.8801916899722919,0.9556161965613983,0.9324324324324325,0.9551460361613352,0.8760099440646364,0.9872611464968152
equal_weight,45,11,103529.63986530248,0.007949908785088056,0.007949908785088056,0.0036276129749462796,0.03409303722001478,0.08102518548072117,0.0,0.0,0.0,0.0,1.0,1.0,,0.0,,False,,,7.0,55,0.14285714285714285,0.14285714285714285,0.14285714285714285,0.14285714285714285,0.14285714285714285,0.14285714285714285,0.14285714285714285,0.9869331771848514,0.9986076251350232,0.9760156672096543,1.0082345191040842,1.0462322533673099,0.9882937211777227,1.0513323983169707
equal_weight,45,12,103814.52963442965,0.0027517701162471653,0.0027517701162471653,-0.0007513943815950562,0.036743697128543196,0.0680410858024695,0.0,0.0,0.0,0.0,1.0,1.0,,0.0,,False,,,7.0,56,0.14285714285714285,0.14285714285714285,0.14285714285714285,0.14285714285714285,0.14285714285714285,0.14285714285714285,0.14285714285714285,1.0357733081792009,1.0341142880338432,1.0231835256931106,0.9411956876837635,1.048016701461378,0.9239052404881549,1.0130736392742796
equal_weight,45,13,97227.34622541722,-0.0634514593690152,-0.0634514593690152,-0.06976693163970243,-0.028517221565983242,0.09012025890351996,0.0,0.0,0.0,0.0,1.0,1.0,,0.0,,False,,,7.0,57,0.14285714285714285,0.14285714285714285,0.14285714285714285,0.14285714285714285,0.14285714285714285,0.14285714285714285,0.14285714285714285,0.9120432847339066,0.8673832471904358,0.9509451683395475,0.9694550503297468,0.9555112881806108,0.8717948717948719,1.0287068738477745
equal_weight,45,14,97342.9698399689,0.0011892087878611068,0.0011892087878611068,-0.0025131450638201224,-0.027295552667020884,0.0746962792556496,0.0,0.0,0.0,0.0,1.0,1.0,,0.0,,False,,,7.0,58,0.14285714285714285,0.14285714285714285,0.14285714285714285,0.14285714285714285,0.14285714285714285,0.14285714285714285,0.14285714285714285,1.0000531712757406,0.9794685529360748,1.000391488535496,0.999641962047977,1.0055594162612926,1.0401069518716577,0.9831029185867896
equal_weight,45,15,97899.76801388751,0.005719962877997142,0.005719962877997142,0.0019589379698192193,-0.021452880111161976,0.07767469172079376,0.0,0.0,0.0,0.0,1.0,1.0,,0.0,,False,,,7.0,59,0.14285714285714285,0.14285714285714285,0.14285714285714285,0.14285714285714285,0.14285714285714285,0.14285714285714285,0.14285714285714285,0.9160800047452287,0.912869623396696,0.9328680427305247,1.0992120343839542,1.0241879751209397,1.1696658097686377,0.9851562499999998
equal_weight,45,16,99472.24287348341,0.016062089742366226,0.016062089742366226,0.012885358236878313,-0.005305571798434716,0.06523900151697892,0.0,0.0,0.0,0.0,1.0,1.0,,0.0,,False,,,7.0,60,0.14285714285714285,0.14285714285714285,0.14285714285714285,0.14285714285714285,0.14285714285714285,0.14285714285714285,0.14285714285714285,1.0911163764566931,1.1234912300099247,1.0672516751244587,0.9214727924405344,0.9787449392712549,0.9501831501831501,0.9801744647105474
equal_weight,45,17,97257.06363039045,-0.022269320356135935,-0.022269320356135935,-0.02728346257657099,-0.028202952744220466,0.08772163261570481,0.0,0.0,0.0,0.0,1.0,1.0,,0.0,,False,,,7.0,61,0.14285714285714285,0.14285714285714285,0.14285714285714285,0.14285714285714285,0.14285714285714285,0.14285714285714285,0.14285714285714285,0.9575598807831897,0.9536357930098714,0.9593638617140574,0.9904526166902407,1.019303688383316,0.9602929838087895,1.0035059331175835
equal_weight,45,18,91121.50810349354,-0.06308596309481518,-0.06308596309481518,-0.07276467481093608,-0.09743574356147056,0.07063767987371979,0.0,0.0,0.0,0.0,1.0,1.0,,0.0,,False,,,7.0,62,0.14285714285714285,0.14285714285714285,0.14285714285714285,0.14285714285714285,0.14285714285714285,0.14285714285714285,0.14285714285714285,0.906604323640961,0.8950099292047539,0.9116191074982402,0.9460906818993214,1.0010145417653027,0.8916097952629467,1.0064498790647676
equal_weight,45,19,91966.56278537266,0.00927393213158112,0.00927393213158112,0.005936731568343157,-0.08735171752993964,0.08294588926375511,0.0,0.0,0.0,0.0,1.0,1.0,,0.0,,False,,,7.0,63,0.14285714285714285,0.14285714285714285,0.14285714285714285,0.14285714285714285,0.14285714285714285,0.14285714285714285,0.14285714285714285,1.0798634244603893,1.039007305019145,1.1395080340749941,0.8803773584905662,0.9280405405405406,0.9914452949122017,1.0066755674232308
equal_weight,45,20,97882.56850057439,0.06432778975341535,0.06432778975341535,0.061072567750170975,-0.021632365515757757,0.09293568528021826,0.0,0.0,0.0,0.0,1.0,1.0,,0.0,,False,,,7.0,64,0.14285714285714285,0.14285714285714285,0.14285714285714285,0.14285714285714285,0.14285714285714285,0.14285714285714285,0.14285714285714285,1.0537528861202778,1.0436698440150798,1.056726336776278,1.1337333904843547,1.097196942118675,1.0286103542234333,1.0366047745358091
equal_weight,45,21,94789.46883337274,-0.03160010729779217,-0.03160010729779217,-0.037225974226949995,-0.05496951539824191,0.07777648688931682,0.0,0.0,0.0,0.0,1.0,1.0,,0.0,,False,,,7.0,65,0.14285714285714285,0.14285714285714285,0.14285714285714285,0.14285714285714285,0.14285714285714285,0.14285714285714285,0.14285714285714285,0.9410285276370367,0.912668726840604,0.9582963540708176,1.0015122873345936,0.9499004644990046,1.0061810154525386,1.00921187308086
equal_weight,45,22,99709.05406280847,0.051900124454581587,0.051900124454581587,0.048367485451818765,-0.0029179490260560215,0.07368161840734251,0.0,0.0,0.0,0.0,1.0,1.0,,0.0,,False,,,7.0,66,0.14285714285714285,0.14285714285714285,0.14285714285714285,0.14285714285714285,0.14285714285714285,0.14285714285714285,0.14285714285714285,1.0617528584451108,1.1068239035899863,1.0283217793331279,1.064175160437901,0.9811386657352429,1.100043878894252,1.0210446247464502
equal_weight,45,23,97631.71543725174,-0.02083400193775964,-0.02083400193775964,-0.025105811528618932,-0.024257328186252813,0.07532864736844282,0.0,0.0,0.0,0.0,1.0,1.0,,0.0,,False,,,7.0,67,0.14285714285714285,0.14285714285714285,0.14285714285714285,0.14285714285714285,0.14285714285714285,0.14285714285714285,0.14285714285714285,0.9738875049333385,0.9888637987703586,0.9580667059670183,0.9741042923022349,1.0316838732645068,0.9409652971679298,0.9865905140302956
equal_weight,45,24,99620.0303552796,0.020365461255320794,0.020365461255320794,0.016717880003336044,-0.0038141892083880524,0.07450517949057432,0.0,0.0,0.0,0.0,1.0,1.0,,0.0,,False,,,7.0,68,0.14285714285714285,0.14285714285714285,0.14285714285714285,0.14285714285714285,0.14285714285714285,0.14285714285714285,0.14285714285714285,1.0350516236175364,1.0668988139445743,1.0189072752337456,0.971959213401311,0.9986197377501727,0.9864349300551081,1.0646866347847974
equal_weight,46,1,102412.00076492746,0.02412000764927469,0.02412000764927469,0.020277979022278524,0.023551934801702368,0.06547911558847684,0.0,0.0,0.0,0.0,1.0,1.0,,0.0,,False,,,7.0,46,0.14285714285714285,0.14285714285714285,0.14285714285714285,0.14285714285714285,0.14285714285714285,0.14285714285714285,0.14285714285714285,1.0054865027130322,0.9846774920370601,1.0193239990459473,1.0485353245261344,1.019949220166848,1.0441619270659084,1.0467055879899918
equal_weight,46,2,103549.8501141942,0.011110507955786497,0.011110507955786497,0.007573955447841774,0.034281557243003635,0.06311333986918986,0.0,0.0,0.0,0.0,1.0,1.0,,0.0,,False,,,7.0,47,0.14285714285714285,0.14285714285714285,0.14285714285714285,0.14285714285714285,0.14285714285714285,0.14285714285714285,0.14285714285714285,1.0222140006378042,1.054929753081416,0.9992198688185272,0.9627499315256095,1.0142247510668565,1.0807433514899072,0.9436918990703851
equal_weight,46,3,102861.84781498899,-0.0066441650900168625,-0.0066441650900168625,-0.009823517347709308,0.027822247760281527,0.06728415729974399,0.0,0.0,0.0,0.0,1.0,1.0,,0.0,,False,,,7.0,48,0.14285714285714285,0.14285714285714285,0.14285714285714285,0.14285714285714285,0.14285714285714285,0.14285714285714285,0.14285714285714285,1.022748062827226,1.0116330078314992,1.0125485675873276,0.8998577524893313,0.9817671809256661,0.9866587607471095,1.0382775119617225
equal_weight,46,4,104513.67847826345,0.01605873021302817,0.01605873021302817,0.011750180415656033,0.043187442485838834,0.0723002861980255,0.0,0.0,0.0,0.0,1.0,1.0,,0.0,,False,,,7.0,49,0.14285714285714285,0.14285714285714285,0.14285714285714285,0.14285714285714285,0.14285714285714285,0.14285714285714285,0.14285714285714285,1.028990413717977,1.0399761864870785,1.0121727778274432,0.9920961112867532,1.1142857142857145,0.933293269230769,0.9915966386554621
equal_weight,46,5,102274.71281794783,-0.021422704596329667,-0.021422704596329667,-0.024585510122272523,0.02224120464651791,0.07278544565903193,0.0,0.0,0.0,0.0,1.0,1.0,,0.0,,False,,,7.0,50,0.14285714285714285,0.14285714285714285,0.14285714285714285,0.14285714285714285,0.14285714285714285,0.14285714285714285,0.14285714285714285,0.9524308174608502,0.9468745137780623,0.9571047153564893,1.0296367112810707,0.9903846153846152,1.0135222150676113,0.9600874794969929
equal_weight,46,6,105099.10920152001,0.02761578405602272,0.02761578405602272,0.022153236374604965,0.048517149576813634,0.08245417111381517,0.0,0.0,0.0,0.0,1.0,1.0,,0.0,,False,,,7.0,51,0.14285714285714285,0.14285714285714285,0.14285714285714285,0.14285714285714285,0.14285714285714285,0.14285714285714285,0.14285714285714285,1.0691438500861281,1.0726581795633896,1.0583749337868538,1.0225936242649336,0.9190938511326862,1.0320838627700126,1.019362186788155
equal_weight,46,7,104163.90761467739,-0.00889828271569304,-0.00889828271569304,-0.01228276008836583,0.039974571903355516,0.07480364829815424,0.0,0.0,0.0,0.0,1.0,1.0,,0.0,,False,,,7.0,52,0.14285714285714285,0.14285714285714285,0.14285714285714285,0.14285714285714285,0.14285714285714285,0.14285714285714285,0.14285714285714285,0.9916662901143084,1.0025358571630094,0.9627064136965677,0.9576271186440679,0.9838028169014084,1.0421668205601724,0.9972067039106144
equal_weight,46,8,106017.92203303057,0.017799009856768633,0.017799009856768633,0.013741547117797083,0.056763252076905024,0.06094266111504851,0.0,0.0,0.0,0.0,1.0,1.0,,0.0,,False,,,7.0,53,0.14285714285714285,0.14285714285714285,0.14285714285714285,0.14285714285714285,0.14285714285714285,0.14285714285714285,0.14285714285714285,1.0436129187650538,1.0069045203783964,1.0537813804467038,1.0290771175726925,1.0293486041517539,0.9503839338452451,1.0114845938375352
equal_weight,46,9,98695.2808941939,-0.06906984214004175,-0.06906984214004175,-0.07342888899450928,-0.01321967062644891,0.06891932582310688,0.0,0.0,0.0,0.0,1.0,1.0,,0.0,,False,,,7.0,54,0.14285714285714285,0.14285714285714285,0.14285714285714285,0.14285714285714285,0.14285714285714285,0.14285714285714285,0.14285714285714285,0.9298536593307981,0.8801916899722919,0.9556161965613983,0.9324324324324325,0.9551460361613352,0.8760099440646364,0.9872611464968152
equal_weight,46,10,99479.89937482138,0.007949908785088056,0.007949908785088056,0.003443165578608384,-0.005228198143013563,0.09096613809653925,0.0,0.0,0.0,0.0,1.0,1.0,,0.0,,False,,,7.0,55,0.14285714285714285,0.14285714285714285,0.14285714285714285,0.14285714285714285,0.14285714285714285,0.14285714285714285,0.14285714285714285,0.9869331771848514,0.9986076251350232,0.9760156672096543,1.0082345191040842,1.0462322533673099,0.9882937211777227,1.0513323983169707
equal_weight,46,11,99753.64518908829,0.0027517701162471653,0.0027517701162471653,2.08493421899221e-05,-0.0024696321667716514,0.05475433268103978,0.0,0.0,0.0,0.0,1.0,1.0,,0.0,,False,,,7.0,56,0.14285714285714285,0.14285714285714285,0.14285714285714285,0.14285714285714285,0.14285714285714285,0.14285714285714285,0.14285714285714285,1.0357733081792009,1.0341142880338432,1.0231835256931106,0.9411956876837635,1.048016701461378,0.9239052404881549,1.0130736392742796
equal_weight,46,12,93424.1308244617,-0.0634514593690152,-0.0634514593690152,-0.07195564402119185,-0.07038726630375591,0.0807601976841519,0.0,0.0,0.0,0.0,1.0,1.0,,0.0,,False,,,7.0,57,0.14285714285714285,0.14285714285714285,0.14285714285714285,0.14285714285714285,0.14285714285714285,0.14285714285714285,0.14285714285714285,0.9120432847339066,0.8673832471904358,0.9509451683395475,0.9694550503297468,0.9555112881806108,0.8717948717948719,1.0287068738477745
equal_weight,46,13,93535.23162183643,0.0011892087878611068,0.0011892087878611068,-0.0028080564377960717,-0.0691158643226617,0.08158916837780565,0.0,0.0,0.0,0.0,1.0,1.0,,0.0,,False,,,7.0,58,0.14285714285714285,0.14285714285714285,0.14285714285714285,0.14285714285714285,0.14285714285714285,0.14285714285714285,0.14285714285714285,1.0000531712757406,0.9794685529360748,1.000391488535496,0.999641962047977,1.0055594162612926,1.0401069518716577,0.9831029185867896
equal_weight,46,14,94070.24967449819,0.005719962877997142,0.005719962877997142,0.0027531084835634182,-0.06303534163053581,0.06654828417124942,0.0,0.0,0.0,0.0,1.0,1.0,,0.0,,False,,,7.0,59,0.14285714285714285,0.14285714285714285,0.14285714285714285,0.14285714285714285,0.14285714285714285,0.14285714285714285,0.14285714285714285,0.9160800047452287,0.912869623396696,0.9328680427305247,1.0992120343839542,1.0241879751209397,1.1696658097686377,0.9851562499999998
equal_weight,46,15,95581.21446685678,0.016062089742366226,0.016062089742366226,0.013438932475434038,-0.04623069039026961,0.06731437529664323,0.0,0.0,0.0,0.0,1.0,1.0,,0.0,,False,,,7.0,60,0.14285714285714285,0.14285714285714285,0.14285714285714285,0.14285714285714285,0.14285714285714285,0.14285714285714285,0.14285714285714285,1.0911163764566931,1.1234912300099247,1.0672516751244587,0.9214727924405344,0.9787449392712549,0.9501831501831501,0.9801744647105474
equal_weight,46,16,93452.6857818658,-0.022269320356135935,-0.022269320356135935,-0.028261327915957948,-0.07006020387061662,0.08863628871221876,0.0,0.0,0.0,0.0,1.0,1.0,,0.0,,False,,,7.0,61,0.14285714285714285,0.14285714285714285,0.14285714285714285,0.14285714285714285,0.14285714285714285,0.14285714285714285,0.14285714285714285,0.9575598807831897,0.9536357930098714,0.9593638617140574,0.9904526166902407,1.019303688383316,0.9602929838087895,1.0035059331175835
equal_weight,46,17,87557.13309551966,-0.06308596309481518,-0.06308596309481518,-0.07525022432867852,-0.14211140160226488,0.06398053194060538,0.0,0.0,0.0,0.0,1.0,1.0,,0.0,,False,,,7.0,62,0.14285714285714285,0.14285714285714285,0.14285714285714285,0.14285714285714285,0.14285714285714285,0.14285714285714285,0.14285714285714285,0.906604323640961,0.8950099292047539,0.9116191074982402,0.9460906818993214,1.0010145417653027,0.8916097952629467,1.0064498790647676
equal_weight,46,18,88369.13200548332,0.00927393213158112,0.00927393213158112,0.00649189467945062,-0.13161686361019131,0.0800528662524588,0.0,0.0,0.0,0.0,1.0,1.0,,0.0,,False,,,7.0,63,0.14285714285714285,0.14285714285714285,0.14285714285714285,0.14285714285714285,0.14285714285714285,0.14285714285714285,0.14285714285714285,1.0798634244603893,1.039007305019145,1.1395080340749941,0.8803773584905662,0.9280405405405406,0.9914452949122017,1.0066755674232308
equal_weight,46,19,94053.72294982386,0.06432778975341535,0.06432778975341535,0.06414542228788221,-0.0632221337304042,0.08498615183809823,0.0,0.0,0.0,0.0,1.0,1.0,,0.0,,False,,,7.0,64,0.14285714285714285,0.14285714285714285,0.14285714285714285,0.14285714285714285,0.14285714285714285,0.14285714285714285,0.14285714285714285,1.0537528861202778,1.0436698440150798,1.056726336776278,1.1337333904843547,1.097196942118675,1.0286103542234333,1.0366047745358091
equal_weight,46,20,91081.6152128526,-0.03160010729779217,-0.03160010729779217,-0.03884149329906482,-0.09791641009336116,0.08294433872215703,0.0,0.0,0.0,0.0,1.0,1.0,,0.0,,False,,,7.0,65,0.14285714285714285,0.14285714285714285,0.14285714285714285,0.14285714285714285,0.14285714285714285,0.14285714285714285,0.14285714285714285,0.9410285276370367,0.912668726840604,0.9582963540708176,1.0015122873345936,0.9499004644990046,1.0061810154525386,1.00921187308086
equal_weight,46,21,95808.76237792397,0.051900124454581587,0.051900124454581587,0.05064256602010522,-0.04374586956403248,0.07055949018446911,0.0,0.0,0.0,0.0,1.0,1.0,,0.0,,False,,,7.0,66,0.14285714285714285,0.14285714285714285,0.14285714285714285,0.14285714285714285,0.14285714285714285,0.14285714285714285,0.14285714285714285,1.0617528584451108,1.1068239035899863,1.0283217793331279,1.064175160437901,0.9811386657352429,1.100043878894252,1.0210446247464502
equal_weight,46,22,93812.68243688795,-0.02083400193775964,-0.02083400193775964,-0.025890338240733366,-0.06595395635632251,0.07364502896886677,0.0,0.0,0.0,0.0,1.0,1.0,,0.0,,False,,,7.0,67,0.14285714285714285,0.14285714285714285,0.14285714285714285,0.14285714285714285,0.14285714285714285,0.14285714285714285,0.14285714285714285,0.9738875049333385,0.9888637987703586,0.9580667059670183,0.9741042923022349,1.0316838732645068,0.9409652971679298,0.9865905140302956
equal_weight,46,23,95723.2209863141,0.020365461255320794,0.020365461255320794,0.01782528757731487,-0.0446785949074715,0.06900147743072269,0.0,0.0,0.0,0.0,1.0,1.0,,0.0,,False,,,7.0,68,0.14285714285714285,0.14285714285714285,0.14285714285714285,0.14285714285714285,0.14285714285714285,0.14285714285714285,0.14285714285714285,1.0350516236175364,1.0668988139445743,1.0189072752337456,0.971959213401311,0.9986197377501727,0.9864349300551081,1.0646866347847974
equal_weight,46,24,96738.42727065229,0.010605642746636557,0.010605642746636557,0.00764745896792357,-0.03371537889718379,0.06631514084728286,0.0,0.0,0.0,0.0,1.0,1.0,,0.0,,False,,,7.0,69,0.14285714285714285,0.14285714285714285,0.14285714285714285,0.14285714285714285,0.14285714285714285,0.14285714285714285,0.14285714285714285,1.0146423361916632,1.0003827389871474,1.0247643242463869,1.0041213937804423,1.0570145127850723,0.969058874086807,1.0042553191489363
equal_weight,47,1,101111.05079557865,0.011110507955786497,0.011110507955786497,0.007337001480423986,0.010988421016659422,0.07302839072470871,0.0,0.0,0.0,0.0,1.0,1.0,,0.0,,False,,,7.0,47,0.14285714285714285,0.14285714285714285,0.14285714285714285,0.14285714285714285,0.14285714285714285,0.14285714285714285,0.14285714285714285,1.0222140006378042,1.054929753081416,0.9992198688185272,0.9627499315256095,1.0142247510668565,1.0807433514899072,0.9436918990703851
equal_weight,47,2,100439.25228166774,-0.0066441650900168625,-0.0066441650900168625,-0.009916805968793914,0.004373312939804919,0.0660339578387882,0.0,0.0,0.0,0.0,1.0,1.0,,0.0,,False,,,7.0,48,0.14285714285714285,0.14285714285714285,0.14285714285714285,0.14285714285714285,0.14285714285714285,0.14285714285714285,0.14285714285714285,1.022748062827226,1.0116330078314992,1.0125485675873276,0.8998577524893313,0.9817671809256661,0.9866587607471095,1.0382775119617225
equal_weight,47,3,102052.17913685732,0.01605873021302817,0.01605873021302817,0.012560579791250498,0.020109116279675265,0.06350447097239699,0.0,0.0,0.0,0.0,1.0,1.0,,0.0,,False,,,7.0,49,0.14285714285714285,0.14285714285714285,0.14285714285714285,0.14285714285714285,0.14285714285714285,0.14285714285714285,0.14285714285714285,1.028990413717977,1.0399761864870785,1.0121727778274432,0.9920961112867532,1.1142857142857145,0.933293269230769,0.9915966386554621
equal_weight,47,4,99865.94544979671,-0.021422704596329667,-0.021422704596329667,-0.025104658907382154,-0.001342344976553278,0.0730639530230722,0.0,0.0,0.0,0.0,1.0,1.0,,0.0,,False,,,7.0,50,0.14285714285714285,0.14285714285714285,0.14285714285714285,0.14285714285714285,0.14285714285714285,0.14285714285714285,0.14285714285714285,0.9524308174608502,0.9468745137780623,0.9571047153564893,1.0296367112810707,0.9903846153846152,1.0135222150676113,0.9600874794969929
equal_weight,47,5,102623.82183388884,0.02761578405602272,0.02761578405602272,0.02330948016822994,0.025567375946452975,0.07200481509552623,0.0,0.0,0.0,0.0,1.0,1.0,,0.0,,False,,,7.0,51,0.14285714285714285,0.14285714285714285,0.14285714285714285,0.14285714285714285,0.14285714285714285,0.14285714285714285,0.14285714285714285,1.0691438500861281,1.0726581795633896,1.0583749337868538,1.0225936242649336,0.9190938511326862,1.0320838627700126,1.019362186788155
equal_weight,47,6,101710.64605384598,-0.00889828271569304,-0.00889828271569304,-0.01301906532838044,0.01681875123416643,0.08540881232187789,0.0,0.0,0.0,0.0,1.0,1.0,,0.0,,False,,,7.0,52,0.14285714285714285,0.14285714285714285,0.14285714285714285,0.14285714285714285,0.14285714285714285,0.14285714285714285,0.14285714285714285,0.9916662901143084,1.0025358571630094,0.9627064136965677,0.9576271186440679,0.9838028169014084,1.0421668205601724,0.9972067039106144
equal_weight,47,7,103520.9948454967,0.017799009856768633,0.017799009856768633,0.014305286786739594,0.03401237450192307,0.057766729620340955,0.0,0.0,0.0,0.0,1.0,1.0,,0.0,,False,,,7.0,53,0.14285714285714285,0.14285714285714285,0.14285714285714285,0.14285714285714285,0.14285714285714285,0.14285714285714285,0.14285714285714285,1.0436129187650538,1.0069045203783964,1.0537813804467038,1.0290771175726925,1.0293486041517539,0.9503839338452451,1.0114845938375352
equal_weight,47,8,96370.81607333817,-0.06906984214004175,-0.06906984214004175,-0.07530228087371615,-0.03765853683235432,0.07262739078877539,0.0,0.0,0.0,0.0,1.0,1.0,,0.0,,False,,,7.0,54,0.14285714285714285,0.14285714285714285,0.14285714285714285,0.14285714285714285,0.14285714285714285,0.14285714285714285,0.14285714285714285,0.9298536593307981,0.8801916899722919,0.9556161965613983,0.9324324324324325,0.9551460361613352,0.8760099440646364,0.9872611464968152
equal_weight,47,9,97136.9552706657,0.007949908785088056,0.007949908785088056,0.004034026803643149,-0.029474309971489365,0.08300400114443605,0.0,0.0,0.0,0.0,1.0,1.0,,0.0,,False,,,7.0,55,0.14285714285714285,0.14285714285714285,0.14285714285714285,0.14285714285714285,0.14285714285714285,0.14285714285714285,0.14285714285714285,0.9869331771848514,0.9986076251350232,0.9760156672096543,1.0082345191040842,1.0462322533673099,0.9882937211777227,1.0513323983169707
equal_weight,47,10,97404.25384136275,0.0027517701162471653,0.0027517701162471653,-0.00046363223373104,-0.02664920736279952,0.06577469684841769,0.0,0.0,0.0,0.0,1.0,1.0,,0.0,,False,,,7.0,56,0.14285714285714285,0.14285714285714285,0.14285714285714285,0.14285714285714285,0.14285714285714285,0.14285714285714285,0.14285714285714285,1.0357733081792009,1.0341142880338432,1.0231835256931106,0.9411956876837635,1.048016701461378,0.9239052404881549,1.0130736392742796
equal_weight,47,11,91223.81178637828,-0.0634514593690152,-0.0634514593690152,-0.0735116702159856,-0.09620501535468828,0.07911724448193674,0.0,0.0,0.0,0.0,1.0,1.0,,0.0,,False,,,7.0,57,0.14285714285714285,0.14285714285714285,0.14285714285714285,0.14285714285714285,0.14285714285714285,0.14285714285714285,0.14285714285714285,0.9120432847339066,0.8673832471904358,0.9509451683395475,0.9694550503297468,0.9555112881806108,0.8717948717948719,1.0287068738477745
equal_weight,47,12,91332.29594501683,0.0011892087878611068,0.0011892087878611068,-0.003108337963136737,-0.09490294714808489,0.08820812339480255,0.0,0.0,0.0,0.0,1.0,1.0,,0.0,,False,,,7.0,58,0.14285714285714285,0.14285714285714285,0.14285714285714285,0.14285714285714285,0.14285714285714285,0.14285714285714285,0.14285714285714285,1.0000531712757406,0.9794685529360748,1.000391488535496,0.999641962047977,1.0055594162612926,1.0401069518716577,0.9831029185867896
equal_weight,47,13,91854.71328738457,0.005719962877997142,0.005719962877997142,0.0027289453637647926,-0.08867576220211348,0.06996479164413233,0.0,0.0,0.0,0.0,1.0,1.0,,0.0,,False,,,7.0,59,0.14285714285714285,0.14285714285714285,0.14285714285714285,0.14285714285714285,0.14285714285714285,0.14285714285714285,0.14285714285714285,0.9160800047452287,0.912869623396696,0.9328680427305247,1.0992120343839542,1.0241879751209397,1.1696658097686377,0.9851562499999998
equal_weight,47,14,93330.09193546585,0.016062089742366226,0.016062089742366226,0.013264667796155545,-0.07146578264538861,0.07890623521138661,0.0,0.0,0.0,0.0,1.0,1.0,,0.0,,False,,,7.0,60,0.14285714285714285,0.14285714285714285,0.14285714285714285,0.14285714285714285,0.14285714285714285,0.14285714285714285,0.14285714285714285,1.0911163764566931,1.1234912300099247,1.0672516751244587,0.9214727924405344,0.9787449392712549,0.9501831501831501,0.9801744647105474
equal_weight,47,15,91251.69421928734,-0.022269320356135935,-0.022269320356135935,-0.028898915950145078,-0.09587006417316002,0.08989268844747335,0.0,0.0,0.0,0.0,1.0,1.0,,0.0,,False,,,7.0,61,0.14285714285714285,0.14285714285714285,0.14285714285714285,0.14285714285714285,0.14285714285714285,0.14285714285714285,0.14285714285714285,0.9575598807831897,0.9536357930098714,0.9593638617140574,0.9904526166902407,1.019303688383316,0.9602929838087895,1.0035059331175835
equal_weight,47,16,85494.99320543002,-0.06308596309481518,-0.06308596309481518,-0.07720795531350802,-0.16965913734523497,0.0683776428286614,0.0,0.0,0.0,0.0,1.0,1.0,,0.0,,False,,,7.0,62,0.14285714285714285,0.14285714285714285,0.14285714285714285,0.14285714285714285,0.14285714285714285,0.14285714285714285,0.14285714285714285,0.906604323640961,0.8950099292047539,0.9116191074982402,0.9460906818993214,1.0010145417653027,0.8916097952629467,1.0064498790647676
equal_weight,47,17,86287.86797000717,0.00927393213158112,0.00927393213158112,0.006501128606149584,-0.15891147101651693,0.08493075445136916,0.0,0.0,0.0,0.0,1.0,1.0,,0.0,,False,,,7.0,63,0.14285714285714285,0.14285714285714285,0.14285714285714285,0.14285714285714285,0.14285714285714285,0.14285714285714285,0.14285714285714285,1.0798634244603893,1.039007305019145,1.1395080340749941,0.8803773584905662,0.9280405405405406,0.9914452949122017,1.0066755674232308
equal_weight,47,18,91838.57579905225,0.06432778975341535,0.06432778975341535,0.0655171543314638,-0.08886705972885922,0.09054513912387804,0.0,0.0,0.0,0.0,1.0,1.0,,0.0,,False,,,7.0,64,0.14285714285714285,0.14285714285714285,0.14285714285714285,0.14285714285714285,0.14285714285714285,0.14285714285714285,0.14285714285714285,1.0537528861202778,1.0436698440150798,1.056726336776278,1.1337333904843547,1.097196942118675,1.0286103542234333,1.0366047745358091
equal_weight,47,19,88936.46694972579,-0.03160010729779217,-0.03160010729779217,-0.03995154629289494,-0.12439816230307676,0.088408874373548,0.0,0.0,0.0,0.0,1.0,1.0,,0.0,,False,,,7.0,65,0.14285714285714285,0.14285714285714285,0.14285714285714285,0.14285714285714285,0.14285714285714285,0.14285714285714285,0.14285714285714285,0.9410285276370367,0.912668726840604,0.9582963540708176,1.0015122873345936,0.9499004644990046,1.0061810154525386,1.00921187308086
equal_weight,47,20,93552.28065296734,0.051900124454581587,0.051900124454581587,0.05202650075569835,-0.06892102792181531,0.06901267251126211,0.0,0.0,0.0,0.0,1.0,1.0,,0.0,,False,,,7.0,66,0.14285714285714285,0.14285714285714285,0.14285714285714285,0.14285714285714285,0.14285714285714285,0.14285714285714285,0.14285714285714285,1.0617528584451108,1.1068239035899863,1.0283217793331279,1.064175160437901,0.9811386657352429,1.100043878894252,1.0210446247464502
equal_weight,47,21,91603.21225656159,-0.02083400193775964,-0.02083400193775964,-0.02641381984104675,-0.09166477393741124,0.0734014765090166,0.0,0.0,0.0,0.0,1.0,1.0,,0.0,,False,,,7.0,67,0.14285714285714285,0.14285714285714285,0.14285714285714285,0.14285714285714285,0.14285714285714285,0.14285714285714285,0.14285714285714285,0.9738875049333385,0.9888637987703586,0.9580667059670183,0.9741042923022349,1.0316838732645068,0.9409652971679298,0.9865905140302956
equal_weight,47,22,93468.75392663552,0.020365461255320794,0.020365461255320794,0.018627996566029315,-0.06987625060767289,0.06321053527418076,0.0,0.0,0.0,0.0,1.0,1.0,,0.0,,False,,,7.0,68,0.14285714285714285,0.14285714285714285,0.14285714285714285,0.14285714285714285,0.14285714285714285,0.14285714285714285,0.14285714285714285,1.0350516236175364,1.0668988139445743,1.0189072752337456,0.971959213401311,0.9986197377501727,0.9864349300551081,1.0646866347847974
equal_weight,47,23,94460.0501387547,0.010605642746636557,0.010605642746636557,0.0077620213155938905,-0.05864860174335651,0.06931255097444969,0.0,0.0,0.0,0.0,1.0,1.0,,0.0,,False,,,7.0,69,0.14285714285714285,0.14285714285714285,0.14285714285714285,0.14285714285714285,0.14285714285714285,0.14285714285714285,0.14285714285714285,1.0146423361916632,1.0003827389871474,1.0247643242463869,1.0041213937804423,1.0570145127850723,0.969058874086807,1.0042553191489363
equal_weight,47,24,93049.73856691227,-0.014930243735534532,-0.014930243735534532,-0.01943163748069706,-0.07469404578810046,0.06772386871906216,0.0,0.0,0.0,0.0,1.0,1.0,,0.0,,False,,,7.0,70,0.14285714285714285,0.14285714285714285,0.14285714285714285,0.14285714285714285,0.14285714285714285,0.14285714285714285,0.14285714285714285,1.0024823479186857,1.0579639578806326,0.9651039618260693,0.9328358208955223,0.9767898005884277,0.945011086474501,1.0153013182674198
equal_weight,48,1,99335.58349099831,-0.0066441650900168625,-0.0066441650900168625,-0.010319753686275057,-0.006688605287770821,0.0726229679700847,0.0,0.0,0.0,0.0,1.0,1.0,,0.0,,False,,,7.0,48,0.14285714285714285,0.14285714285714285,0.14285714285714285,0.14285714285714285,0.14285714285714285,0.14285714285714285,0.14285714285714285,1.022748062827226,1.0116330078314992,1.0125485675873276,0.8998577524893313,0.9817671809256661,0.9866587607471095,1.0382775119617225
equal_weight,48,2,100930.78682683398,0.01605873021302817,0.01605873021302817,0.012273193830212924,0.009222030820297933,0.07274884555711658,0.0,0.0,0.0,0.0,1.0,1.0,,0.0,,False,,,7.0,49,0.14285714285714285,0.14285714285714285,0.14285714285714285,0.14285714285714285,0.14285714285714285,0.14285714285714285,0.14285714285714285,1.028990413717977,1.0399761864870785,1.0121727778274432,0.9920961112867532,1.1142857142857145,0.933293269230769,0.9915966386554621
equal_weight,48,3,98768.5763959676,-0.021422704596329667,-0.021422704596329667,-0.025301109446667965,-0.012467767066881352,0.07222623118977359,0.0,0.0,0.0,0.0,1.0,1.0,,0.0,,False,,,7.0,50,0.14285714285714285,0.14285714285714285,0.14285714285714285,0.14285714285714285,0.14285714285714285,0.14285714285714285,0.14285714285714285,0.9524308174608502,0.9468745137780623,0.9571047153564893,1.0296367112810707,0.9903846153846152,1.0135222150676113,0.9600874794969929
equal_weight,48,4,101496.14807323943,0.02761578405602272,0.02761578405602272,0.023549348092500783,0.014740934524528071,0.07318706997817277,0.0,0.0,0.0,0.0,1.0,1.0,,0.0,,False,,,7.0,51,0.14285714285714285,0.14285714285714285,0.14285714285714285,0.14285714285714285,0.14285714285714285,0.14285714285714285,0.14285714285714285,1.0691438500861281,1.0726581795633896,1.0583749337868538,1.0225936242649336,0.9190938511326862,1.0320838627700126,1.019362186788155
equal_weight,48,5,100593.0066531299,-0.00889828271569304,-0.00889828271569304,-0.013620034538657762,0.005895108147773387,0.09548416323806155,0.0,0.0,0.0,0.0,1.0,1.0,,0.0,,False,,,7.0,52,0.14285714285714285,0.14285714285714285,0.14285714285714285,0.14285714285714285,0.14285714285714285,0.14285714285714285,0.14285714285714285,0.9916662901143084,1.0025358571630094,0.9627064136965677,0.9576271186440679,0.9838028169014084,1.0421668205601724,0.9972067039106144
equal_weight,48,6,102383.46257007094,0.017799009856768633,0.017799009856768633,0.014214191891011184,0.023279761303635405,0.06340922529701666,0.0,0.0,0.0,0.0,1.0,1.0,,0.0,,False,,,7.0,53,0.14285714285714285,0.14285714285714285,0.14285714285714285,0.14285714285714285,0.14285714285714285,0.14285714285714285,0.14285714285714285,1.0436129187650538,1.0069045203783964,1.0537813804467038,1.0290771175726925,1.0293486041517539,0.9503839338452451,1.0114845938375352
equal_weight,48,7,95311.85297260527,-0.06906984214004175,-0.06906984214004175,-0.07614954443222693,-0.049187450261219956,0.07364665734743155,0.0,0.0,0.0,0.0,1.0,1.0,,0.0,,False,,,7.0,54,0.14285714285714285,0.14285714285714285,0.14285714285714285,0.14285714285714285,0.14285714285714285,0.14285714285714285,0.14285714285714285,0.9298536593307981,0.8801916899722919,0.9556161965613983,0.9324324324324325,0.9551460361613352,0.8760099440646364,0.9872611464968152
equal_weight,48,8,96069.5735098752,0.007949908785088056,0.007949908785088056,0.003907326604488317,-0.04091229248270545,0.08735662348052382,0.0,0.0,0.0,0.0,1.0,1.0,,0.0,,False,,,7.0,55,0.14285714285714285,0.14285714285714285,0.14285714285714285,0.14285714285714285,0.14285714285714285,0.14285714285714285,0.14285714285714285,0.9869331771848514,0.9986076251350232,0.9760156672096543,1.0082345191040842,1.0462322533673099,0.9882937211777227,1.0513323983169707
equal_weight,48,9,96333.9348913403,0.0027517701162471653,0.0027517701162471653,-0.0003303314705503206,-0.03805580154900601,0.06373644808499522,0.0,0.0,0.0,0.0,1.0,1.0,,0.0,,False,,,7.0,56,0.14285714285714285,0.14285714285714285,0.14285714285714285,0.14285714285714285,0.14285714285714285,0.14285714285714285,0.14285714285714285,1.0357733081792009,1.0341142880338432,1.0231835256931106,0.9411956876837635,1.048016701461378,0.9239052404881549,1.0130736392742796
equal_weight,48,10,90221.40613572506,-0.0634514593690152,-0.0634514593690152,-0.07402283741246211,-0.1083844098989597,0.07388458125016838,0.0,0.0,0.0,0.0,1.0,1.0,,0.0,,False,,,7.0,57,0.14285714285714285,0.14285714285714285,0.14285714285714285,0.14285714285714285,0.14285714285714285,0.14285714285714285,0.14285714285714285,0.9120432847339066,0.8673832471904358,0.9509451683395475,0.9694550503297468,0.9555112881806108,0.8717948717948719,1.0287068738477745
equal_weight,48,11,90328.69822475486,0.0011892087878611068,0.0011892087878611068,-0.002642887758676081,-0.10706787505318771,0.07918845208896139,0.0,0.0,0.0,0.0,1.0,1.0,,0.0,,False,,,7.0,58,0.14285714285714285,0.14285714285714285,0.14285714285714285,0.14285714285714285,0.14285714285714285,0.14285714285714285,0.14285714285714285,1.0000531712757406,0.9794685529360748,1.000391488535496,0.999641962047977,1.0055594162612926,1.0401069518716577,0.9831029185867896
equal_weight,48,12,90845.37502541827,0.005719962877997142,0.005719962877997142,0.0029275966704908236,-0.1007715029193319,0.06737550926729972,0.0,0.0,0.0,0.0,1.0,1.0,,0.0,,False,,,7.0,59,0.14285714285714285,0.14285714285714285,0.14285714285714285,0.14285714285714285,0.14285714285714285,0.14285714285714285,0.14285714285714285,0.9160800047452287,0.912869623396696,0.9328680427305247,1.0992120343839542,1.0241879751209397,1.1696658097686377,0.9851562499999998
equal_weight,48,13,92304.54159175545,0.016062089742366226,0.016062089742366226,0.013609395340281615,-0.08337031174782306,0.07583591662454459,0.0,0.0,0.0,0.0,1.0,1.0,,0.0,,False,,,7.0,60,0.14285714285714285,0.14285714285714285,0.14285714285714285,0.14285714285714285,0.14285714285714285,0.14285714285714285,0.14285714285714285,1.0911163764566931,1.1234912300099247,1.0672516751244587,0.9214727924405344,0.9787449392712549,0.9501831501831501,0.9801744647105474
equal_weight,48,14,90248.98218472238,-0.022269320356135935,-0.022269320356135935,-0.02859402843679899,-0.10804573723966393,0.07837205889916228,0.0,0.0,0.0,0.0,1.0,1.0,,0.0,,False,,,7.0,61,0.14285714285714285,0.14285714285714285,0.14285714285714285,0.14285714285714285,0.14285714285714285,0.14285714285714285,0.14285714285714285,0.9575598807831897,0.9536357930098714,0.9593638617140574,0.9904526166902407,1.019303688383316,0.9602929838087895,1.0035059331175835
equal_weight,48,15,84555.53822527235,-0.06308596309481518,-0.06308596309481518,-0.0781499212925886,-0.18265464449626712,0.07082028071970847,0.0,0.0,0.0,0.0,1.0,1.0,,0.0,,False,,,7.0,62,0.14285714285714285,0.14285714285714285,0.14285714285714285,0.14285714285714285,0.14285714285714285,0.14285714285714285,0.14285714285714285,0.906604323640961,0.8950099292047539,0.9116191074982402,0.9460906818993214,1.0010145417653027,0.8916097952629467,1.0064498790647676
equal_weight,48,16,85339.70054812284,0.00927393213158112,0.00927393213158112,0.00679999030757874,-0.17178756613529766,0.08134176106781422,0.0,0.0,0.0,0.0,1.0,1.0,,0.0,,False,,,7.0,63,0.14285714285714285,0.14285714285714285,0.14285714285714285,0.14285714285714285,0.14285714285714285,0.14285714285714285,0.14285714285714285,1.0798634244603893,1.039007305019145,1.1395080340749941,0.8803773584905662,0.9280405405405406,0.9914452949122017,1.0066755674232308
equal_weight,48,17,90829.41486260192,0.06432778975341535,0.06432778975341535,0.06656365636054232,-0.10096492585877015,0.08517967831970388,0.0,0.0,0.0,0.0,1.0,1.0,,0.0,,False,,,7.0,64,0.14285714285714285,0.14285714285714285,0.14285714285714285,0.14285714285714285,0.14285714285714285,0.14285714285714285,0.14285714285714285,1.0537528861202778,1.0436698440150798,1.056726336776278,1.1337333904843547,1.097196942118675,1.0286103542234333,1.0366047745358091
equal_weight,48,18,87959.19560714802,-0.03160010729779217,-0.03160010729779217,-0.0398103538721694,-0.1368907970308164,0.07768965400246265,0.0,0.0,0.0,0.0,1.0,1.0,,0.0,,False,,,7.0,65,0.14285714285714285,0.14285714285714285,0.14285714285714285,0.14285714285714285,0.14285714285714285,0.14285714285714285,0.14285714285714285,0.9410285276370367,0.912668726840604,0.9582963540708176,1.0015122873345936,0.9499004644990046,1.0061810154525386,1.00921187308086
equal_weight,48,19,92524.28880608389,0.051900124454581587,0.051900124454581587,0.05304057341583235,-0.08079728350664772,0.061058802166726864,0.0,0.0,0.0,0.0,1.0,1.0,,0.0,,False,,,7.0,66,0.14285714285714285,0.14285714285714285,0.14285714285714285,0.14285714285714285,0.14285714285714285,0.14285714285714285,0.14285714285714285,1.0617528584451108,1.1068239035899863,1.0283217793331279,1.064175160437901,0.9811386657352429,1.100043878894252,1.0210446247464502
equal_weight,48,20,90596.6375938081,-0.02083400193775964,-0.02083400193775964,-0.027044346066269816,-0.10379372409329424,0.08095810959246598,0.0,0.0,0.0,0.0,1.0,1.0,,0.0,,False,,,7.0,67,0.14285714285714285,0.14285714285714285,0.14285714285714285,0.14285714285714285,0.14285714285714285,0.14285714285714285,0.14285714285714285,0.9738875049333385,0.9888637987703586,0.9580667059670183,0.9741042923022349,1.0316838732645068,0.9409652971679298,0.9865905140302956
equal_weight,48,21,92441.67990658715,0.020365461255320794,0.020365461255320794,0.018109400516632818,-0.08176311920175583,0.07842408749811178,0.0,0.0,0.0,0.0,1.0,1.0,,0.0,,False,,,7.0,68,0.14285714285714285,0.14285714285714285,0.14285714285714285,0.14285714285714285,0.14285714285714285,0.14285714285714285,0.14285714285714285,1.0350516236175364,1.0668988139445743,1.0189072752337456,0.971959213401311,0.9986197377501727,0.9864349300551081,1.0646866347847974
equal_weight,48,22,93422.08333857534,0.010605642746636557,0.010605642746636557,0.00829762853328258,-0.07041072545540783,0.06109530426130841,0.0,0.0,0.0,0.0,1.0,1.0,,0.0,,False,,,7.0,69,0.14285714285714285,0.14285714285714285,0.14285714285714285,0.14285714285714285,0.14285714285714285,0.14285714285714285,0.14285714285714285,1.0146423361916632,1.0003827389871474,1.0247643242463869,1.0041213937804423,1.0570145127850723,0.969058874086807,1.0042553191489363
equal_weight,48,23,92027.26886404898,-0.014930243735534532,-0.014930243735534532,-0.019509876644790307,-0.08663444253386521,0.06572319132665858,0.0,0.0,0.0,0.0,1.0,1.0,,0.0,,False,,,7.0,70,0.14285714285714285,0.14285714285714285,0.14285714285714285,0.14285714285714285,0.14285714285714285,0.14285714285714285,0.14285714285714285,1.0024823479186857,1.0579639578806326,0.9651039618260693,0.9328358208955223,0.9767898005884277,0.945011086474501,1.0153013182674198
equal_weight,48,24,94526.90236012731,0.02716187850550056,0.02716187850550056,0.02516142847594859,-0.05789989413829888,0.07146239839235478,0.0,0.0,0.0,0.0,1.0,1.0,,0.0,,False,,,7.0,71,0.14285714285714285,0.14285714285714285,0.14285714285714285,0.14285714285714285,0.14285714285714285,0.14285714285714285,0.14285714285714285,1.0647274634440285,1.0659156475343874,1.0455609523922245,1.0168,0.9832663989290497,1.0154856874706712,0.9983769997681431
equal_weight,49,1,101605.87302130282,0.01605873021302817,0.01605873021302817,0.012779373899405201,0.015804923215079536,0.060510986313486684,0.0,0.0,0.0,0.0,1.0,1.0,,0.0,,False,,,7.0,49,0.14285714285714285,0.14285714285714285,0.14285714285714285,0.14285714285714285,0.14285714285714285,0.14285714285714285,0.14285714285714285,1.028990413717977,1.0399761864870785,1.0121727778274432,0.9920961112867532,1.1142857142857145,0.933293269230769,0.9915966386554621
equal_weight,49,2,99429.20041831526,-0.021422704596329667,-0.021422704596329667,-0.024958904375036485,-0.005740764074168236,0.06826434171577425,0.0,0.0,0.0,0.0,1.0,1.0,,0.0,,False,,,7.0,50,0.14285714285714285,0.14285714285714285,0.14285714285714285,0.14285714285714285,0.14285714285714285,0.14285714285714285,0.14285714285714285,0.9524308174608502,0.9468745137780623,0.9571047153564893,1.0296367112810707,0.9903846153846152,1.0135222150676113,0.9600874794969929
equal_weight,49,3,102175.01574593046,0.02761578405602272,0.02761578405602272,0.023627615948026516,0.02128715841198281,0.0680061307624906,0.0,0.0,0.0,0.0,1.0,1.0,,0.0,,False,,,7.0,51,0.14285714285714285,0.14285714285714285,0.14285714285714285,0.14285714285714285,0.14285714285714285,0.14285714285714285,0.14285714285714285,1.0691438500861281,1.0726581795633896,1.0583749337868538,1.0225936242649336,0.9190938511326862,1.0320838627700126,1.019362186788155
equal_weight,49,4,101265.83356934278,-0.00889828271569304,-0.00889828271569304,-0.012490613330498843,0.012500105166032949,0.07407120169097964,0.0,0.0,0.0,0.0,1.0,1.0,,0.0,,False,,,7.0,52,0.14285714285714285,0.14285714285714285,0.14285714285714285,0.14285714285714285,0.14285714285714285,0.14285714285714285,0.14285714285714285,0.9916662901143084,1.0025358571630094,0.9627064136965677,0.9576271186440679,0.9838028169014084,1.0421668205601724,0.9972067039106144
equal_weight,49,5,103068.2651391974,0.017799009856768633,0.017799009856768633,0.01396209548688218,0.02976925181629475,0.06614102326759244,0.0,0.0,0.0,0.0,1.0,1.0,,0.0,,False,,,7.0,53,0.14285714285714285,0.14285714285714285,0.14285714285714285,0.14285714285714285,0.14285714285714285,0.14285714285714285,0.14285714285714285,1.0436129187650538,1.0069045203783964,1.0537813804467038,1.0290771175726925,1.0293486041517539,0.9503839338452451,1.0114845938375352
equal_weight,49,6,95949.35633638507,-0.06906984214004175,-0.06906984214004175,-0.07548451414312095,-0.04221647563131059,0.06997573391031221,0.0,0.0,0.0,0.0,1.0,1.0,,0.0,,False,,,7.0,54,0.14285714285714285,0.14285714285714285,0.14285714285714285,0.14285714285714285,0.14285714285714285,0.14285714285714285,0.14285714285714285,0.9298536593307981,0.8801916899722919,0.9556161965613983,0.9324324324324325,0.9551460361613352,0.8760099440646364,0.9872611464968152
equal_weight,49,7,96712.14496724724,0.007949908785088056,0.007949908785088056,0.00393421772817819,-0.03399629936722248,0.08571917071819836,0.0,0.0,0.0,0.0,1.0,1.0,,0.0,,False,,,7.0,55,0.14285714285714285,0.14285714285714285,0.14285714285714285,0.14285714285714285,0.14285714285714285,0.14285714285714285,0.14285714285714285,0.9869331771848514,0.9986076251350232,0.9760156672096543,1.0082345191040842,1.0462322533673099,0.9882937211777227,1.0513323983169707
equal_weight,49,8,96978.27455764628,0.0027517701162471653,0.0027517701162471653,-0.00047541053793643965,-0.031158787430864532,0.0662584494858878,0.0,0.0,0.0,0.0,1.0,1.0,,0.0,,False,,,7.0,56,0.14285714285714285,0.14285714285714285,0.14285714285714285,0.14285714285714285,0.14285714285714285,0.14285714285714285,0.14285714285714285,1.0357733081792009,1.0341142880338432,1.0231835256931106,0.9411956876837635,1.048016701461378,0.9239052404881549,1.0130736392742796
equal_weight,49,9,90824.86150987458,-0.0634514593690152,-0.0634514593690152,-0.07334764429084584,-0.10102012089639012,0.06972621650640506,0.0,0.0,0.0,0.0,1.0,1.0,,0.0,,False,,,7.0,57,0.14285714285714285,0.14285714285714285,0.14285714285714285,0.14285714285714285,0.14285714285714285,0.14285714285714285,0.14285714285714285,0.9120432847339066,0.8673832471904358,0.9509451683395475,0.9694550503297468,0.9555112881806108,0.8717948717948719,1.0287068738477745
equal_weight,49,10,90932.87123333839,0.0011892087878611068,0.0011892087878611068,-0.002612550053087745,-0.09971233332548035,0.07840675247995027,0.0,0.0,0.0,0.0,1.0,1.0,,0.0,,False,,,7.0,58,0.14285714285714285,0.14285714285714285,0.14285714285714285,0.14285714285714285,0.14285714285714285,0.14285714285714285,0.14285714285714285,1.0000531712757406,0.9794685529360748,1.000391488535496,0.999641962047977,1.0055594162612926,1.0401069518716577,0.9831029185867896
equal_weight,49,11,91453.00388118278,0.005719962877997142,0.005719962877997142,0.002939262551542497,-0.09345779532754994,0.06630550892775824,0.0,0.0,0.0,0.0,1.0,1.0,,0.0,,False,,,7.0,59,0.14285714285714285,0.14285714285714285,0.14285714285714285,0.14285714285714285,0.14285714285714285,0.14285714285714285,0.14285714285714285,0.9160800047452287,0.912869623396696,0.9328680427305247,1.0992120343839542,1.0241879751209397,1.1696658097686377,0.9851562499999998
equal_weight,49,12,92921.9302367313,0.016062089742366226,0.016062089742366226,0.013363913772066565,-0.07617222054294759,0.07843322025071578,0.0,0.0,0.0,0.0,1.0,1.0,,0.0,,False,,,7.0,60,0.14285714285714285,0.14285714285714285,0.14285714285714285,0.14285714285714285,0.14285714285714285,0.14285714285714285,0.14285714285714285,1.0911163764566931,1.1234912300099247,1.0672516751244587,0.9214727924405344,0.9787449392712549,0.9501831501831501,0.9801744647105474
equal_weight,49,13,90852.62200417902,-0.022269320356135935,-0.022269320356135935,-0.02871920056211113,-0.10068369843415437,0.08415445341808696,0.0,0.0,0.0,0.0,1.0,1.0,,0.0,,False,,,7.0,61,0.14285714285714285,0.14285714285714285,0.14285714285714285,0.14285714285714285,0.14285714285714285,0.14285714285714285,0.14285714285714285,0.9575598807831897,0.9536357930098714,0.9593638617140574,0.9904526166902407,1.019303688383316,0.9602929838087895,1.0035059331175835
equal_weight,49,14,85121.0968453562,-0.06308596309481518,-0.06308596309481518,-0.0772801920112923,-0.174796891793759,0.06333997303375302,0.0,0.0,0.0,0.0,1.0,1.0,,0.0,,False,,,7.0,62,0.14285714285714285,0.14285714285714285,0.14285714285714285,0.14285714285714285,0.14285714285714285,0.14285714285714285,0.14285714285714285,0.906604323640961,0.8950099292047539,0.9116191074982402,0.9460906818993214,1.0010145417653027,0.8916097952629467,1.0064498790647676
equal_weight,49,15,85910.50412046578,0.00927393213158112,0.00927393213158112,0.006691328581090915,-0.16400201609546583,0.08207094234404536,0.0,0.0,0.0,0.0,1.0,1.0,,0.0,,False,,,7.0,63,0.14285714285714285,0.14285714285714285,0.14285714285714285,0.14285714285714285,0.14285714285714285,0.14285714285714285,0.14285714285714285,1.0798634244603893,1.039007305019145,1.1395080340749941,0.8803773584905662,0.9280405405405406,0.9914452949122017,1.0066755674232308
equal_weight,49,16,91436.93696713702,0.06432778975341535,0.06432778975341535,0.06585598724725657,-0.0936499331330467,0.08992191430325128,0.0,0.0,0.0,0.0,1.0,1.0,,0.0,,False,,,7.0,64,0.14285714285714285,0.14285714285714285,0.14285714285714285,0.14285714285714285,0.14285714285714285,0.14285714285714285,0.14285714285714285,1.0537528861202778,1.0436698440150798,1.056726336776278,1.1337333904843547,1.097196942118675,1.0286103542234333,1.0366047745358091
equal_weight,49,17,88547.51994799403,-0.03160010729779217,-0.03160010729779217,-0.04029681005991951,-0.12933710688602318,0.09219272613886073,0.0,0.0,0.0,0.0,1.0,1.0,,0.0,,False,,,7.0,65,0.14285714285714285,0.14285714285714285,0.14285714285714285,0.14285714285714285,0.14285714285714285,0.14285714285714285,0.14285714285714285,0.9410285276370367,0.912668726840604,0.9582963540708176,1.0015122873345936,0.9499004644990046,1.0061810154525386,1.00921187308086
equal_weight,49,18,93143.14725343947,0.051900124454581587,0.051900124454581587,0.05237101850901033,-0.0736162879261879,0.06699600901649884,0.0,0.0,0.0,0.0,1.0,1.0,,0.0,,False,,,7.0,66,0.14285714285714285,0.14285714285714285,0.14285714285714285,0.14285714285714285,0.14285714285714285,0.14285714285714285,0.14285714285714285,1.0617528584451108,1.1068239035899863,1.0283217793331279,1.064175160437901,0.9811386657352429,1.100043878894252,1.0210446247464502
equal_weight,49,19,91202.60274307228,-0.02083400193775964,-0.02083400193775964,-0.026904867150872033,-0.09645993636509442,0.08122437423931034,0.0,0.0,0.0,0.0,1.0,1.0,,0.0,,False,,,7.0,67,0.14285714285714285,0.14285714285714285,0.14285714285714285,0.14285714285714285,0.14285714285714285,0.14285714285714285,0.14285714285714285,0.9738875049333385,0.9888637987703586,0.9580667059670183,0.9741042923022349,1.0316838732645068,0.9409652971679298,0.9865905140302956
equal_weight,49,20,93059.98581562073,0.020365461255320794,0.020365461255320794,0.018227348994200573,-0.07457570644948808,0.07313761842811545,0.0,0.0,0.0,0.0,1.0,1.0,,0.0,,False,,,7.0,68,0.14285714285714285,0.14285714285714285,0.14285714285714285,0.14285714285714285,0.14285714285714285,0.14285714285714285,0.14285714285714285,1.0350516236175364,1.0668988139445743,1.0189072752337456,0.971959213401311,0.9986197377501727,0.9864349300551081,1.0646866347847974
equal_weight,49,21,94046.94677918828,0.010605642746636557,0.010605642746636557,0.007626534307944354,-0.06329873988135759,0.07300864520372265,0.0,0.0,0.0,0.0,1.0,1.0,,0.0,,False,,,7.0,69,0.14285714285714285,0.14285714285714285,0.14285714285714285,0.14285714285714285,0.14285714285714285,0.14285714285714285,0.14285714285714285,1.0146423361916632,1.0003827389871474,1.0247643242463869,1.0041213937804423,1.0570145127850723,0.969058874086807,1.0042553191489363
equal_weight,49,22,92642.80294119216,-0.014930243735534532,-0.014930243735534532,-0.019065409472251556,-0.07941466390517182,0.05898970896874644,0.0,0.0,0.0,0.0,1.0,1.0,,0.0,,False,,,7.0,70,0.14285714285714285,0.14285714285714285,0.14285714285714285,0.14285714285714285,0.14285714285714285,0.14285714285714285,0.14285714285714285,1.0024823479186857,1.0579639578806326,0.9651039618260693,0.9328358208955223,0.9767898005884277,0.945011086474501,1.0153013182674198
equal_weight,49,23,95159.15549908984,0.02716187850550056,0.02716187850550056,0.02497084889677275,-0.050871032592932686,0.0714556483093277,0.0,0.0,0.0,0.0,1.0,1.0,,0.0,,False,,,7.0,71,0.14285714285714285,0.14285714285714285,0.14285714285714285,0.14285714285714285,0.14285714285714285,0.14285714285714285,0.14285714285714285,1.0647274634440285,1.0659156475343874,1.0455609523922245,1.0168,0.9832663989290497,1.0154856874706712,0.9983769997681431
equal_weight,49,24,98672.0987626456,0.03691650314813222,0.03691650314813222,0.03351957563303291,-0.013457717571698335,0.07787478776402888,0.0,0.0,0.0,0.0,1.0,1.0,,0.0,,False,,,7.0,72,0.14285714285714285,0.14285714285714285,0.14285714285714285,0.14285714285714285,0.14285714285714285,0.14285714285714285,0.14285714285714285,1.0311389371500623,1.0404774891800428,1.033478927516993,1.0743509047993705,1.0571817562968002,1.0083179297597042,1.0134695773339524
equal_weight,50,1,97857.72954036703,-0.021422704596329667,-0.021422704596329667,-0.025745665996526633,-0.021891683668679995,0.07707964655693274,0.0,0.0,0.0,0.0,1.0,1.0,,0.0,,False,,,7.0,50,0.14285714285714285,0.14285714285714285,0.14285714285714285,0.14285714285714285,0.14285714285714285,0.14285714285714285,0.14285714285714285,0.9524308174608502,0.9468745137780623,0.9571047153564893,1.0296367112810707,0.9903846153846152,1.0135222150676113,0.9600874794969929
equal_weight,50,2,100560.14746756648,0.02761578405602272,0.02761578405602272,0.0237004833938795,0.005570272932894582,0.07522946415390153,0.0,0.0,0.0,0.0,1.0,1.0,,0.0,,False,,,7.0,51,0.14285714285714285,0.14285714285714285,0.14285714285714285,0.14285714285714285,0.14285714285714285,0.14285714285714285,0.14285714285714285,1.0691438500861281,1.0726581795633896,1.0583749337868538,1.0225936242649336,0.9190938511326862,1.0320838627700126,1.019362186788155
equal_weight,50,3,99665.33484546829,-0.00889828271569304,-0.00889828271569304,-0.012862537935060082,-0.003357889230499289,0.07868751543332418,0.0,0.0,0.0,0.0,1.0,1.0,,0.0,,False,,,7.0,52,0.14285714285714285,0.14285714285714285,0.14285714285714285,0.14285714285714285,0.14285714285714285,0.14285714285714285,0.14285714285714285,0.9916662901143084,1.0025358571630094,0.9627064136965677,0.9576271186440679,0.9838028169014084,1.0421668205601724,0.9972067039106144
equal_weight,50,4,101439.27912276093,0.017799009856768633,0.017799009856768633,0.014405524501795124,0.014188577986828155,0.06281885431064639,0.0,0.0,0.0,0.0,1.0,1.0,,0.0,,False,,,7.0,53,0.14285714285714285,0.14285714285714285,0.14285714285714285,0.14285714285714285,0.14285714285714285,0.14285714285714285,0.14285714285714285,1.0436129187650538,1.0069045203783964,1.0537813804467038,1.0290771175726925,1.0293486041517539,0.9503839338452451,1.0114845938375352
equal_weight,50,5,94432.8841269522,-0.06906984214004175,-0.06906984214004175,-0.07663307258932578,-0.05895314883704672,0.06982691530901806,0.0,0.0,0.0,0.0,1.0,1.0,,0.0,,False,,,7.0,54,0.14285714285714285,0.14285714285714285,0.14285714285714285,0.14285714285714285,0.14285714285714285,0.14285714285714285,0.14285714285714285,0.9298536593307981,0.8801916899722919,0.9556161965613983,0.9324324324324325,0.9551460361613352,0.8760099440646364,0.9872611464968152
equal_weight,50,6,95183.61694207425,0.007949908785088056,0.007949908785088056,0.004305180646477763,-0.05060096698003025,0.08094002421077418,0.0,0.0,0.0,0.0,1.0,1.0,,0.0,,False,,,7.0,55,0.14285714285714285,0.14285714285714285,0.14285714285714285,0.14285714285714285,0.14285714285714285,0.14285714285714285,0.14285714285714285,0.9869331771848514,0.9986076251350232,0.9760156672096543,1.0082345191040842,1.0462322533673099,0.9882937211777227,1.0513323983169707
equal_weight,50,7,95445.54037473178,0.0027517701162471653,0.0027517701162471653,-8.589574998018115e-05,-0.047717888205009995,0.05937949050000869,0.0,0.0,0.0,0.0,1.0,1.0,,0.0,,False,,,7.0,56,0.14285714285714285,0.14285714285714285,0.14285714285714285,0.14285714285714285,0.14285714285714285,0.14285714285714285,0.14285714285714285,1.0357733081792009,1.0341142880338432,1.0231835256931106,0.9411956876837635,1.048016701461378,0.9239052404881549,1.0130736392742796
equal_weight,50,8,89389.38154769078,-0.0634514593690152,-0.0634514593690152,-0.07490406812515896,-0.11870110597698091,0.07841700706376072,0.0,0.0,0.0,0.0,1.0,1.0,,0.0,,False,,,7.0,57,0.14285714285714285,0.14285714285714285,0.14285714285714285,0.14285714285714285,0.14285714285714285,0.14285714285714285,0.14285714285714285,0.9120432847339066,0.8673832471904358,0.9509451683395475,0.9694550503297468,0.9555112881806108,0.8717948717948719,1.0287068738477745
equal_weight,50,9,89495.68418576875,0.0011892087878611068,0.0011892087878611068,-0.002168823755391214,-0.11737231699829387,0.06995225468156518,0.0,0.0,0.0,0.0,1.0,1.0,,0.0,,False,,,7.0,58,0.14285714285714285,0.14285714285714285,0.14285714285714285,0.14285714285714285,0.14285714285714285,0.14285714285714285,0.14285714285714285,1.0000531712757406,0.9794685529360748,1.000391488535496,0.999641962047977,1.0055594162612926,1.0401069518716577,0.9831029185867896
equal_weight,50,10,90007.59617705231,0.005719962877997142,0.005719962877997142,0.003346896023301244,-0.11101733906204769,0.06016163825889863,0.0,0.0,0.0,0.0,1.0,1.0,,0.0,,False,,,7.0,59,0.14285714285714285,0.14285714285714285,0.14285714285714285,0.14285714285714285,0.14285714285714285,0.14285714285714285,0.14285714285714285,0.9160800047452287,0.912869623396696,0.9328680427305247,1.0992120343839542,1.0241879751209397,1.1696658097686377,0.9851562499999998
equal_weight,50,11,91453.30626434278,0.016062089742366226,0.016062089742366226,0.013329699515554707,-0.09345417989540228,0.08466919302181417,0.0,0.0,0.0,0.0,1.0,1.0,,0.0,,False,,,7.0,60,0.14285714285714285,0.14285714285714285,0.14285714285714285,0.14285714285714285,0.14285714285714285,0.14285714285714285,0.14285714285714285,1.0911163764566931,1.1234912300099247,1.0672516751244587,0.9214727924405344,0.9787449392712549,0.9501831501831501,0.9801744647105474
equal_weight,50,12,89416.70328951432,-0.022269320356135935,-0.022269320356135935,-0.02862885702741218,-0.11835928099718651,0.07447511851255896,0.0,0.0,0.0,0.0,1.0,1.0,,0.0,,False,,,7.0,61,0.14285714285714285,0.14285714285714285,0.14285714285714285,0.14285714285714285,0.14285714285714285,0.14285714285714285,0.14285714285714285,0.9575598807831897,0.9536357930098714,0.9593638617140574,0.9904526166902407,1.019303688383316,0.9602929838087895,1.0035059331175835
equal_weight,50,13,83775.76444573198,-0.06308596309481518,-0.06308596309481518,-0.07873679317869242,-0.19366263813417905,0.0686687208339975,0.0,0.0,0.0,0.0,1.0,1.0,,0.0,,False,,,7.0,62,0.14285714285714285,0.14285714285714285,0.14285714285714285,0.14285714285714285,0.14285714285714285,0.14285714285714285,0.14285714285714285,0.906604323640961,0.8950099292047539,0.9116191074982402,0.9460906818993214,1.0010145417653027,0.8916097952629467,1.0064498790647676
equal_weight,50,14,84552.69519947303,0.00927393213158112,0.00927393213158112,0.006520759636763644,-0.18269441043936396,0.08894936116102894,0.0,0.0,0.0,0.0,1.0,1.0,,0.0,,False,,,7.0,63,0.14285714285714285,0.14285714285714285,0.14285714285714285,0.14285714285714285,0.14285714285714285,0.14285714285714285,0.14285714285714285,1.0798634244603893,1.039007305019145,1.1395080340749941,0.8803773584905662,0.9280405405405406,0.9914452949122017,1.0066755674232308
equal_weight,50,15,89991.78319934935,0.06432778975341535,0.06432778975341535,0.06674399701247413,-0.11121256235672661,0.09475702140326456,0.0,0.0,0.0,0.0,1.0,1.0,,0.0,,False,,,7.0,64,0.14285714285714285,0.14285714285714285,0.14285714285714285,0.14285714285714285,0.14285714285714285,0.14285714285714285,0.14285714285714285,1.0537528861202778,1.0436698440150798,1.056726336776278,1.1337333904843547,1.097196942118675,1.0286103542234333,1.0366047745358091
equal_weight,50,16,87148.03319433026,-0.03160010729779217,-0.03160010729779217,-0.040734616888372085,-0.14747282680506757,0.08948704880062242,0.0,0.0,0.0,0.0,1.0,1.0,,0.0,,False,,,7.0,65,0.14285714285714285,0.14285714285714285,0.14285714285714285,0.14285714285714285,0.14285714285714285,0.14285714285714285,0.14285714285714285,0.9410285276370367,0.912668726840604,0.9582963540708176,1.0015122873345936,0.9499004644990046,1.0061810154525386,1.00921187308086
equal_weight,50,17,91671.026963088,0.051900124454581587,0.051900124454581587,0.052856257153654086,-0.09085720224630744,0.07518734810212077,0.0,0.0,0.0,0.0,1.0,1.0,,0.0,,False,,,7.0,66,0.14285714285714285,0.14285714285714285,0.14285714285714285,0.14285714285714285,0.14285714285714285,0.14285714285714285,0.14285714285714285,1.0617528584451108,1.1068239035899863,1.0283217793331279,1.064175160437901,0.9811386657352429,1.100043878894252,1.0210446247464502
equal_weight,50,18,89761.15260970262,-0.02083400193775964,-0.02083400193775964,-0.0272916918199502,-0.11406769067257527,0.08162406787364748,0.0,0.0,0.0,0.0,1.0,1.0,,0.0,,False,,,7.0,67,0.14285714285714285,0.14285714285714285,0.14285714285714285,0.14285714285714285,0.14285714285714285,0.14285714285714285,0.14285714285714285,0.9738875049333385,0.9888637987703586,0.9580667059670183,0.9741042923022349,1.0316838732645068,0.9409652971679298,0.9865905140302956
equal_weight,50,19,91589.17988540846,0.020365461255320794,0.020365461255320794,0.018684753822209486,-0.0918320278128344,0.07101818075062788,0.0,0.0,0.0,0.0,1.0,1.0,,0.0,,False,,,7.0,68,0.14285714285714285,0.14285714285714285,0.14285714285714285,0.14285714285714285,0.14285714285714285,0.14285714285714285,0.14285714285714285,1.0350516236175364,1.0668988139445743,1.0189072752337456,0.971959213401311,0.9986197377501727,0.9864349300551081,1.0646866347847974
equal_weight,50,20,92560.54200673054,0.010605642746636557,0.010605642746636557,0.007992406958712008,-0.08037396748096515,0.06931306746314476,0.0,0.0,0.0,0.0,1.0,1.0,,0.0,,False,,,7.0,69,0.14285714285714285,0.14285714285714285,0.14285714285714285,0.14285714285714285,0.14285714285714285,0.14285714285714285,0.14285714285714285,1.0146423361916632,1.0003827389871474,1.0247643242463869,1.0041213937804423,1.0570145127850723,0.969058874086807,1.0042553191489363
equal_weight,50,21,91178.59055427687,-0.014930243735534532,-0.014930243735534532,-0.01973703940942302,-0.09674869278081144,0.06724628219153454,0.0,0.0,0.0,0.0,1.0,1.0,,0.0,,False,,,7.0,70,0.14285714285714285,0.14285714285714285,0.14285714285714285,0.14285714285714285,0.14285714285714285,0.14285714285714285,0.14285714285714285,1.0024823479186857,1.0579639578806326,0.9651039618260693,0.9328358208955223,0.9767898005884277,0.945011086474501,1.0153013182674198
equal_weight,50,22,93655.17235321492,0.02716187850550056,0.02716187850550056,0.025736623326651248,-0.06774668699402886,0.06530764920262666,0.0,0.0,0.0,0.0,1.0,1.0,,0.0,,False,,,7.0,71,0.14285714285714285,0.14285714285714285,0.14285714285714285,0.14285714285714285,0.14285714285714285,0.14285714285714285,0.14285714285714285,1.0647274634440285,1.0659156475343874,1.0455609523922245,1.0168,0.9832663989290497,1.0154856874706712,0.9983769997681431
equal_weight,50,23,97112.59381823124,0.03691650314813222,0.03691650314813222,0.034363020840979995,-0.029732561640493316,0.07302209025111098,0.0,0.0,0.0,0.0,1.0,1.0,,0.0,,False,,,7.0,72,0.14285714285714285,0.14285714285714285,0.14285714285714285,0.14285714285714285,0.14285714285714285,0.14285714285714285,0.14285714285714285,1.0311389371500623,1.0404774891800428,1.033478927516993,1.0743509047993705,1.0571817562968002,1.0083179297597042,1.0134695773339524
equal_weight,50,24,94434.57276990017,-0.02757645474225101,-0.02757645474225101,-0.032932130926889444,-0.0589342130414523,0.07460959051860921,0.0,0.0,0.0,0.0,1.0,1.0,,0.0,,False,,,7.0,73,0.14285714285714285,0.14285714285714285,0.14285714285714285,0.14285714285714285,0.14285714285714285,0.14285714285714285,0.14285714285714285,0.9822836111014266,0.9783176430619793,0.9764445432283997,0.9483705602343465,0.963940759819704,0.9404216315307058,1.0171860678276812
equal_weight,51,1,102761.57840560227,0.02761578405602272,0.02761578405602272,0.023557905779015634,0.026873647217662056,0.0663148287729284,0.0,0.0,0.0,0.0,1.0,1.0,,0.0,,False,,,7.0,51,0.14285714285714285,0.14285714285714285,0.14285714285714285,0.14285714285714285,0.14285714285714285,0.14285714285714285,0.14285714285714285,1.0691438500861281,1.0726581795633896,1.0583749337868538,1.0225936242649336,0.9190938511326862,1.0320838627700126,1.019362186788155
equal_weight,51,2,101847.17682863836,-0.00889828271569304,-0.00889828271569304,-0.013051954762211705,0.018136750434882387,0.08630115958864071,0.0,0.0,0.0,0.0,1.0,1.0,,0.0,,False,,,7.0,52,0.14285714285714285,0.14285714285714285,0.14285714285714285,0.14285714285714285,0.14285714285714285,0.14285714285714285,0.14285714285714285,0.9916662901143084,1.0025358571630094,0.9627064136965677,0.9576271186440679,0.9838028169014084,1.0421668205601724,0.9972067039106144
equal_weight,51,3,103659.95573289535,0.017799009856768633,0.017799009856768633,0.013620871169435689,0.03530732486830401,0.07099406527971873,0.0,0.0,0.0,0.0,1.0,1.0,,0.0,,False,,,7.0,53,0.14285714285714285,0.14285714285714285,0.14285714285714285,0.14285714285714285,0.14285714285714285,0.14285714285714285,0.14285714285714285,1.0436129187650538,1.0069045203783964,1.0537813804467038,1.0290771175726925,1.0293486041517539,0.9503839338452451,1.0114845938375352
equal_weight,51,4,96500.17895418055,-0.06906984214004175,-0.06906984214004175,-0.07520052999764154,-0.03626750834815762,0.07251393562359827,0.0,0.0,0.0,0.0,1.0,1.0,,0.0,,False,,,7.0,54,0.14285714285714285,0.14285714285714285,0.14285714285714285,0.14285714285714285,0.14285714285714285,0.14285714285714285,0.14285714285714285,0.9298536593307981,0.8801916899722919,0.9556161965613983,0.9324324324324325,0.9551460361613352,0.8760099440646364,0.9872611464968152
equal_weight,51,5,97267.34657461096,0.007949908785088056,0.007949908785088056,0.0041356505054202285,-0.028094252815798804,0.0807521005387717,0.0,0.0,0.0,0.0,1.0,1.0,,0.0,,False,,,7.0,55,0.14285714285714285,0.14285714285714285,0.14285714285714285,0.14285714285714285,0.14285714285714285,0.14285714285714285,0.14285714285714285,0.9869331771848514,0.9986076251350232,0.9760156672096543,1.0082345191040842,1.0462322533673099,0.9882937211777227,1.0513323983169707
equal_weight,51,6,97535.00395220163,0.0027517701162471653,0.0027517701162471653,-0.00024077781300618035,-0.02527293738570391,0.0612418648620215,0.0,0.0,0.0,0.0,1.0,1.0,,0.0,,False,,,7.0,56,0.14285714285714285,0.14285714285714285,0.14285714285714285,0.14285714285714285,0.14285714285714285,0.14285714285714285,0.14285714285714285,1.0357733081792009,1.0341142880338432,1.0231835256931106,0.9411956876837635,1.048016701461378,0.9239052404881549,1.0130736392742796
equal_weight,51,7,91346.26561187177,-0.0634514593690152,-0.0634514593690152,-0.07309675008022126,-0.09473550265204889,0.07268369627752574,0.0,0.0,0.0,0.0,1.0,1.0,,0.0,,False,,,7.0,57,0.14285714285714285,0.14285714285714285,0.14285714285714285,0.14285714285714285,0.14285714285714285,0.14285714285714285,0.14285714285714285,0.9120432847339066,0.8673832471904358,0.9509451683395475,0.9694550503297468,0.9555112881806108,0.8717948717948719,1.0287068738477745
equal_weight,51,8,91454.8953936757,0.0011892087878611068,0.0011892087878611068,-0.0026088209173520628,-0.09343517992712291,0.07818287284556072,0.0,0.0,0.0,0.0,1.0,1.0,,0.0,,False,,,7.0,58,0.14285714285714285,0.14285714285714285,0.14285714285714285,0.14285714285714285,0.14285714285714285,0.14285714285714285,0.14285714285714285,1.0000531712757406,0.9794685529360748,1.000391488535496,0.999641962047977,1.0055594162612926,1.0401069518716577,0.9831029185867896
equal_weight,51,9,91978.01400033863,0.005719962877997142,0.005719962877997142,0.0026008894965973556,-0.08721634280592139,0.0723589524920834,0.0,0.0,0.0,0.0,1.0,1.0,,0.0,,False,,,7.0,59,0.14285714285714285,0.14285714285714285,0.14285714285714285,0.14285714285714285,0.14285714285714285,0.14285714285714285,0.14285714285714285,0.9160800047452287,0.912869623396696,0.9328680427305247,1.0992120343839542,1.0241879751209397,1.1696658097686377,0.9851562499999998
equal_weight,51,10,93455.37311553668,0.016062089742366226,0.016062089742366226,0.013094306181263702,-0.07002943400988126,0.08185205229552844,0.0,0.0,0.0,0.0,1.0,1.0,,0.0,,False,,,7.0,60,0.14285714285714285,0.14285714285714285,0.14285714285714285,0.14285714285714285,0.14285714285714285,0.14285714285714285,0.14285714285714285,1.0911163764566931,1.1234912300099247,1.0672516751244587,0.9214727924405344,0.9787449392712549,0.9501831501831501,0.9801744647105474
equal_weight,51,11,91374.18547262458,-0.022269320356135935,-0.022269320356135935,-0.02817459643347991,-0.09440100048782041,0.07606059911081532,0.0,0.0,0.0,0.0,1.0,1.0,,0.0,,False,,,7.0,61,0.14285714285714285,0.14285714285714285,0.14285714285714285,0.14285714285714285,0.14285714285714285,0.14285714285714285,0.14285714285714285,0.9575598807831897,0.9536357930098714,0.9593638617140574,0.9904526166902407,1.019303688383316,0.9602929838087895,1.0035059331175835
equal_weight,51,12,85609.7569800798,-0.06308596309481518,-0.06308596309481518,-0.07692828503739459,-0.1680911560497551,0.06476258950919764,0.0,0.0,0.0,0.0,1.0,1.0,,0.0,,False,,,7.0,62,0.14285714285714285,0.14285714285714285,0.14285714285714285,0.14285714285714285,0.14285714285714285,0.14285714285714285,0.14285714285714285,0.906604323640961,0.8950099292047539,0.9116191074982402,0.9460906818993214,1.0010145417653027,0.8916097952629467,1.0064498790647676
equal_weight,51,13,86403.6960561142,0.00927393213158112,0.00927393213158112,0.007042623482710807,-0.15735789745679152,0.07381270220505567,0.0,0.0,0.0,0.0,1.0,1.0,,0.0,,False,,,7.0,63,0.14285714285714285,0.14285714285714285,0.14285714285714285,0.14285714285714285,0.14285714285714285,0.14285714285714285,0.14285714285714285,1.0798634244603893,1.039007305019145,1.1395080340749941,0.8803773584905662,0.9280405405405406,0.9914452949122017,1.0066755674232308
equal_weight,51,14,91961.85484992992,0.06432778975341535,0.06432778975341535,0.06581294641663915,-0.0874073838896281,0.08275134301048528,0.0,0.0,0.0,0.0,1.0,1.0,,0.0,,False,,,7.0,64,0.14285714285714285,0.14285714285714285,0.14285714285714285,0.14285714285714285,0.14285714285714285,0.14285714285714285,0.14285714285714285,1.0537528861202778,1.0436698440150798,1.056726336776278,1.1337333904843547,1.097196942118675,1.0286103542234333,1.0366047745358091
equal_weight,51,15,89055.85036936814,-0.03160010729779217,-0.03160010729779217,-0.03964875962866165,-0.12289085540410749,0.08330576228364511,0.0,0.0,0.0,0.0,1.0,1.0,,0.0,,False,,,7.0,65,0.14285714285714285,0.14285714285714285,0.14285714285714285,0.14285714285714285,0.14285714285714285,0.14285714285714285,0.14285714285714285,0.9410285276370367,0.912668726840604,0.9582963540708176,1.0015122873345936,0.9499004644990046,1.0061810154525386,1.00921187308086
equal_weight,51,16,93677.86008694694,0.051900124454581587,0.051900124454581587,0.051850499682895734,-0.06748809064580663,0.07104530150810254,0.0,0.0,0.0,0.0,1.0,1.0,,0.0,,False,,,7.0,66,0.14285714285714285,0.14285714285714285,0.14285714285714285,0.14285714285714285,0.14285714285714285,0.14285714285714285,0.14285714285714285,1.0617528584451108,1.1068239035899863,1.0283217793331279,1.064175160437901,0.9811386657352429,1.100043878894252,1.0210446247464502
equal_weight,51,17,91726.17536837031,-0.02083400193775964,-0.02083400193775964,-0.026430160278574002,-0.09020134763498189,0.07433806578797489,0.0,0.0,0.0,0.0,1.0,1.0,,0.0,,False,,,7.0,67,0.14285714285714285,0.14285714285714285,0.14285714285714285,0.14285714285714285,0.14285714285714285,0.14285714285714285,0.14285714285714285,0.9738875049333385,0.9888637987703586,0.9580667059670183,0.9741042923022349,1.0316838732645068,0.9409652971679298,0.9865905140302956
equal_weight,51,18,93594.22123893362,0.020365461255320794,0.020365461255320794,0.01841533793958215,-0.06844203281218908,0.06687953766421316,0.0,0.0,0.0,0.0,1.0,1.0,,0.0,,False,,,7.0,68,0.14285714285714285,0.14285714285714285,0.14285714285714285,0.14285714285714285,0.14285714285714285,0.14285714285714285,0.14285714285714285,1.0350516236175364,1.0668988139445743,1.0189072752337456,0.971959213401311,0.9986197377501727,0.9864349300551081,1.0646866347847974
equal_weight,51,19,94586.84811254342,0.010605642746636557,0.010605642746636557,0.007963372048728944,-0.05722943512205614,0.06498451282807996,0.0,0.0,0.0,0.0,1.0,1.0,,0.0,,False,,,7.0,69,0.14285714285714285,0.14285714285714285,0.14285714285714285,0.14285714285714285,0.14285714285714285,0.14285714285714285,0.14285714285714285,1.0146423361916632,1.0003827389871474,1.0247643242463869,1.0041213937804423,1.0570145127850723,0.969058874086807,1.0042553191489363
equal_weight,51,20,93174.64341604715,-0.014930243735534532,-0.014930243735534532,-0.01913677574664664,-0.07325336951895789,0.06225682699489772,0.0,0.0,0.0,0.0,1.0,1.0,,0.0,,False,,,7.0,70,0.14285714285714285,0.14285714285714285,0.14285714285714285,0.14285714285714285,0.14285714285714285,0.14285714285714285,0.14285714285714285,1.0024823479186857,1.0579639578806326,0.9651039618260693,0.9328358208955223,0.9767898005884277,0.945011086474501,1.0153013182674198
equal_weight,51,21,95705.44176030716,0.02716187850550056,0.02716187850550056,0.02473811067108228,-0.04487266513484678,0.07285187426057659,0.0,0.0,0.0,0.0,1.0,1.0,,0.0,,False,,,7.0,71,0.14285714285714285,0.14285714285714285,0.14285714285714285,0.14285714285714285,0.14285714285714285,0.14285714285714285,0.14285714285714285,1.0647274634440285,1.0659156475343874,1.0455609523922245,1.0168,0.9832663989290497,1.0154856874706712,0.9983769997681431
equal_weight,51,22,99238.55200234492,0.03691650314813222,0.03691650314813222,0.032930258708931945,-0.0076729051592479,0.08539002533333864,0.0,0.0,0.0,0.0,1.0,1.0,,0.0,,False,,,7.0,72,0.14285714285714285,0.14285714285714285,0.14285714285714285,0.14285714285714285,0.14285714285714285,0.14285714285714285,0.14285714285714285,1.0311389371500623,1.0404774891800428,1.033478927516993,1.0743509047993705,1.0571817562968002,1.0083179297597042,1.0134695773339524
equal_weight,51,23,96501.90456436573,-0.02757645474225101,-0.02757645474225101,-0.0319477493841691,-0.03624897820851891,0.06743352669796168,0.0,0.0,0.0,0.0,1.0,1.0,,0.0,,False,,,7.0,73,0.14285714285714285,0.14285714285714285,0.14285714285714285,0.14285714285714285,0.14285714285714285,0.14285714285714285,0.14285714285714285,0.9822836111014266,0.9783176430619793,0.9764445432283997,0.9483705602343465,0.963940759819704,0.9404216315307058,1.0171860678276812
equal_weight,51,24,94161.72378074001,-0.02425009945855372,-0.02425009945855372,-0.029046409242579126,-0.06200264804895328,0.06585478804289516,0.0,0.0,0.0,0.0,1.0,1.0,,0.0,,False,,,7.0,74,0.14285714285714285,0.14285714285714285,0.14285714285714285,0.14285714285714285,0.14285714285714285,0.14285714285714285,0.14285714285714285,0.953865200398201,0.9405989802128366,0.9695992992920063,0.9972972972972974,1.0277221108884433,0.9517543859649122,0.9894120297364272
equal_weight,52,1,99110.1717284307,-0.00889828271569304,-0.00889828271569304,-0.013051843629373724,-0.008978173037652581,0.08147341183442283,0.0,0.0,0.0,0.0,1.0,1.0,,0.0,,False,,,7.0,52,0.14285714285714285,0.14285714285714285,0.14285714285714285,0.14285714285714285,0.14285714285714285,0.14285714285714285,0.14285714285714285,0.9916662901143084,1.0025358571630094,0.9627064136965677,0.9576271186440679,0.9838028169014084,1.0421668205601724,0.9972067039106144
equal_weight,52,2,100874.23465193107,0.017799009856768633,0.017799009856768633,0.013753322860624887,0.008666580271440294,0.07782860896935975,0.0,0.0,0.0,0.0,1.0,1.0,,0.0,,False,,,7.0,53,0.14285714285714285,0.14285714285714285,0.14285714285714285,0.14285714285714285,0.14285714285714285,0.14285714285714285,0.14285714285714285,1.0436129187650538,1.0069045203783964,1.0537813804467038,1.0290771175726925,1.0293486041517539,0.9503839338452451,1.0114845938375352
equal_weight,52,3,93906.86718852466,-0.06906984214004175,-0.06906984214004175,-0.07699208261106862,-0.0648848480829729,0.06881308513310833,0.0,0.0,0.0,0.0,1.0,1.0,,0.0,,False,,,7.0,54,0.14285714285714285,0.14285714285714285,0.14285714285714285,0.14285714285714285,0.14285714285714285,0.14285714285714285,0.14285714285714285,0.9298536593307981,0.8801916899722919,0.9556161965613983,0.9324324324324325,0.9551460361613352,0.8760099440646364,0.9872611464968152
equal_weight,52,4,94653.4182169668,0.007949908785088056,0.007949908785088056,0.004443925646237315,-0.05648588169079782,0.07910081491875526,0.0,0.0,0.0,0.0,1.0,1.0,,0.0,,False,,,7.0,55,0.14285714285714285,0.14285714285714285,0.14285714285714285,0.14285714285714285,0.14285714285714285,0.14285714285714285,0.14285714285714285,0.9869331771848514,0.9986076251350232,0.9760156672096543,1.0082345191040842,1.0462322533673099,0.9882937211777227,1.0513323983169707
equal_weight,52,5,94913.8826646169,0.0027517701162471653,0.0027517701162471653,3.605802046388086e-05,-0.05358665342303137,0.05726340494605141,0.0,0.0,0.0,0.0,1.0,1.0,,0.0,,False,,,7.0,56,0.14285714285714285,0.14285714285714285,0.14285714285714285,0.14285714285714285,0.14285714285714285,0.14285714285714285,0.14285714285714285,1.0357733081792009,1.0341142880338432,1.0231835256931106,0.9411956876837635,1.048016701461378,0.9239052404881549,1.0130736392742796
equal_weight,52,6,88891.45829516748,-0.0634514593690152,-0.0634514593690152,-0.07497422763118805,-0.12496748189174922,0.0718679832494039,0.0,0.0,0.0,0.0,1.0,1.0,,0.0,,False,,,7.0,57,0.14285714285714285,0.14285714285714285,0.14285714285714285,0.14285714285714285,0.14285714285714285,0.14285714285714285,0.14285714285714285,0.9120432847339066,0.8673832471904358,0.9509451683395475,0.9694550503297468,0.9555112881806108,0.8717948717948719,1.0287068738477745
equal_weight,52,7,88997.16879853788,0.0011892087878611068,0.0011892087878611068,-0.0027666499618360114,-0.12363124973524875,0.08205764236672966,0.0,0.0,0.0,0.0,1.0,1.0,,0.0,,False,,,7.0,58,0.14285714285714285,0.14285714285714285,0.14285714285714285,0.14285714285714285,0.14285714285714285,0.14285714285714285,0.14285714285714285,1.0000531712757406,0.9794685529360748,1.000391488535496,0.999641962047977,1.0055594162612926,1.0401069518716577,0.9831029185867896
equal_weight,52,8,89506.22930031236,0.005719962877997142,0.005719962877997142,0.003073576365317321,-0.11724067455102816,0.06633997637806544,0.0,0.0,0.0,0.0,1.0,1.0,,0.0,,False,,,7.0,59,0.14285714285714285,0.14285714285714285,0.14285714285714285,0.14285714285714285,0.14285714285714285,0.14285714285714285,0.14285714285714285,0.9160800047452287,0.912869623396696,0.9328680427305247,1.0992120343839542,1.0241879751209397,1.1696658097686377,0.9851562499999998
equal_weight,52,9,90943.88638783479,0.016062089742366226,0.016062089742366226,0.013365941465710398,-0.0995791357930862,0.0859119458446313,0.0,0.0,0.0,0.0,1.0,1.0,,0.0,,False,,,7.0,60,0.14285714285714285,0.14285714285714285,0.14285714285714285,0.14285714285714285,0.14285714285714285,0.14285714285714285,0.14285714285714285,1.0911163764566931,1.1234912300099247,1.0672516751244587,0.9214727924405344,0.9787449392712549,0.9501831501831501,0.9801744647105474
equal_weight,52,10,88918.62784743207,-0.022269320356135935,-0.022269320356135935,-0.02904819714689511,-0.12462374218798677,0.08007181503989055,0.0,0.0,0.0,0.0,1.0,1.0,,0.0,,False,,,7.0,61,0.14285714285714285,0.14285714285714285,0.14285714285714285,0.14285714285714285,0.14285714285714285,0.14285714285714285,0.14285714285714285,0.9575598807831897,0.9536357930098714,0.9593638617140574,0.9904526166902407,1.019303688383316,0.9602929838087895,1.0035059331175835
equal_weight,52,11,83309.11057260737,-0.06308596309481518,-0.06308596309481518,-0.07934226981764125,-0.20034890917297488,0.07234205665306298,0.0,0.0,0.0,0.0,1.0,1.0,,0.0,,False,,,7.0,62,0.14285714285714285,0.14285714285714285,0.14285714285714285,0.14285714285714285,0.14285714285714285,0.14285714285714285,0.14285714285714285,0.906604323640961,0.8950099292047539,0.9116191074982402,0.9460906818993214,1.0010145417653027,0.8916097952629467,1.0064498790647676
equal_weight,52,12,84081.71361000012,0.00927393213158112,0.00927393213158112,0.0062281751318158315,-0.18931924322849025,0.09602981625337582,0.0,0.0,0.0,0.0,1.0,1.0,,0.0,,False,,,7.0,63,0.14285714285714285,0.14285714285714285,0.14285714285714285,0.14285714285714285,0.14285714285714285,0.14285714285714285,0.14285714285714285,1.0798634244603893,1.039007305019145,1.1395080340749941,0.8803773584905662,0.9280405405405406,0.9914452949122017,1.0066755674232308
equal_weight,52,13,89490.50440521109,0.06432778975341535,0.06432778975341535,0.06766306770311653,-0.11743699138404828,0.08438368282650878,0.0,0.0,0.0,0.0,1.0,1.0,,0.0,,False,,,7.0,64,0.14285714285714285,0.14285714285714285,0.14285714285714285,0.14285714285714285,0.14285714285714285,0.14285714285714285,0.14285714285714285,1.0537528861202778,1.0436698440150798,1.056726336776278,1.1337333904843547,1.097196942118675,1.0286103542234333,1.0366047745358091
equal_weight,52,14,86662.59486387287,-0.03160010729779217,-0.03160010729779217,-0.04046997653887677,-0.1539003667854295,0.08013202274991083,0.0,0.0,0.0,0.0,1.0,1.0,,0.0,,False,,,7.0,65,0.14285714285714285,0.14285714285714285,0.14285714285714285,0.14285714285714285,0.14285714285714285,0.14285714285714285,0.14285714285714285,0.9410285276370367,0.912668726840604,0.9582963540708176,1.0015122873345936,0.9499004644990046,1.0061810154525386,1.00921187308086
equal_weight,52,15,91160.39432286486,0.051900124454581587,0.051900124454581587,0.05307246008359482,-0.09696761123945685,0.0772059092475567,0.0,0.0,0.0,0.0,1.0,1.0,,0.0,,False,,,7.0,66,0.14285714285714285,0.14285714285714285,0.14285714285714285,0.14285714285714285,0.14285714285714285,0.14285714285714285,0.14285714285714285,1.0617528584451108,1.1068239035899863,1.0283217793331279,1.064175160437901,0.9811386657352429,1.100043878894252,1.0210446247464502
equal_weight,52,16,89261.15849089535,-0.02083400193775964,-0.02083400193775964,-0.027547398856319384,-0.12030811262885432,0.08413794933843827,0.0,0.0,0.0,0.0,1.0,1.0,,0.0,,False,,,7.0,67,0.14285714285714285,0.14285714285714285,0.14285714285714285,0.14285714285714285,0.14285714285714285,0.14285714285714285,0.14285714285714285,0.9738875049333385,0.9888637987703586,0.9580667059670183,0.9741042923022349,1.0316838732645068,0.9409652971679298,0.9865905140302956
equal_weight,52,17,91079.00315574673,0.020365461255320794,0.020365461255320794,0.01890792743901982,-0.09794789726670827,0.06904575846252467,0.0,0.0,0.0,0.0,1.0,1.0,,0.0,,False,,,7.0,68,0.14285714285714285,0.14285714285714285,0.14285714285714285,0.14285714285714285,0.14285714285714285,0.14285714285714285,0.14285714285714285,1.0350516236175364,1.0668988139445743,1.0189072752337456,0.971959213401311,0.9986197377501727,0.9864349300551081,1.0646866347847974
equal_weight,52,18,92044.95452493636,0.010605642746636557,0.010605642746636557,0.008018788108474936,-0.08642565490005749,0.07006908516351691,0.0,0.0,0.0,0.0,1.0,1.0,,0.0,,False,,,7.0,69,0.14285714285714285,0.14285714285714285,0.14285714285714285,0.14285714285714285,0.14285714285714285,0.14285714285714285,0.14285714285714285,1.0146423361916632,1.0003827389871474,1.0247643242463869,1.0041213937804423,1.0570145127850723,0.969058874086807,1.0042553191489363
equal_weight,52,19,90670.70091925286,-0.014930243735534532,-0.014930243735534532,-0.019542969550051408,-0.10289210280899197,0.06153043282233861,0.0,0.0,0.0,0.0,1.0,1.0,,0.0,,False,,,7.0,70,0.14285714285714285,0.14285714285714285,0.14285714285714285,0.14285714285714285,0.14285714285714285,0.14285714285714285,0.14285714285714285,1.0024823479186857,1.0579639578806326,0.9651039618260693,0.9328358208955223,0.9767898005884277,0.945011086474501,1.0153013182674198
equal_weight,52,20,93133.48748163019,0.02716187850550056,0.02716187850550056,0.025752692917502006,-0.07372764302125145,0.0682353374047702,0.0,0.0,0.0,0.0,1.0,1.0,,0.0,,False,,,7.0,71,0.14285714285714285,0.14285714285714285,0.14285714285714285,0.14285714285714285,0.14285714285714285,0.14285714285714285,0.14285714285714285,1.0647274634440285,1.0659156475343874,1.0455609523922245,1.0168,0.9832663989290497,1.0154856874706712,0.9983769997681431
equal_weight,52,21,96571.65016544232,0.03691650314813222,0.03691650314813222,0.03486310283441914,-0.035500582507230316,0.06727915359203998,0.0,0.0,0.0,0.0,1.0,1.0,,0.0,,False,,,7.0,72,0.14285714285714285,0.14285714285714285,0.14285714285714285,0.14285714285714285,0.14285714285714285,0.14285714285714285,0.14285714285714285,1.0311389371500623,1.0404774891800428,1.033478927516993,1.0743509047993705,1.0571817562968002,1.0083179297597042,1.0134695773339524
equal_weight,52,22,93908.5464252705,-0.02757645474225101,-0.02757645474225101,-0.03282076420796103,-0.06486580621899929,0.06911080992384114,0.0,0.0,0.0,0.0,1.0,1.0,,0.0,,False,,,7.0,73,0.14285714285714285,0.14285714285714285,0.14285714285714285,0.14285714285714285,0.14285714285714285,0.14285714285714285,0.14285714285714285,0.9822836111014266,0.9783176430619793,0.9764445432283997,0.9483705602343465,0.963940759819704,0.9404216315307058,1.0171860678276812
equal_weight,52,23,91631.25483444949,-0.02425009945855372,-0.02425009945855372,-0.030151857876905906,-0.09133068384439746,0.07373960503015463,0.0,0.0,0.0,0.0,1.0,1.0,,0.0,,False,,,7.0,74,0.14285714285714285,0.14285714285714285,0.14285714285714285,0.14285714285714285,0.14285714285714285,0.14285714285714285,0.14285714285714285,0.953865200398201,0.9405989802128366,0.9695992992920063,0.9972972972972974,1.0277221108884433,0.9517543859649122,0.9894120297364272
equal_weight,52,24,90117.1786739046,-0.016523577716799576,-0.016523577716799576,-0.021775129269919296,-0.1096663418842383,0.06878942460156934,0.0,0.0,0.0,0.0,1.0,1.0,,0.0,,False,,,7.0,75,0.14285714285714285,0.14285714285714285,0.14285714285714285,0.14285714285714285,0.14285714285714285,0.14285714285714285,0.14285714285714285,0.9753702827932057,0.9734845260871898,0.9817779805097796,0.9632210607820363,0.9691257718557038,0.9810547875064004,1.0403005464480872
equal_weight,53,1,101779.90098567687,0.017799009856768633,0.017799009856768633,0.014015213187953807,0.017487745305699853,0.06945064235492092,0.0,0.0,0.0,0.0,1.0,1.0,,0.0,,False,,,7.0,53,0.14285714285714285,0.14285714285714285,0.14285714285714285,0.14285714285714285,0.14285714285714285,0.14285714285714285,0.14285714285714285,1.0436129187650538,1.0069045203783964,1.0537813804467038,1.0290771175726925,1.0293486041517539,0.9503839338452451,1.0114845938375352
equal_weight,53,2,94749.97929156708,-0.06906984214004175,-0.06906984214004175,-0.0763912821964063,-0.05540920164507268,0.06988670491267521,0.0,0.0,0.0,0.0,1.0,1.0,,0.0,,False,,,7.0,54,0.14285714285714285,0.14285714285714285,0.14285714285714285,0.14285714285714285,0.14285714285714285,0.14285714285714285,0.14285714285714285,0.9298536593307981,0.8801916899722919,0.9556161965613983,0.9324324324324325,0.9551460361613352,0.8760099440646364,0.9872611464968152
equal_weight,53,3,95503.23298432403,0.007949908785088056,0.007949908785088056,0.004380118112478777,-0.04708497163037473,0.07888223804438352,0.0,0.0,0.0,0.0,1.0,1.0,,0.0,,False,,,7.0,55,0.14285714285714285,0.14285714285714285,0.14285714285714285,0.14285714285714285,0.14285714285714285,0.14285714285714285,0.14285714285714285,0.9869331771848514,0.9986076251350232,0.9760156672096543,1.0082345191040842,1.0462322533673099,0.9882937211777227,1.0513323983169707
equal_weight,53,4,95766.03592685529,0.0027517701162471653,0.0027517701162471653,-0.00020227872997770997,-0.044211541515392305,0.06151417689920265,0.0,0.0,0.0,0.0,1.0,1.0,,0.0,,False,,,7.0,56,0.14285714285714285,0.14285714285714285,0.14285714285714285,0.14285714285714285,0.14285714285714285,0.14285714285714285,0.14285714285714285,1.0357733081792009,1.0341142880338432,1.0231835256931106,0.9411956876837635,1.048016701461378,0.9239052404881549,1.0130736392742796
equal_weight,53,5,89689.54118931078,-0.0634514593690152,-0.0634514593690152,-0.07446702143508131,-0.11495720319191483,0.07442719517117577,0.0,0.0,0.0,0.0,1.0,1.0,,0.0,,False,,,7.0,57,0.14285714285714285,0.14285714285714285,0.14285714285714285,0.14285714285714285,0.14285714285714285,0.14285714285714285,0.14285714285714285,0.9120432847339066,0.8673832471904358,0.9509451683395475,0.9694550503297468,0.9555112881806108,0.8717948717948719,1.0287068738477745
equal_weight,53,6,89796.20077987234,0.0011892087878611068,0.0011892087878611068,-0.0025351624539493977,-0.11363286120691685,0.07719008877894752,0.0,0.0,0.0,0.0,1.0,1.0,,0.0,,False,,,7.0,58,0.14285714285714285,0.14285714285714285,0.14285714285714285,0.14285714285714285,0.14285714285714285,0.14285714285714285,0.14285714285714285,1.0000531712757406,0.9794685529360748,1.000391488535496,0.999641962047977,1.0055594162612926,1.0401069518716577,0.9831029185867896
equal_weight,53,7,90309.83171491839,0.005719962877997142,0.005719962877997142,0.0032908376471587576,-0.10729915116740152,0.0608574478471314,0.0,0.0,0.0,0.0,1.0,1.0,,0.0,,False,,,7.0,59,0.14285714285714285,0.14285714285714285,0.14285714285714285,0.14285714285714285,0.14285714285714285,0.14285714285714285,0.14285714285714285,0.9160800047452287,0.912869623396696,0.9328680427305247,1.0992120343839542,1.0241879751209397,1.1696658097686377,0.9851562499999998
equal_weight,53,8,91760.3963365414,0.016062089742366226,0.016062089742366226,0.013772730273684888,-0.08979476977452183,0.07463302238389599,0.0,0.0,0.0,0.0,1.0,1.0,,0.0,,False,,,7.0,60,0.14285714285714285,0.14285714285714285,0.14285714285714285,0.14285714285714285,0.14285714285714285,0.14285714285714285,0.14285714285714285,1.0911163764566931,1.1234912300099247,1.0672516751244587,0.9214727924405344,0.9787449392712549,0.9501831501831501,0.9801744647105474
equal_weight,53,9,89716.95467451695,-0.022269320356135935,-0.022269320356135935,-0.029548659157845995,-0.11461652218121743,0.09453813502300798,0.0,0.0,0.0,0.0,1.0,1.0,,0.0,,False,,,7.0,61,0.14285714285714285,0.14285714285714285,0.14285714285714285,0.14285714285714285,0.14285714285714285,0.14285714285714285,0.14285714285714285,0.9575598807831897,0.9536357930098714,0.9593638617140574,0.9904526166902407,1.019303688383316,0.9602929838087895,1.0035059331175835
equal_weight,53,10,84057.07418294117,-0.06308596309481518,-0.06308596309481518,-0.07876619889790835,-0.1896678652216799,0.07429711714891782,0.0,0.0,0.0,0.0,1.0,1.0,,0.0,,False,,,7.0,62,0.14285714285714285,0.14285714285714285,0.14285714285714285,0.14285714285714285,0.14285714285714285,0.14285714285714285,0.14285714285714285,0.906604323640961,0.8950099292047539,0.9116191074982402,0.9460906818993214,1.0010145417653027,0.8916097952629467,1.0064498790647676
equal_weight,53,11,84836.61378409305,0.00927393213158112,0.00927393213158112,0.007044212978734004,-0.178736344363029,0.07774615759833793,0.0,0.0,0.0,0.0,1.0,1.0,,0.0,,False,,,7.0,63,0.14285714285714285,0.14285714285714285,0.14285714285714285,0.14285714285714285,0.14285714285714285,0.14285714285714285,0.14285714285714285,1.0798634244603893,1.039007305019145,1.1395080340749941,0.8803773584905662,0.9280405405405406,0.9914452949122017,1.0066755674232308
equal_weight,53,12,90293.96563898788,0.06432778975341535,0.06432778975341535,0.06669618677316316,-0.10749372111773958,0.09092872944252477,0.0,0.0,0.0,0.0,1.0,1.0,,0.0,,False,,,7.0,64,0.14285714285714285,0.14285714285714285,0.14285714285714285,0.14285714285714285,0.14285714285714285,0.14285714285714285,0.14285714285714285,1.0537528861202778,1.0436698440150798,1.056726336776278,1.1337333904843547,1.097196942118675,1.0286103542234333,1.0366047745358091
equal_weight,53,13,87440.6666364527,-0.03160010729779217,-0.03160010729779217,-0.040315003664734214,-0.14363263509603086,0.08352179372885882,0.0,0.0,0.0,0.0,1.0,1.0,,0.0,,False,,,7.0,65,0.14285714285714285,0.14285714285714285,0.14285714285714285,0.14285714285714285,0.14285714285714285,0.14285714285714285,0.14285714285714285,0.9410285276370367,0.912668726840604,0.9582963540708176,1.0015122873345936,0.9499004644990046,1.0061810154525386,1.00921187308086
equal_weight,53,14,91978.84811727618,0.051900124454581587,0.051900124454581587,0.052695261443613375,-0.0872064833046895,0.07461780695455979,0.0,0.0,0.0,0.0,1.0,1.0,,0.0,,False,,,7.0,66,0.14285714285714285,0.14285714285714285,0.14285714285714285,0.14285714285714285,0.14285714285714285,0.14285714285714285,0.14285714285714285,1.0617528584451108,1.1068239035899863,1.0283217793331279,1.064175160437901,0.9811386657352429,1.100043878894252,1.0210446247464502
equal_weight,53,15,90062.56061736796,-0.02083400193775964,-0.02083400193775964,-0.026902887481582243,-0.1103392943139978,0.07540152944547872,0.0,0.0,0.0,0.0,1.0,1.0,,0.0,,False,,,7.0,67,0.14285714285714285,0.14285714285714285,0.14285714285714285,0.14285714285714285,0.14285714285714285,0.14285714285714285,0.14285714285714285,0.9738875049333385,0.9888637987703586,0.9580667059670183,0.9741042923022349,1.0316838732645068,0.9409652971679298,0.9865905140302956
equal_weight,53,16,91896.72620617594,0.020365461255320794,0.020365461255320794,0.018327848912786916,-0.08817804646972816,0.07666797862965469,0.0,0.0,0.0,0.0,1.0,1.0,,0.0,,False,,,7.0,68,0.14285714285714285,0.14285714285714285,0.14285714285714285,0.14285714285714285,0.14285714285714285,0.14285714285714285,0.14285714285714285,1.0350516236175364,1.0668988139445743,1.0189072752337456,0.971959213401311,0.9986197377501727,0.9864349300551081,1.0646866347847974
equal_weight,53,17,92871.35005390411,0.010605642746636557,0.010605642746636557,0.00838542253190632,-0.07675833227317463,0.06068583329294403,0.0,0.0,0.0,0.0,1.0,1.0,,0.0,,False,,,7.0,69,0.14285714285714285,0.14285714285714285,0.14285714285714285,0.14285714285714285,0.14285714285714285,0.14285714285714285,0.14285714285714285,1.0146423361916632,1.0003827389871474,1.0247643242463869,1.0041213937804423,1.0570145127850723,0.969058874086807,1.0042553191489363
equal_weight,53,18,91484.75816155117,-0.014930243735534532,-0.014930243735534532,-0.01974536109847494,-0.0930782570732922,0.06850872596714741,0.0,0.0,0.0,0.0,1.0,1.0,,0.0,,False,,,7.0,70,0.14285714285714285,0.14285714285714285,0.14285714285714285,0.14285714285714285,0.14285714285714285,0.14285714285714285,0.14285714285714285,1.0024823479186857,1.0579639578806326,0.9651039618260693,0.9328358208955223,0.9767898005884277,0.945011086474501,1.0153013182674198
equal_weight,53,19,93969.65604784033,0.02716187850550056,0.02716187850550056,0.02547239508856847,-0.06417331089399325,0.06865102181460964,0.0,0.0,0.0,0.0,1.0,1.0,,0.0,,False,,,7.0,71,0.14285714285714285,0.14285714285714285,0.14285714285714285,0.14285714285714285,0.14285714285714285,0.14285714285714285,0.14285714285714285,1.0647274634440285,1.0659156475343874,1.0455609523922245,1.0168,0.9832663989290497,1.0154856874706712,0.9983769997681431
equal_weight,53,20,97438.68715115932,0.03691650314813222,0.03691650314813222,0.034150314549423744,-0.026286405571816163,0.07473181545506696,0.0,0.0,0.0,0.0,1.0,1.0,,0.0,,False,,,7.0,72,0.14285714285714285,0.14285714285714285,0.14285714285714285,0.14285714285714285,0.14285714285714285,0.14285714285714285,0.14285714285714285,1.0311389371500623,1.0404774891800428,1.033478927516993,1.0743509047993705,1.0571817562968002,1.0083179297597042,1.0134695773339524
equal_weight,53,21,94751.67360479102,-0.02757645474225101,-0.02757645474225101,-0.033050771770052056,-0.05539032922098808,0.07893696241760283,0.0,0.0,0.0,0.0,1.0,1.0,,0.0,,False,,,7.0,73,0.14285714285714285,0.14285714285714285,0.14285714285714285,0.14285714285714285,0.14285714285714285,0.14285714285714285,0.14285714285714285,0.9822836111014266,0.9783176430619793,0.9764445432283997,0.9483705602343465,0.963940759819704,0.9404216315307058,1.0171860678276812
equal_weight,53,22,92453.93609601042,-0.02425009945855372,-0.02425009945855372,-0.029790405288323656,-0.08161971488323916,0.07122039252145144,0.0,0.0,0.0,0.0,1.0,1.0,,0.0,,False,,,7.0,74,0.14285714285714285,0.14285714285714285,0.14285714285714285,0.14285714285714285,0.14285714285714285,0.14285714285714285,0.14285714285714285,0.953865200398201,0.9405989802128366,0.9695992992920063,0.9972972972972974,1.0277221108884433,0.9517543859649122,0.9894120297364272
equal_weight,53,23,90926.26629770397,-0.016523577716799576,-0.016523577716799576,-0.02154979540068882,-0.09979221705406327,0.06754586459729413,0.0,0.0,0.0,0.0,1.0,1.0,,0.0,,False,,,7.0,75,0.14285714285714285,0.14285714285714285,0.14285714285714285,0.14285714285714285,0.14285714285714285,0.14285714285714285,0.14285714285714285,0.9753702827932057,0.9734845260871898,0.9817779805097796,0.9632210607820363,0.9691257718557038,0.9810547875064004,1.0403005464480872
equal_weight,53,24,93818.24321510152,0.03180573705653833,0.03180573705653833,0.031130077940097478,-0.06589077532314547,0.05542727581640653,0.0,0.0,0.0,0.0,1.0,1.0,,0.0,,False,,,7.0,76,0.14285714285714285,0.14285714285714285,0.14285714285714285,0.14285714285714285,0.14285714285714285,0.14285714285714285,0.14285714285714285,1.0891792688816473,1.1069920631695078,1.0876782985427245,0.965032154340836,1.0026827632461435,0.978079331941545,0.9929962792733641
equal_weight,54,1,93093.01578599583,-0.06906984214004175,-0.06906984214004175,-0.0779956879938054,-0.07419444042807788,0.07602495131455028,0.0,0.0,0.0,0.0,1.0,1.0,,0.0,,False,,,7.0,54,0.14285714285714285,0.14285714285714285,0.14285714285714285,0.14285714285714285,0.14285714285714285,0.14285714285714285,0.14285714285714285,0.9298536593307981,0.8801916899722919,0.9556161965613983,0.9324324324324325,0.9551460361613352,0.8760099440646364,0.9872611464968152
equal_weight,54,2,93833.09677002326,0.007949908785088056,0.007949908785088056,0.004645768408660357,-0.06572204736129805,0.07653249316238937,0.0,0.0,0.0,0.0,1.0,1.0,,0.0,,False,,,7.0,55,0.14285714285714285,0.14285714285714285,0.14285714285714285,0.14285714285714285,0.14285714285714285,0.14285714285714285,0.14285714285714285,0.9869331771848514,0.9986076251350232,0.9760156672096543,1.0082345191040842,1.0462322533673099,0.9882937211777227,1.0513323983169707
equal_weight,54,3,94091.30388162994,0.0027517701162471653,0.0027517701162471653,-3.1526136063915813e-07,-0.06279747303537642,0.058497791745645504,0.0,0.0,0.0,0.0,1.0,1.0,,0.0,,False,,,7.0,56,0.14285714285714285,0.14285714285714285,0.14285714285714285,0.14285714285714285,0.14285714285714285,0.14285714285714285,0.14285714285714285,1.0357733081792009,1.0341142880338432,1.0231835256931106,0.9411956876837635,1.048016701461378,0.9239052404881549,1.0130736392742796
equal_weight,54,4,88121.07333640703,-0.0634514593690152,-0.0634514593690152,-0.07566746770766368,-0.13480233744140313,0.07325206603273933,0.0,0.0,0.0,0.0,1.0,1.0,,0.0,,False,,,7.0,57,0.14285714285714285,0.14285714285714285,0.14285714285714285,0.14285714285714285,0.14285714285714285,0.14285714285714285,0.14285714285714285,0.9120432847339066,0.8673832471904358,0.9509451683395475,0.9694550503297468,0.9555112881806108,0.8717948717948719,1.0287068738477745
equal_weight,54,5,88225.86769121444,0.0011892087878611068,0.0011892087878611068,-0.0028357645455401956,-0.13345442348036007,0.08367357013166504,0.0,0.0,0.0,0.0,1.0,1.0,,0.0,,False,,,7.0,58,0.14285714285714285,0.14285714285714285,0.14285714285714285,0.14285714285714285,0.14285714285714285,0.14285714285714285,0.14285714285714285,1.0000531712757406,0.9794685529360748,1.000391488535496,0.999641962047977,1.0055594162612926,1.0401069518716577,0.9831029185867896
equal_weight,54,6,88730.51637928728,0.005719962877997142,0.005719962877997142,0.0033155230369990287,-0.1270079796734216,0.06261841539878911,0.0,0.0,0.0,0.0,1.0,1.0,,0.0,,False,,,7.0,59,0.14285714285714285,0.14285714285714285,0.14285714285714285,0.14285714285714285,0.14285714285714285,0.14285714285714285,0.14285714285714285,0.9160800047452287,0.912869623396696,0.9328680427305247,1.0992120343839542,1.0241879751209397,1.1696658097686377,0.9851562499999998
equal_weight,54,7,90155.71389625789,0.016062089742366226,0.016062089742366226,0.014017197171496075,-0.10919203762359331,0.07597489756664415,0.0,0.0,0.0,0.0,1.0,1.0,,0.0,,False,,,7.0,60,0.14285714285714285,0.14285714285714285,0.14285714285714285,0.14285714285714285,0.14285714285714285,0.14285714285714285,0.14285714285714285,1.0911163764566931,1.1234912300099247,1.0672516751244587,0.9214727924405344,0.9787449392712549,0.9501831501831501,0.9801744647105474
equal_weight,54,8,88148.00742156598,-0.022269320356135935,-0.022269320356135935,-0.02945096564438982,-0.134455592646038,0.08374821243890224,0.0,0.0,0.0,0.0,1.0,1.0,,0.0,,False,,,7.0,61,0.14285714285714285,0.14285714285714285,0.14285714285714285,0.14285714285714285,0.14285714285714285,0.14285714285714285,0.14285714285714285,0.9575598807831897,0.9536357930098714,0.9593638617140574,0.9904526166902407,1.019303688383316,0.9602929838087895,1.0035059331175835
equal_weight,54,9,82587.10547848757,-0.06308596309481518,-0.06308596309481518,-0.07955853161139897,-0.21084277528104134,0.06342697952791301,0.0,0.0,0.0,0.0,1.0,1.0,,0.0,,False,,,7.0,62,0.14285714285714285,0.14285714285714285,0.14285714285714285,0.14285714285714285,0.14285714285714285,0.14285714285714285,0.14285714285714285,0.906604323640961,0.8950099292047539,0.9116191074982402,0.9460906818993214,1.0010145417653027,0.8916097952629467,1.0064498790647676
equal_weight,54,10,83353.0126896388,0.00927393213158112,0.00927393213158112,0.0074593154048165355,-0.1997166841748781,0.07333551402693426,0.0,0.0,0.0,0.0,1.0,1.0,,0.0,,False,,,7.0,63,0.14285714285714285,0.14285714285714285,0.14285714285714285,0.14285714285714285,0.14285714285714285,0.14285714285714285,0.14285714285714285,1.0798634244603893,1.039007305019145,1.1395080340749941,0.8803773584905662,0.9280405405405406,0.9914452949122017,1.0066755674232308
equal_weight,54,11,88714.92776525165,0.06432778975341535,0.06432778975341535,0.06795870708978723,-0.12720601277622356,0.09103928617734593,0.0,0.0,0.0,0.0,1.0,1.0,,0.0,,False,,,7.0,64,0.14285714285714285,0.14285714285714285,0.14285714285714285,0.14285714285714285,0.14285714285714285,0.14285714285714285,0.14285714285714285,1.0537528861202778,1.0436698440150798,1.056726336776278,1.1337333904843547,1.097196942118675,1.0286103542234333,1.0366047745358091
equal_weight,54,12,85911.52652895381,-0.03160010729779217,-0.03160010729779217,-0.04108702731210682,-0.16398816364062752,0.0860975289540573,0.0,0.0,0.0,0.0,1.0,1.0,,0.0,,False,,,7.0,65,0.14285714285714285,0.14285714285714285,0.14285714285714285,0.14285714285714285,0.14285714285714285,0.14285714285714285,0.14285714285714285,0.9410285276370367,0.912668726840604,0.9582963540708176,1.0015122873345936,0.9499004644990046,1.0061810154525386,1.00921187308086
equal_weight,54,13,90370.3454478896,0.051900124454581587,0.051900124454581587,0.054387325039291015,-0.1065576822173726,0.06086312767927781,0.0,0.0,0.0,0.0,1.0,1.0,,0.0,,False,,,7.0,66,0.14285714285714285,0.14285714285714285,0.14285714285714285,0.14285714285714285,0.14285714285714285,0.14285714285714285,0.14285714285714285,1.0617528584451108,1.1068239035899863,1.0283217793331279,1.064175160437901,0.9811386657352429,1.100043878894252,1.0210446247464502
equal_weight,54,14,88487.56949571226,-0.02083400193775964,-0.02083400193775964,-0.02732195773439693,-0.13010223435785062,0.0755481118783783,0.0,0.0,0.0,0.0,1.0,1.0,,0.0,,False,,,7.0,67,0.14285714285714285,0.14285714285714285,0.14285714285714285,0.14285714285714285,0.14285714285714285,0.14285714285714285,0.14285714285714285,0.9738875049333385,0.9888637987703586,0.9580667059670183,0.9741042923022349,1.0316838732645068,0.9409652971679298,0.9865905140302956
equal_weight,54,15,90289.65966385469,0.020365461255320794,0.020365461255320794,0.019002019352721097,-0.10754653824476224,0.07107353520734574,0.0,0.0,0.0,0.0,1.0,1.0,,0.0,,False,,,7.0,68,0.14285714285714285,0.14285714285714285,0.14285714285714285,0.14285714285714285,0.14285714285714285,0.14285714285714285,0.14285714285714285,1.0350516236175364,1.0668988139445743,1.0189072752337456,0.971959213401311,0.9986197377501727,0.9864349300551081,1.0646866347847974
equal_weight,54,16,91247.23953796494,0.010605642746636557,0.010605642746636557,0.008180856905468829,-0.09592356444266259,0.06884233793261633,0.0,0.0,0.0,0.0,1.0,1.0,,0.0,,False,,,7.0,69,0.14285714285714285,0.14285714285714285,0.14285714285714285,0.14285714285714285,0.14285714285714285,0.14285714285714285,0.14285714285714285,1.0146423361916632,1.0003827389871474,1.0247643242463869,1.0041213937804423,1.0570145127850723,0.969058874086807,1.0042553191489363
equal_weight,54,17,89884.89601146842,-0.014930243735534532,-0.014930243735534532,-0.020171870596024294,-0.11253396774515934,0.07122934587055098,0.0,0.0,0.0,0.0,1.0,1.0,,0.0,,False,,,7.0,70,0.14285714285714285,0.14285714285714285,0.14285714285714285,0.14285714285714285,0.14285714285714285,0.14285714285714285,0.14285714285714285,1.0024823479186857,1.0579639578806326,0.9651039618260693,0.9328358208955223,0.9767898005884277,0.945011086474501,1.0153013182674198
equal_weight,54,18,92326.33863641147,0.02716187850550056,0.02716187850550056,0.02565400639111825,-0.08311454214390568,0.07530838420270812,0.0,0.0,0.0,0.0,1.0,1.0,,0.0,,False,,,7.0,71,0.14285714285714285,0.14285714285714285,0.14285714285714285,0.14285714285714285,0.14285714285714285,0.14285714285714285,0.14285714285714285,1.0647274634440285,1.0659156475343874,1.0455609523922245,1.0168,0.9832663989290497,1.0154856874706712,0.9983769997681431
equal_weight,54,19,95734.70420733807,0.03691650314813222,0.03691650314813222,0.034772883071534505,-0.04455328742045661,0.07576743303829127,0.0,0.0,0.0,0.0,1.0,1.0,,0.0,,False,,,7.0,72,0.14285714285714285,0.14285714285714285,0.14285714285714285,0.14285714285714285,0.14285714285714285,0.14285714285714285,0.14285714285714285,1.0311389371500623,1.0404774891800428,1.033478927516993,1.0743509047993705,1.0571817562968002,1.0083179297597042,1.0134695773339524
equal_weight,54,20,93094.68046950163,-0.02757645474225101,-0.02757645474225101,-0.033150203784093994,-0.07417523209353072,0.07056518222039773,0.0,0.0,0.0,0.0,1.0,1.0,,0.0,,False,,,7.0,73,0.14285714285714285,0.14285714285714285,0.14285714285714285,0.14285714285714285,0.14285714285714285,0.14285714285714285,0.14285714285714285,0.9822836111014266,0.9783176430619793,0.9764445432283997,0.9483705602343465,0.963940759819704,0.9404216315307058,1.0171860678276812
equal_weight,54,21,90837.12520905393,-0.02425009945855372,-0.02425009945855372,-0.0299028182798663,-0.10087147484972125,0.06413151047351534,0.0,0.0,0.0,0.0,1.0,1.0,,0.0,,False,,,7.0,74,0.14285714285714285,0.14285714285714285,0.14285714285714285,0.14285714285714285,0.14285714285714285,0.14285714285714285,0.14285714285714285,0.953865200398201,0.9405989802128366,0.9695992992920063,0.9972972972972974,1.0277221108884433,0.9517543859649122,0.9894120297364272
equal_weight,54,22,89336.17091109148,-0.016523577716799576,-0.016523577716799576,-0.021878714633129875,-0.11936742956580604,0.0676551983409018,0.0,0.0,0.0,0.0,1.0,1.0,,0.0,,False,,,7.0,75,0.14285714285714285,0.14285714285714285,0.14285714285714285,0.14285714285714285,0.14285714285714285,0.14285714285714285,0.14285714285714285,0.9753702827932057,0.9734845260871898,0.9817779805097796,0.9632210607820363,0.9691257718557038,0.9810547875064004,1.0403005464480872
equal_weight,54,23,92177.57367272762,0.03180573705653833,0.03180573705653833,0.03102546766409443,-0.08486257573936107,0.06958772324701079,0.0,0.0,0.0,0.0,1.0,1.0,,0.0,,False,,,7.0,76,0.14285714285714285,0.14285714285714285,0.14285714285714285,0.14285714285714285,0.14285714285714285,0.14285714285714285,0.14285714285714285,1.0891792688816473,1.1069920631695078,1.0876782985427245,0.965032154340836,1.0026827632461435,0.978079331941545,0.9929962792733641
equal_weight,54,24,93552.02919075366,0.01491095353524896,0.01491095353524896,0.012032478729998927,-0.06892390111708702,0.07812391784550249,0.0,0.0,0.0,0.0,1.0,1.0,,0.0,,False,,,7.0,77,0.14285714285714285,0.14285714285714285,0.14285714285714285,0.14285714285714285,0.14285714285714285,0.14285714285714285,0.14285714285714285,1.0442292370169115,1.0551892045973597,1.0483617643675298,0.9808413161182841,0.9802675585284282,0.9829242262540022,1.0125633678642274
equal_weight,55,1,100794.9908785088,0.007949908785088056,0.007949908785088056,0.004070271992602032,0.007887206215108744,0.07633868445013424,0.0,0.0,0.0,0.0,1.0,1.0,,0.0,,False,,,7.0,55,0.14285714285714285,0.14285714285714285,0.14285714285714285,0.14285714285714285,0.14285714285714285,0.14285714285714285,0.14285714285714285,0.9869331771848514,0.9986076251350232,0.9760156672096543,1.0082345191040842,1.0462322533673099,0.9882937211777227,1.0513323983169707
equal_weight,55,2,101072.35552227568,0.0027517701162471653,0.0027517701162471653,-0.0005757329616816451,0.010609780654012302,0.06596614801170406,0.0,0.0,0.0,0.0,1.0,1.0,,0.0,,False,,,7.0,56,0.14285714285714285,0.14285714285714285,0.14285714285714285,0.14285714285714285,0.14285714285714285,0.14285714285714285,0.14285714285714285,1.0357733081792009,1.0341142880338432,1.0231835256931106,0.9411956876837635,1.048016701461378,0.9239052404881549,1.0130736392742796
equal_weight,55,3,94659.16706252335,-0.0634514593690152,-0.0634514593690152,-0.0706129717452849,-0.05642171913417515,0.07162943914194884,0.0,0.0,0.0,0.0,1.0,1.0,,0.0,,False,,,7.0,57,0.14285714285714285,0.14285714285714285,0.14285714285714285,0.14285714285714285,0.14285714285714285,0.14285714285714285,0.14285714285714285,0.9120432847339066,0.8673832471904358,0.9509451683395475,0.9694550503297468,0.9555112881806108,0.8717948717948719,1.0287068738477745
equal_weight,55,4,94771.73657584572,0.0011892087878611068,0.0011892087878611068,-0.0029445112445635564,-0.0551669053776398,0.08398650002197823,0.0,0.0,0.0,0.0,1.0,1.0,,0.0,,False,,,7.0,58,0.14285714285714285,0.14285714285714285,0.14285714285714285,0.14285714285714285,0.14285714285714285,0.14285714285714285,0.14285714285714285,1.0000531712757406,0.9794685529360748,1.000391488535496,0.999641962047977,1.0055594162612926,1.0401069518716577,0.9831029185867896
equal_weight,55,5,95313.82739094288,0.005719962877997142,0.005719962877997142,0.002639305742475173,-0.04916571642681111,0.06723766416707022,0.0,0.0,0.0,0.0,1.0,1.0,,0.0,,False,,,7.0,59,0.14285714285714285,0.14285714285714285,0.14285714285714285,0.14285714285714285,0.14285714285714285,0.14285714285714285,0.14285714285714285,0.9160800047452287,0.912869623396696,0.9328680427305247,1.0992120343839542,1.0241879751209397,1.1696658097686377,0.9851562499999998
equal_weight,55,6,96844.7666401846,0.016062089742366226,0.016062089742366226,0.012719027048611047,-0.03258031868194067,0.07732741392518797,0.0,0.0,0.0,0.0,1.0,1.0,,0.0,,False,,,7.0,60,0.14285714285714285,0.14285714285714285,0.14285714285714285,0.14285714285714285,0.14285714285714285,0.14285714285714285,0.14285714285714285,1.0911163764566931,1.1234912300099247,1.0672516751244587,0.9214727924405344,0.9787449392712549,0.9501831501831501,0.9801744647105474
equal_weight,55,7,94688.09950705912,-0.022269320356135935,-0.022269320356135935,-0.02795726955310467,-0.05609892394708882,0.08877328575913034,0.0,0.0,0.0,0.0,1.0,1.0,,0.0,,False,,,7.0,61,0.14285714285714285,0.14285714285714285,0.14285714285714285,0.14285714285714285,0.14285714285714285,0.14285714285714285,0.14285714285714285,0.9575598807831897,0.9536357930098714,0.9593638617140574,0.9904526166902407,1.019303688383316,0.9602929838087895,1.0035059331175835
equal_weight,55,8,88714.6095560386,-0.06308596309481518,-0.06308596309481518,-0.07456563232611699,-0.1272100559359699,0.06909000674471805,0.0,0.0,0.0,0.0,1.0,1.0,,0.0,,False,,,7.0,62,0.14285714285714285,0.14285714285714285,0.14285714285714285,0.14285714285714285,0.14285714285714285,0.14285714285714285,0.14285714285714285,0.906604323640961,0.8950099292047539,0.9116191074982402,0.9460906818993214,1.0010145417653027,0.8916097952629467,1.0064498790647676
equal_weight,55,9,89537.34282414101,0.00927393213158112,0.00927393213158112,0.006229862907135422,-0.11685244218614499,0.0825550168537898,0.0,0.0,0.0,0.0,1.0,1.0,,0.0,,False,,,7.0,63,0.14285714285714285,0.14285714285714285,0.14285714285714285,0.14285714285714285,0.14285714285714285,0.14285714285714285,0.14285714285714285,1.0798634244603893,1.039007305019145,1.1395080340749941,0.8803773584905662,0.9280405405405406,0.9914452949122017,1.0066755674232308
equal_weight,55,10,95297.08218841183,0.06432778975341535,0.06432778975341535,0.06339341446056262,-0.0493500714144639,0.08217912622236916,0.0,0.0,0.0,0.0,1.0,1.0,,0.0,,False,,,7.0,64,0.14285714285714285,0.14285714285714285,0.14285714285714285,0.14285714285714285,0.14285714285714285,0.14285714285714285,0.14285714285714285,1.0537528861202778,1.0436698440150798,1.056726336776278,1.1337333904843547,1.097196942118675,1.0286103542234333,1.0366047745358091
equal_weight,55,11,92285.6841660915,-0.03160010729779217,-0.03160010729779217,-0.03891721727825962,-0.08359168492509239,0.09351207535262265,0.0,0.0,0.0,0.0,1.0,1.0,,0.0,,False,,,7.0,65,0.14285714285714285,0.14285714285714285,0.14285714285714285,0.14285714285714285,0.14285714285714285,0.14285714285714285,0.14285714285714285,0.9410285276370367,0.912668726840604,0.9582963540708176,1.0015122873345936,0.9499004644990046,1.0061810154525386,1.00921187308086
equal_weight,55,12,97075.32265968785,0.051900124454581587,0.051900124454581587,0.050322324661439745,-0.030127917787768244,0.06282884951768802,0.0,0.0,0.0,0.0,1.0,1.0,,0.0,,False,,,7.0,66,0.14285714285714285,0.14285714285714285,0.14285714285714285,0.14285714285714285,0.14285714285714285,0.14285714285714285,0.14285714285714285,1.0617528584451108,1.1068239035899863,1.0283217793331279,1.064175160437901,0.9811386657352429,1.100043878894252,1.0210446247464502
equal_weight,55,13,95052.85519928727,-0.02083400193775964,-0.02083400193775964,-0.025867042165100836,-0.052046251428645496,0.0789741704844717,0.0,0.0,0.0,0.0,1.0,1.0,,0.0,,False,,,7.0,67,0.14285714285714285,0.14285714285714285,0.14285714285714285,0.14285714285714285,0.14285714285714285,0.14285714285714285,0.14285714285714285,0.9738875049333385,0.9888637987703586,0.9580667059670183,0.9741042923022349,1.0316838732645068,0.9409652971679298,0.9865905140302956
equal_weight,55,14,96988.65043905597,0.020365461255320794,0.020365461255320794,0.017719228219512592,-0.03104847368544683,0.06557099047372147,0.0,0.0,0.0,0.0,1.0,1.0,,0.0,,False,,,7.0,68,0.14285714285714285,0.14285714285714285,0.14285714285714285,0.14285714285714285,0.14285714285714285,0.14285714285714285,0.14285714285714285,1.0350516236175364,1.0668988139445743,1.0189072752337456,0.971959213401311,0.9986197377501727,0.9864349300551081,1.0646866347847974
equal_weight,55,15,98017.27741609102,0.010605642746636557,0.010605642746636557,0.007366868482196165,-0.020228296849056138,0.06906616708389056,0.0,0.0,0.0,0.0,1.0,1.0,,0.0,,False,,,7.0,69,0.14285714285714285,0.14285714285714285,0.14285714285714285,0.14285714285714285,0.14285714285714285,0.14285714285714285,0.14285714285714285,1.0146423361916632,1.0003827389871474,1.0247643242463869,1.0041213937804423,1.0570145127850723,0.969058874086807,1.0042553191489363
equal_weight,55,16,96553.85557397528,-0.014930243735534532,-0.014930243735534532,-0.01895813252649313,-0.035691422217566826,0.06990014315964885,0.0,0.0,0.0,0.0,1.0,1.0,,0.0,,False,,,7.0,70,0.14285714285714285,0.14285714285714285,0.14285714285714285,0.14285714285714285,0.14285714285714285,0.14285714285714285,0.14285714285714285,1.0024823479186857,1.0579639578806326,0.9651039618260693,0.9328358208955223,0.9767898005884277,0.945011086474501,1.0153013182674198
equal_weight,55,17,99176.43966831324,0.02716187850550056,0.02716187850550056,0.023831724576328227,-0.008303991698442648,0.07111411885591899,0.0,0.0,0.0,0.0,1.0,1.0,,0.0,,False,,,7.0,71,0.14285714285714285,0.14285714285714285,0.14285714285714285,0.14285714285714285,0.14285714285714285,0.14285714285714285,0.14285714285714285,1.0647274634440285,1.0659156475343874,1.0455609523922245,1.0168,0.9832663989290497,1.0154856874706712,0.9983769997681431
equal_weight,55,18,102837.68701554906,0.03691650314813222,0.03691650314813222,0.032402595434895716,0.027593843248535865,0.06990479024165594,0.0,0.0,0.0,0.0,1.0,1.0,,0.0,,False,,,7.0,72,0.14285714285714285,0.14285714285714285,0.14285714285714285,0.14285714285714285,0.14285714285714285,0.14285714285714285,0.14285714285714285,1.0311389371500623,1.0404774891800428,1.033478927516993,1.0743509047993705,1.0571817562968002,1.0083179297597042,1.0134695773339524
equal_weight,55,19,100001.788193767,-0.02757645474225101,-0.02757645474225101,-0.031539975451592026,1.7881617911941206e-05,0.07928027641936196,0.0,0.0,0.0,0.0,1.0,1.0,,0.0,,False,,,7.0,73,0.14285714285714285,0.14285714285714285,0.14285714285714285,0.14285714285714285,0.14285714285714285,0.14285714285714285,0.14285714285714285,0.9822836111014266,0.9783176430619793,0.9764445432283997,0.9483705602343465,0.963940759819704,0.9404216315307058,1.0171860678276812
equal_weight,55,20,97576.73488403493,-0.02425009945855372,-0.02425009945855372,-0.027850395359109357,-0.024834455865376137,0.05996115751642558,0.0,0.0,0.0,0.0,1.0,1.0,,0.0,,False,,,7.0,74,0.14285714285714285,0.14285714285714285,0.14285714285714285,0.14285714285714285,0.14285714285714285,0.14285714285714285,0.14285714285714285,0.953865200398201,0.9405989802128366,0.9695992992920063,0.9972972972972974,1.0277221108884433,0.9517543859649122,0.9894120297364272
equal_weight,55,21,95964.41812182702,-0.016523577716799576,-0.016523577716799576,-0.02070891579264205,-0.04205289790899158,0.06980947498053212,0.0,0.0,0.0,0.0,1.0,1.0,,0.0,,False,,,7.0,75,0.14285714285714285,0.14285714285714285,0.14285714285714285,0.14285714285714285,0.14285714285714285,0.14285714285714285,0.14285714285714285,0.9753702827932057,0.9734845260871898,0.9817779805097796,0.9632210607820363,0.9691257718557038,0.9810547875064004,1.0403005464480872
equal_weight,55,22,99016.63717139355,0.03180573705653833,0.03180573705653833,0.028758394305451334,-0.00993128888940431,0.06726429428271873,0.0,0.0,0.0,0.0,1.0,1.0,,0.0,,False,,,7.0,76,0.14285714285714285,0.14285714285714285,0.14285714285714285,0.14285714285714285,0.14285714285714285,0.14285714285714285,0.14285714285714285,1.0891792688816473,1.1069920631695078,1.0876782985427245,0.965032154340836,1.0026827632461435,0.978079331941545,0.9929962792733641
equal_weight,55,23,100493.0696474728,0.01491095353524896,0.01491095353524896,0.010186473680770709,0.00490650399278747,0.09302638402842144,0.0,0.0,0.0,0.0,1.0,1.0,,0.0,,False,,,7.0,77,0.14285714285714285,0.14285714285714285,0.14285714285714285,0.14285714285714285,0.14285714285714285,0.14285714285714285,0.14285714285714285,1.0442292370169115,1.0551892045973597,1.0483617643675298,0.9808413161182841,0.9802675585284282,0.9829242262540022,1.0125633678642274
equal_weight,55,24,98283.88787701394,-0.021983424112813066,-0.021983424112813066,-0.026176509013635014,-0.017460767579051018,0.07618474883593054,0.0,0.0,0.0,0.0,1.0,1.0,,0.0,,False,,,7.0,78,0.14285714285714285,0.14285714285714285,0.14285714285714285,0.14285714285714285,0.14285714285714285,0.14285714285714285,0.14285714285714285,1.0158957024486046,1.010169583320357,1.0122251879699948,0.9732484076433121,1.0010235414534288,0.8322475570032573,1.0013060513713536
equal_weight,56,1,100275.17701162472,0.0027517701162471653,0.0027517701162471653,-0.0006419914540120512,0.0027442186573534144,0.06772420222730931,0.0,0.0,0.0,0.0,1.0,1.0,,0.0,,False,,,7.0,56,0.14285714285714285,0.14285714285714285,0.14285714285714285,0.14285714285714285,0.14285714285714285,0.14285714285714285,0.14285714285714285,1.0357733081792009,1.0341142880338432,1.0231835256931106,0.9411956876837635,1.048016701461378,0.9239052404881549,1.0130736392742796
equal_weight,56,2,93912.5706917508,-0.0634514593690152,-0.0634514593690152,-0.07091966729930702,-0.06482017543987761,0.06710546404151967,0.0,0.0,0.0,0.0,1.0,1.0,,0.0,,False,,,7.0,57,0.14285714285714285,0.14285714285714285,0.14285714285714285,0.14285714285714285,0.14285714285714285,0.14285714285714285,0.14285714285714285,0.9120432847339066,0.8673832471904358,0.9509451683395475,0.9694550503297468,0.9555112881806108,0.8717948717948719,1.0287068738477745
equal_weight,56,3,94024.25234610807,0.0011892087878611068,0.0011892087878611068,-0.0029476236847358955,-0.06355538602843547,0.08424826192356083,0.0,0.0,0.0,0.0,1.0,1.0,,0.0,,False,,,7.0,58,0.14285714285714285,0.14285714285714285,0.14285714285714285,0.14285714285714285,0.14285714285714285,0.14285714285714285,0.14285714285714285,1.0000531712757406,0.9794685529360748,1.000391488535496,0.999641962047977,1.0055594162612926,1.0401069518716577,0.9831029185867896
equal_weight,56,4,94562.06757915925,0.005719962877997142,0.005719962877997142,0.0029333769201738196,-0.05750648817284554,0.0623104187083222,0.0,0.0,0.0,0.0,1.0,1.0,,0.0,,False,,,7.0,59,0.14285714285714285,0.14285714285714285,0.14285714285714285,0.14285714285714285,0.14285714285714285,0.14285714285714285,0.14285714285714285,0.9160800047452287,0.912869623396696,0.9328680427305247,1.0992120343839542,1.0241879751209397,1.1696658097686377,0.9851562499999998
equal_weight,56,5,96080.93199483941,0.016062089742366226,0.016062089742366226,0.012828486905441833,-0.040789238028738906,0.07777526477329598,0.0,0.0,0.0,0.0,1.0,1.0,,0.0,,False,,,7.0,60,0.14285714285714285,0.14285714285714285,0.14285714285714285,0.14285714285714285,0.14285714285714285,0.14285714285714285,0.14285714285714285,1.0911163764566931,1.1234912300099247,1.0672516751244587,0.9214727924405344,0.9787449392712549,0.9501831501831501,0.9801744647105474
equal_weight,56,6,93941.27494013023,-0.022269320356135935,-0.022269320356135935,-0.028131115320797068,-0.06449481406049751,0.08851078578076928,0.0,0.0,0.0,0.0,1.0,1.0,,0.0,,False,,,7.0,61,0.14285714285714285,0.14285714285714285,0.14285714285714285,0.14285714285714285,0.14285714285714285,0.14285714285714285,0.14285714285714285,0.9575598807831897,0.9536357930098714,0.9593638617140574,0.9904526166902407,1.019303688383316,0.9602929838087895,1.0035059331175835
equal_weight,56,7,88014.8991361773,-0.06308596309481518,-0.06308596309481518,-0.07522750473638679,-0.1361712730622946,0.07102091469179382,0.0,0.0,0.0,0.0,1.0,1.0,,0.0,,False,,,7.0,62,0.14285714285714285,0.14285714285714285,0.14285714285714285,0.14285714285714285,0.14285714285714285,0.14285714285714285,0.14285714285714285,0.906604323640961,0.8950099292047539,0.9116191074982402,0.9460906818993214,1.0010145417653027,0.8916097952629467,1.0064498790647676
equal_weight,56,8,88831.14333733416,0.00927393213158112,0.00927393213158112,0.0064249259040579845,-0.1257313172279273,0.08030059860618627,0.0,0.0,0.0,0.0,1.0,1.0,,0.0,,False,,,7.0,63,0.14285714285714285,0.14285714285714285,0.14285714285714285,0.14285714285714285,0.14285714285714285,0.14285714285714285,0.14285714285714285,1.0798634244603893,1.039007305019145,1.1395080340749941,0.8803773584905662,0.9280405405405406,0.9914452949122017,1.0066755674232308
equal_weight,56,9,94545.45444949369,0.06432778975341535,0.06432778975341535,0.06332075028900357,-0.05769230876583431,0.09436516346178832,0.0,0.0,0.0,0.0,1.0,1.0,,0.0,,False,,,7.0,64,0.14285714285714285,0.14285714285714285,0.14285714285714285,0.14285714285714285,0.14285714285714285,0.14285714285714285,0.14285714285714285,1.0537528861202778,1.0436698440150798,1.056726336776278,1.1337333904843547,1.097196942118675,1.0286103542234333,1.0366047745358091
equal_weight,56,10,91557.80794437116,-0.03160010729779217,-0.03160010729779217,-0.03865589053938995,-0.09220613998052629,0.08284118649395926,0.0,0.0,0.0,0.0,1.0,1.0,,0.0,,False,,,7.0,65,0.14285714285714285,0.14285714285714285,0.14285714285714285,0.14285714285714285,0.14285714285714285,0.14285714285714285,0.14285714285714285,0.9410285276370367,0.912668726840604,0.9582963540708176,1.0015122873345936,0.9499004644990046,1.0061810154525386,1.00921187308086
equal_weight,56,11,96309.66957147271,0.051900124454581587,0.051900124454581587,0.04996030758521331,-0.03831734077115323,0.07856983248319496,0.0,0.0,0.0,0.0,1.0,1.0,,0.0,,False,,,7.0,66,0.14285714285714285,0.14285714285714285,0.14285714285714285,0.14285714285714285,0.14285714285714285,0.14285714285714285,0.14285714285714285,1.0617528584451108,1.1068239035899863,1.0283217793331279,1.064175160437901,0.9811386657352429,1.100043878894252,1.0210446247464502
equal_weight,56,12,94303.15372899566,-0.02083400193775964,-0.02083400193775964,-0.025797616350733233,-0.060409923165196444,0.07410067913380035,0.0,0.0,0.0,0.0,1.0,1.0,,0.0,,False,,,7.0,67,0.14285714285714285,0.14285714285714285,0.14285714285714285,0.14285714285714285,0.14285714285714285,0.14285714285714285,0.14285714285714285,0.9738875049333385,0.9888637987703586,0.9580667059670183,0.9741042923022349,1.0316838732645068,0.9409652971679298,0.9865905140302956
equal_weight,56,13,96223.68095251809,0.020365461255320794,0.020365461255320794,0.01785894021142766,-0.039245215004249934,0.066115358990377,0.0,0.0,0.0,0.0,1.0,1.0,,0.0,,False,,,7.0,68,0.14285714285714285,0.14285714285714285,0.14285714285714285,0.14285714285714285,0.14285714285714285,0.14285714285714285,0.14285714285714285,1.0350516236175364,1.0668988139445743,1.0189072752337456,0.971959213401311,0.9986197377501727,0.9864349300551081,1.0646866347847974
equal_weight,56,14,97244.19493646683,0.010605642746636557,0.010605642746636557,0.006715952051338654,-0.0283390187489716,0.08380488407879359,0.0,0.0,0.0,0.0,1.0,1.0,,0.0,,False,,,7.0,69,0.14285714285714285,0.14285714285714285,0.14285714285714285,0.14285714285714285,0.14285714285714285,0.14285714285714285,0.14285714285714285,1.0146423361916632,1.0003827389871474,1.0247643242463869,1.0041213937804423,1.0570145127850723,0.969058874086807,1.0042553191489363
equal_weight,56,15,95792.31540419954,-0.014930243735534532,-0.014930243735534532,-0.01910588510409329,-0.0439250745536941,0.0703965859874158,0.0,0.0,0.0,0.0,1.0,1.0,,0.0,,False,,,7.0,70,0.14285714285714285,0.14285714285714285,0.14285714285714285,0.14285714285714285,0.14285714285714285,0.14285714285714285,0.14285714285714285,1.0024823479186857,1.0579639578806326,0.9651039618260693,0.9328358208955223,0.9767898005884277,0.945011086474501,1.0153013182674198
equal_weight,56,16,98394.214636969,0.02716187850550056,0.02716187850550056,0.024462903187462547,-0.016319916460084904,0.06284509812293296,0.0,0.0,0.0,0.0,1.0,1.0,,0.0,,False,,,7.0,71,0.14285714285714285,0.14285714285714285,0.14285714285714285,0.14285714285714285,0.14285714285714285,0.14285714285714285,0.14285714285714285,1.0647274634440285,1.0659156475343874,1.0455609523922245,1.0168,0.9832663989290497,1.0154856874706712,0.9983769997681431
equal_weight,56,17,102026.58497137266,0.03691650314813222,0.03691650314813222,0.032662101147913215,0.019863303000304255,0.07042236624951884,0.0,0.0,0.0,0.0,1.0,1.0,,0.0,,False,,,7.0,72,0.14285714285714285,0.14285714285714285,0.14285714285714285,0.14285714285714285,0.14285714285714285,0.14285714285714285,0.14285714285714285,1.0311389371500623,1.0404774891800428,1.033478927516993,1.0743509047993705,1.0571817562968002,1.0083179297597042,1.0134695773339524
equal_weight,56,18,99213.05346840317,-0.02757645474225101,-0.02757645474225101,-0.031127539314524836,-0.007931885009944128,0.06664702608552905,0.0,0.0,0.0,0.0,1.0,1.0,,0.0,,False,,,7.0,73,0.14285714285714285,0.14285714285714285,0.14285714285714285,0.14285714285714285,0.14285714285714285,0.14285714285714285,0.14285714285714285,0.9822836111014266,0.9783176430619793,0.9764445432283997,0.9483705602343465,0.963940759819704,0.9404216315307058,1.0171860678276812
equal_weight,56,19,96807.1270542076,-0.02425009945855372,-0.02425009945855372,-0.02819105611059433,-0.03298179630932063,0.06282289622435652,0.0,0.0,0.0,0.0,1.0,1.0,,0.0,,False,,,7.0,74,0.14285714285714285,0.14285714285714285,0.14285714285714285,0.14285714285714285,0.14285714285714285,0.14285714285714285,0.14285714285714285,0.953865200398201,0.9405989802128366,0.9695992992920063,0.9972972972972974,1.0277221108884433,0.9517543859649122,0.9894120297364272
equal_weight,56,20,95207.5269667873,-0.016523577716799576,-0.016523577716799576,-0.02063642102709294,-0.05033712339660412,0.06562187879618901,0.0,0.0,0.0,0.0,1.0,1.0,,0.0,,False,,,7.0,75,0.14285714285714285,0.14285714285714285,0.14285714285714285,0.14285714285714285,0.14285714285714285,0.14285714285714285,0.14285714285714285,0.9753702827932057,0.9734845260871898,0.9817779805097796,0.9632210607820363,0.9691257718557038,0.9810547875064004,1.0403005464480872
equal_weight,56,21,98235.67253529622,0.03180573705653833,0.03180573705653833,0.029195452915749598,-0.01796015051528088,0.06363039931147288,0.0,0.0,0.0,0.0,1.0,1.0,,0.0,,False,,,7.0,76,0.14285714285714285,0.14285714285714285,0.14285714285714285,0.14285714285714285,0.14285714285714285,0.14285714285714285,0.14285714285714285,1.0891792688816473,1.1069920631695078,1.0876782985427245,0.965032154340836,1.0026827632461435,0.978079331941545,0.9929962792733641
equal_weight,56,22,99700.46008397396,0.01491095353524896,0.01491095353524896,0.01080423581921518,-0.003004398533103414,0.08303032325924571,0.0,0.0,0.0,0.0,1.0,1.0,,0.0,,False,,,7.0,77,0.14285714285714285,0.14285714285714285,0.14285714285714285,0.14285714285714285,0.14285714285714285,0.14285714285714285,0.14285714285714285,1.0442292370169115,1.0551892045973597,1.0483617643675298,0.9808413161182841,0.9802675585284282,0.9829242262540022,1.0125633678642274
equal_weight,56,23,97508.70258570537,-0.021983424112813066,-0.021983424112813066,-0.025887809142848373,-0.025549487873709698,0.06685439604484177,0.0,0.0,0.0,0.0,1.0,1.0,,0.0,,False,,,7.0,78,0.14285714285714285,0.14285714285714285,0.14285714285714285,0.14285714285714285,0.14285714285714285,0.14285714285714285,0.14285714285714285,1.0158957024486046,1.010169583320357,1.0122251879699948,0.9732484076433121,1.0010235414534288,0.8322475570032573,1.0013060513713536
equal_weight,56,24,103222.03801444209,0.05859308222991677,0.05859308222991677,0.05291650853836105,0.03121463280923875,0.07695224289174797,0.0,0.0,0.0,0.0,1.0,1.0,,0.0,,False,,,7.0,79,0.14285714285714285,0.14285714285714285,0.14285714285714285,0.14285714285714285,0.14285714285714285,0.14285714285714285,0.14285714285714285,1.0517206371017433,1.0611916700117017,1.0221778015443597,1.0663176265270506,1.0606680299931834,1.1487279843444227,0.9993478260869567
equal_weight,57,1,93654.85406309848,-0.0634514593690152,-0.0634514593690152,-0.0714085198660157,-0.06775031577783008,0.07316408176371213,0.0,0.0,0.0,0.0,1.0,1.0,,0.0,,False,,,7.0,57,0.14285714285714285,0.14285714285714285,0.14285714285714285,0.14285714285714285,0.14285714285714285,0.14285714285714285,0.14285714285714285,0.9120432847339066,0.8673832471904358,0.9509451683395475,0.9694550503297468,0.9555112881806108,0.8717948717948719,1.0287068738477745
equal_weight,57,2,93766.22923857617,0.0011892087878611068,0.0011892087878611068,-0.0033408892678524083,-0.06648204595668239,0.09218318178000204,0.0,0.0,0.0,0.0,1.0,1.0,,0.0,,False,,,7.0,58,0.14285714285714285,0.14285714285714285,0.14285714285714285,0.14285714285714285,0.14285714285714285,0.14285714285714285,0.14285714285714285,1.0000531712757406,0.9794685529360748,1.000391488535496,0.999641962047977,1.0055594162612926,1.0401069518716577,0.9831029185867896
equal_weight,57,3,94302.56858903059,0.005719962877997142,0.005719962877997142,0.0027082587221794268,-0.060416502924737436,0.06714568619531053,0.0,0.0,0.0,0.0,1.0,1.0,,0.0,,False,,,7.0,59,0.14285714285714285,0.14285714285714285,0.14285714285714285,0.14285714285714285,0.14285714285714285,0.14285714285714285,0.14285714285714285,0.9160800047452287,0.912869623396696,0.9328680427305247,1.0992120343839542,1.0241879751209397,1.1696658097686377,0.9851562499999998
equal_weight,57,4,95817.26490864325,0.016062089742366226,0.016062089742366226,0.013067770905814163,-0.043653250751258366,0.07390962535329818,0.0,0.0,0.0,0.0,1.0,1.0,,0.0,,False,,,7.0,60,0.14285714285714285,0.14285714285714285,0.14285714285714285,0.14285714285714285,0.14285714285714285,0.14285714285714285,0.14285714285714285,1.0911163764566931,1.1234912300099247,1.0672516751244587,0.9214727924405344,0.9787449392712549,0.9501831501831501,0.9801744647105474
equal_weight,57,5,93683.47954074394,-0.022269320356135935,-0.022269320356135935,-0.02795617108870724,-0.06742405907872939,0.0837072552247243,0.0,0.0,0.0,0.0,1.0,1.0,,0.0,,False,,,7.0,61,0.14285714285714285,0.14285714285714285,0.14285714285714285,0.14285714285714285,0.14285714285714285,0.14285714285714285,0.14285714285714285,0.9575598807831897,0.9536357930098714,0.9593638617140574,0.9904526166902407,1.019303688383316,0.9602929838087895,1.0035059331175835
equal_weight,57,6,87773.3670078427,-0.06308596309481518,-0.06308596309481518,-0.0755862866047113,-0.139297755218446,0.07425180929989354,0.0,0.0,0.0,0.0,1.0,1.0,,0.0,,False,,,7.0,62,0.14285714285714285,0.14285714285714285,0.14285714285714285,0.14285714285714285,0.14285714285714285,0.14285714285714285,0.14285714285714285,0.906604323640961,0.8950099292047539,0.9116191074982402,0.9460906818993214,1.0010145417653027,0.8916097952629467,1.0064498790647676
equal_weight,57,7,88587.37125643379,0.00927393213158112,0.00927393213158112,0.006614672330971536,-0.12882907102559904,0.0770802372375086,0.0,0.0,0.0,0.0,1.0,1.0,,0.0,,False,,,7.0,63,0.14285714285714285,0.14285714285714285,0.14285714285714285,0.14285714285714285,0.14285714285714285,0.14285714285714285,0.14285714285714285,1.0798634244603893,1.039007305019145,1.1395080340749941,0.8803773584905662,0.9280405405405406,0.9914452949122017,1.0066755674232308
equal_weight,57,8,94286.00104942541,0.06432778975341535,0.06432778975341535,0.0638557317955132,-0.060602834853280774,0.08741008753610138,0.0,0.0,0.0,0.0,1.0,1.0,,0.0,,False,,,7.0,64,0.14285714285714285,0.14285714285714285,0.14285714285714285,0.14285714285714285,0.14285714285714285,0.14285714285714285,0.14285714285714285,1.0537528861202778,1.0436698440150798,1.056726336776278,1.1337333904843547,1.097196942118675,1.0286103542234333,1.0366047745358091
equal_weight,57,9,91306.55329958381,-0.03160010729779217,-0.03160010729779217,-0.03917255065294617,-0.09521164019730666,0.0912749061784057,0.0,0.0,0.0,0.0,1.0,1.0,,0.0,,False,,,7.0,65,0.14285714285714285,0.14285714285714285,0.14285714285714285,0.14285714285714285,0.14285714285714285,0.14285714285714285,0.14285714285714285,0.9410285276370367,0.912668726840604,0.9582963540708176,1.0015122873345936,0.9499004644990046,1.0061810154525386,1.00921187308086
equal_weight,57,10,96045.3747793511,0.051900124454581587,0.051900124454581587,0.05035784009457825,-0.041174551400668946,0.07358497404118929,0.0,0.0,0.0,0.0,1.0,1.0,,0.0,,False,,,7.0,66,0.14285714285714285,0.14285714285714285,0.14285714285714285,0.14285714285714285,0.14285714285714285,0.14285714285714285,0.14285714285714285,1.0617528584451108,1.1068239035899863,1.0283217793331279,1.064175160437901,0.9811386657352429,1.100043878894252,1.0210446247464502
equal_weight,57,11,94044.36525508524,-0.02083400193775964,-0.02083400193775964,-0.025462482340264995,-0.06332792750273497,0.06618212476397939,0.0,0.0,0.0,0.0,1.0,1.0,,0.0,,False,,,7.0,67,0.14285714285714285,0.14285714285714285,0.14285714285714285,0.14285714285714285,0.14285714285714285,0.14285714285714285,0.14285714285714285,0.9738875049333385,0.9888637987703586,0.9580667059670183,0.9741042923022349,1.0316838732645068,0.9409652971679298,0.9865905140302956
equal_weight,57,12,95959.62213196892,0.020365461255320794,0.020365461255320794,0.017713779143257016,-0.04210497893035181,0.07018338858252286,0.0,0.0,0.0,0.0,1.0,1.0,,0.0,,False,,,7.0,68,0.14285714285714285,0.14285714285714285,0.14285714285714285,0.14285714285714285,0.14285714285714285,0.14285714285714285,0.14285714285714285,1.0350516236175364,1.0668988139445743,1.0189072752337456,0.971959213401311,0.9986197377501727,0.9864349300551081,1.0646866347847974
equal_weight,57,13,96977.33560240282,0.010605642746636557,0.010605642746636557,0.006767379734245553,-0.03116877133013629,0.08337655731939933,0.0,0.0,0.0,0.0,1.0,1.0,,0.0,,False,,,7.0,69,0.14285714285714285,0.14285714285714285,0.14285714285714285,0.14285714285714285,0.14285714285714285,0.14285714285714285,0.14285714285714285,1.0146423361916632,1.0003827389871474,1.0247643242463869,1.0041213937804423,1.0570145127850723,0.969058874086807,1.0042553191489363
equal_weight,57,14,95529.44034503622,-0.014930243735534532,-0.014930243735534532,-0.01885171594683251,-0.04679771637745267,0.06445541799032263,0.0,0.0,0.0,0.0,1.0,1.0,,0.0,,False,,,7.0,70,0.14285714285714285,0.14285714285714285,0.14285714285714285,0.14285714285714285,0.14285714285714285,0.14285714285714285,0.14285714285714285,1.0024823479186857,1.0579639578806326,0.9651039618260693,0.9328358208955223,0.9767898005884277,0.945011086474501,1.0153013182674198
equal_weight,57,15,98124.19939738655,0.02716187850550056,0.02716187850550056,0.024069704308163783,-0.01911659523474718,0.07222833669083407,0.0,0.0,0.0,0.0,1.0,1.0,,0.0,,False,,,7.0,71,0.14285714285714285,0.14285714285714285,0.14285714285714285,0.14285714285714285,0.14285714285714285,0.14285714285714285,0.14285714285714285,1.0647274634440285,1.0659156475343874,1.0455609523922245,1.0168,0.9832663989290497,1.0154856874706712,0.9983769997681431
equal_weight,57,16,101746.60171334812,0.03691650314813222,0.03691650314813222,0.032504897654897,0.017166192127662905,0.07555779415026162,0.0,0.0,0.0,0.0,1.0,1.0,,0.0,,False,,,7.0,72,0.14285714285714285,0.14285714285714285,0.14285714285714285,0.14285714285714285,0.14285714285714285,0.14285714285714285,0.14285714285714285,1.0311389371500623,1.0404774891800428,1.033478927516993,1.0743509047993705,1.0571817562968002,1.0083179297597042,1.0134695773339524
equal_weight,57,17,98940.79115602214,-0.02757645474225101,-0.02757645474225101,-0.03156259009912425,-0.010705481850327603,0.07381832242267493,0.0,0.0,0.0,0.0,1.0,1.0,,0.0,,False,,,7.0,73,0.14285714285714285,0.14285714285714285,0.14285714285714285,0.14285714285714285,0.14285714285714285,0.14285714285714285,0.14285714285714285,0.9822836111014266,0.9783176430619793,0.9764445432283997,0.9483705602343465,0.963940759819704,0.9404216315307058,1.0171860678276812
equal_weight,57,18,96541.4671299806,-0.02425009945855372,-0.02425009945855372,-0.028566275900110794,-0.035824324747032454,0.06894866006811885,0.0,0.0,0.0,0.0,1.0,1.0,,0.0,,False,,,7.0,74,0.14285714285714285,0.14285714285714285,0.14285714285714285,0.14285714285714285,0.14285714285714285,0.14285714285714285,0.14285714285714285,0.953865200398201,0.9405989802128366,0.9695992992920063,0.9972972972972974,1.0277221108884433,0.9517543859649122,0.9894120297364272
equal_weight,57,19,94946.25669496453,-0.016523577716799576,-0.016523577716799576,-0.021050937618586923,-0.05322740970475248,0.0729570532173379,0.0,0.0,0.0,0.0,1.0,1.0,,0.0,,False,,,7.0,75,0.14285714285714285,0.14285714285714285,0.14285714285714285,0.14285714285714285,0.14285714285714285,0.14285714285714285,0.14285714285714285,0.9753702827932057,0.9734845260871898,0.9817779805097796,0.9632210607820363,0.9691257718557038,0.9810547875064004,1.0403005464480872
equal_weight,57,20,97966.09236990716,0.03180573705653833,0.03180573705653833,0.028872286192411382,-0.02076134283699993,0.07187561350682337,0.0,0.0,0.0,0.0,1.0,1.0,,0.0,,False,,,7.0,76,0.14285714285714285,0.14285714285714285,0.14285714285714285,0.14285714285714285,0.14285714285714285,0.14285714285714285,0.14285714285714285,1.0891792688816473,1.1069920631695078,1.0876782985427245,0.965032154340836,1.0026827632461435,0.978079331941545,0.9929962792733641
equal_weight,57,21,99426.86022126475,0.01491095353524896,0.01491095353524896,0.010594798379134712,-0.005764436063451894,0.08804216788826648,0.0,0.0,0.0,0.0,1.0,1.0,,0.0,,False,,,7.0,77,0.14285714285714285,0.14285714285714285,0.14285714285714285,0.14285714285714285,0.14285714285714285,0.14285714285714285,0.14285714285714285,1.0442292370169115,1.0551892045973597,1.0483617643675298,0.9808413161182841,0.9802675585284282,0.9829242262540022,1.0125633678642274
equal_weight,57,22,97241.11738481531,-0.021983424112813066,-0.021983424112813066,-0.02632156858830315,-0.028371564307173358,0.0742888068916337,0.0,0.0,0.0,0.0,1.0,1.0,,0.0,,False,,,7.0,78,0.14285714285714285,0.14285714285714285,0.14285714285714285,0.14285714285714285,0.14285714285714285,0.14285714285714285,0.14285714285714285,1.0158957024486046,1.010169583320357,1.0122251879699948,0.9732484076433121,1.0010235414534288,0.8322475570032573,1.0013060513713536
equal_weight,57,23,102938.77417187279,0.05859308222991677,0.05859308222991677,0.05312638920004093,0.028548758186745293,0.0758786658775544,0.0,0.0,0.0,0.0,1.0,1.0,,0.0,,False,,,7.0,79,0.14285714285714285,0.14285714285714285,0.14285714285714285,0.14285714285714285,0.14285714285714285,0.14285714285714285,0.14285714285714285,1.0517206371017433,1.0611916700117017,1.0221778015443597,1.0663176265270506,1.0606680299931834,1.1487279843444227,0.9993478260869567
equal_weight,57,24,104818.42932351146,0.018259933312400722,0.018259933312400722,0.014300808710613639,0.04596929523375959,0.06239456672801311,0.0,0.0,0.0,0.0,1.0,1.0,,0.0,,False,,,7.0,80,0.14285714285714285,0.14285714285714285,0.14285714285714285,0.14285714285714285,0.14285714285714285,0.14285714285714285,0.14285714285714285,1.0310187843265763,1.0178682872014018,1.0207962964654471,0.9975450081833063,0.980719794344473,0.9982964224872232,1.0815749401783774
equal_weight,58,1,100118.92087878611,0.0011892087878611068,0.0011892087878611068,-0.002891199485260755,0.0011877962501222195,0.08157991470765949,0.0,0.0,0.0,0.0,1.0,1.0,,0.0,,False,,,7.0,58,0.14285714285714285,0.14285714285714285,0.14285714285714285,0.14285714285714285,0.14285714285714285,0.14285714285714285,0.14285714285714285,1.0000531712757406,0.9794685529360748,1.000391488535496,0.999641962047977,1.0055594162612926,1.0401069518716577,0.9831029185867896
equal_weight,58,2,100691.5973895979,0.005719962877997142,0.005719962877997142,0.002261072448573282,0.006868471724824854,0.06839206052258705,0.0,0.0,0.0,0.0,1.0,1.0,,0.0,,False,,,7.0,59,0.14285714285714285,0.14285714285714285,0.14285714285714285,0.14285714285714285,0.14285714285714285,0.14285714285714285,0.14285714285714285,0.9160800047452287,0.912869623396696,0.9328680427305247,1.0992120343839542,1.0241879751209397,1.1696658097686377,0.9851562499999998
equal_weight,58,3,102308.91486317183,0.016062089742366226,0.016062089742366226,0.011865739328503978,0.022568071084125618,0.07667720061593572,0.0,0.0,0.0,0.0,1.0,1.0,,0.0,,False,,,7.0,60,0.14285714285714285,0.14285714285714285,0.14285714285714285,0.14285714285714285,0.14285714285714285,0.14285714285714285,0.14285714285714285,1.0911163764566931,1.1234912300099247,1.0672516751244587,0.9214727924405344,0.9787449392712549,0.9501831501831501,0.9801744647105474
equal_weight,58,4,100030.56486279522,-0.022269320356135935,-0.022269320356135935,-0.026822090595426097,0.00030555523541375695,0.09119149493428472,0.0,0.0,0.0,0.0,1.0,1.0,,0.0,,False,,,7.0,61,0.14285714285714285,0.14285714285714285,0.14285714285714285,0.14285714285714285,0.14285714285714285,0.14285714285714285,0.14285714285714285,0.9575598807831897,0.9536357930098714,0.9593638617140574,0.9904526166902407,1.019303688383316,0.9602929838087895,1.0035059331175835
equal_weight,58,5,93720.04033950741,-0.06308596309481518,-0.06308596309481518,-0.07039720322365332,-0.06700764999399267,0.06167995988493795,0.0,0.0,0.0,0.0,1.0,1.0,,0.0,,False,,,7.0,62,0.14285714285714285,0.14285714285714285,0.14285714285714285,0.14285714285714285,0.14285714285714285,0.14285714285714285,0.14285714285714285,0.906604323640961,0.8950099292047539,0.9116191074982402,0.9460906818993214,1.0010145417653027,0.8916097952629467,1.0064498790647676
equal_weight,58,6,94589.19363298504,0.00927393213158112,0.00927393213158112,0.005403873350734963,-0.05720321909085513,0.08801115104805153,0.0,0.0,0.0,0.0,1.0,1.0,,0.0,,False,,,7.0,63,0.14285714285714285,0.14285714285714285,0.14285714285714285,0.14285714285714285,0.14285714285714285,0.14285714285714285,0.14285714285714285,1.0798634244603893,1.039007305019145,1.1395080340749941,0.8803773584905662,0.9280405405405406,0.9914452949122017,1.0066755674232308
equal_weight,58,7,100673.9073939528,0.06432778975341535,0.06432778975341535,0.05957573760266235,0.006693962829074529,0.0864288863453462,0.0,0.0,0.0,0.0,1.0,1.0,,0.0,,False,,,7.0,64,0.14285714285714285,0.14285714285714285,0.14285714285714285,0.14285714285714285,0.14285714285714285,0.14285714285714285,0.14285714285714285,1.0537528861202778,1.0436698440150798,1.056726336776278,1.1337333904843547,1.097196942118675,1.0286103542234333,1.0366047745358091
equal_weight,58,8,97492.6011182159,-0.03160010729779217,-0.03160010729779217,-0.03632072459718673,-0.025718863308854978,0.07815796918514441,0.0,0.0,0.0,0.0,1.0,1.0,,0.0,,False,,,7.0,65,0.14285714285714285,0.14285714285714285,0.14285714285714285,0.14285714285714285,0.14285714285714285,0.14285714285714285,0.14285714285714285,0.9410285276370367,0.912668726840604,0.9582963540708176,1.0015122873345936,0.9499004644990046,1.0061810154525386,1.00921187308086
equal_weight,58,9,102552.47924965218,0.051900124454581587,0.051900124454581587,0.04726407572920948,0.02488949334358337,0.0668856184645773,0.0,0.0,0.0,0.0,1.0,1.0,,0.0,,False,,,7.0,66,0.14285714285714285,0.14285714285714285,0.14285714285714285,0.14285714285714285,0.14285714285714285,0.14285714285714285,0.14285714285714285,1.0617528584451108,1.1068239035899863,1.0283217793331279,1.064175160437901,0.9811386657352429,1.100043878894252,1.0210446247464502
equal_weight,58,10,100415.90069824287,-0.02083400193775964,-0.02083400193775964,-0.02456234312937376,0.004141781285144086,0.07629262141868953,0.0,0.0,0.0,0.0,1.0,1.0,,0.0,,False,,,7.0,67,0.14285714285714285,0.14285714285714285,0.14285714285714285,0.14285714285714285,0.14285714285714285,0.14285714285714285,0.14285714285714285,0.9738875049333385,0.9888637987703586,0.9580667059670183,0.9741042923022349,1.0316838732645068,0.9409652971679298,0.9865905140302956
equal_weight,58,11,102460.91683333108,0.020365461255320794,0.020365461255320794,0.016289968944246346,0.02401810279849581,0.07172705138210755,0.0,0.0,0.0,0.0,1.0,1.0,,0.0,,False,,,7.0,68,0.14285714285714285,0.14285714285714285,0.14285714285714285,0.14285714285714285,0.14285714285714285,0.14285714285714285,0.14285714285714285,1.0350516236175364,1.0668988139445743,1.0189072752337456,0.971959213401311,0.9986197377501727,0.9864349300551081,1.0646866347847974
equal_weight,58,12,103547.58071275822,0.010605642746636557,0.010605642746636557,0.0070202165792822005,0.03426039206651521,0.06444145377474399,0.0,0.0,0.0,0.0,1.0,1.0,,0.0,,False,,,7.0,69,0.14285714285714285,0.14285714285714285,0.14285714285714285,0.14285714285714285,0.14285714285714285,0.14285714285714285,0.14285714285714285,1.0146423361916632,1.0003827389871474,1.0247643242463869,1.0041213937804423,1.0570145127850723,0.969058874086807,1.0042553191489363
equal_weight,58,13,102001.59009449181,-0.014930243735534532,-0.014930243735534532,-0.018033689184231184,0.019623126390849288,0.06792847017130524,0.0,0.0,0.0,0.0,1.0,1.0,,0.0,,False,,,7.0,70,0.14285714285714285,0.14285714285714285,0.14285714285714285,0.14285714285714285,0.14285714285714285,0.14285714285714285,0.14285714285714285,1.0024823479186857,1.0579639578806326,0.9651039618260693,0.9328358208955223,0.9767898005884277,0.945011086474501,1.0153013182674198
equal_weight,58,14,104772.14489200627,0.02716187850550056,0.02716187850550056,0.02256411514584972,0.04554784000007961,0.06721196926761198,0.0,0.0,0.0,0.0,1.0,1.0,,0.0,,False,,,7.0,71,0.14285714285714285,0.14285714285714285,0.14285714285714285,0.14285714285714285,0.14285714285714285,0.14285714285714285,0.14285714285714285,1.0647274634440285,1.0659156475343874,1.0455609523922245,1.0168,0.9832663989290497,1.0154856874706712,0.9983769997681431
equal_weight,58,15,108639.96610874859,0.03691650314813222,0.03691650314813222,0.03014291894941239,0.07952843155436917,0.07675345209754345,0.0,0.0,0.0,0.0,1.0,1.0,,0.0,,False,,,7.0,72,0.14285714285714285,0.14285714285714285,0.14285714285714285,0.14285714285714285,0.14285714285714285,0.14285714285714285,0.14285714285714285,1.0311389371500623,1.0404774891800428,1.033478927516993,1.0743509047993705,1.0571817562968002,1.0083179297597042,1.0134695773339524
equal_weight,58,16,105644.06100015099,-0.02757645474225101,-0.02757645474225101,-0.02989632620183521,0.053425255965339424,0.07586301225610925,0.0,0.0,0.0,0.0,1.0,1.0,,0.0,,False,,,7.0,73,0.14285714285714285,0.14285714285714285,0.14285714285714285,0.14285714285714285,0.14285714285714285,0.14285714285714285,0.14285714285714285,0.9822836111014266,0.9783176430619793,0.9764445432283997,0.9483705602343465,0.963940759819704,0.9404216315307058,1.0171860678276812
equal_weight,58,17,103082.18201369181,-0.02425009945855372,-0.02425009945855372,-0.026863460925771788,0.029900240308091464,0.06676890537047653,0.0,0.0,0.0,0.0,1.0,1.0,,0.0,,False,,,7.0,74,0.14285714285714285,0.14285714285714285,0.14285714285714285,0.14285714285714285,0.14285714285714285,0.14285714285714285,0.14285714285714285,0.953865200398201,0.9405989802128366,0.9695992992920063,0.9972972972972974,1.0277221108884433,0.9517543859649122,0.9894120297364272
equal_weight,58,18,101378.8955679713,-0.016523577716799576,-0.016523577716799576,-0.019921035190151003,0.013601406488461865,0.07244402741042809,0.0,0.0,0.0,0.0,1.0,1.0,,0.0,,False,,,7.0,75,0.14285714285714285,0.14285714285714285,0.14285714285714285,0.14285714285714285,0.14285714285714285,0.14285714285714285,0.14285714285714285,0.9753702827932057,0.9734845260871898,0.9817779805097796,0.9632210607820363,0.9691257718557038,0.9810547875064004,1.0403005464480872
equal_weight,58,19,104603.32606348845,0.03180573705653833,0.03180573705653833,0.02719690371751385,0.044007454033483495,0.06418287655015566,0.0,0.0,0.0,0.0,1.0,1.0,,0.0,,False,,,7.0,76,0.14285714285714285,0.14285714285714285,0.14285714285714285,0.14285714285714285,0.14285714285714285,0.14285714285714285,0.14285714285714285,1.0891792688816473,1.1069920631695078,1.0876782985427245,0.965032154340836,1.0026827632461435,0.978079331941545,0.9929962792733641
equal_weight,58,20,106163.06139805363,0.01491095353524896,0.01491095353524896,0.00985612423590751,0.058052785186228806,0.08378413833675599,0.0,0.0,0.0,0.0,1.0,1.0,,0.0,,False,,,7.0,77,0.14285714285714285,0.14285714285714285,0.14285714285714285,0.14285714285714285,0.14285714285714285,0.14285714285714285,0.14285714285714285,1.0442292370169115,1.0551892045973597,1.0483617643675298,0.9808413161182841,0.9802675585284282,0.9829242262540022,1.0125633678642274
equal_weight,58,21,103829.2337942256,-0.021983424112813066,-0.021983424112813066,-0.024261747730861222,0.03688011222171372,0.061781495326922786,0.0,0.0,0.0,0.0,1.0,1.0,,0.0,,False,,,7.0,78,0.14285714285714285,0.14285714285714285,0.14285714285714285,0.14285714285714285,0.14285714285714285,0.14285714285714285,0.14285714285714285,1.0158957024486046,1.010169583320357,1.0122251879699948,0.9732484076433121,1.0010235414534288,0.8322475570032573,1.0013060513713536
equal_weight,58,22,109912.90862779992,0.05859308222991677,0.05859308222991677,0.049484775739235626,0.09018875718563857,0.07647738449378445,0.0,0.0,0.0,0.0,1.0,1.0,,0.0,,False,,,7.0,79,0.14285714285714285,0.14285714285714285,0.14285714285714285,0.14285714285714285,0.14285714285714285,0.14285714285714285,0.14285714285714285,1.0517206371017433,1.0611916700117017,1.0221778015443597,1.0663176265270506,1.0606680299931834,1.1487279843444227,0.9993478260869567
equal_weight,58,23,111919.91100951553,0.018259933312400722,0.018259933312400722,0.01276010980986926,0.10650393573402761,0.07110137477039565,0.0,0.0,0.0,0.0,1.0,1.0,,0.0,,False,,,7.0,80,0.14285714285714285,0.14285714285714285,0.14285714285714285,0.14285714285714285,0.14285714285714285,0.14285714285714285,0.14285714285714285,1.0310187843265763,1.0178682872014018,1.0207962964654471,0.9975450081833063,0.980719794344473,0.9982964224872232,1.0815749401783774
equal_weight,58,24,111981.09684391935,0.000546693022286382,0.000546693022286382,-0.002450543398951035,0.10699213690163034,0.058774891331075316,0.0,0.0,0.0,0.0,1.0,1.0,,0.0,,False,,,7.0,81,0.14285714285714285,0.14285714285714285,0.14285714285714285,0.14285714285714285,0.14285714285714285,0.14285714285714285,0.14285714285714285,0.9583849199542304,0.9559426386392028,0.9499728531432721,1.0254306808859721,1.0298165137614679,1.0329920364050056,1.0512872083668543
equal_weight,59,1,100571.99628779972,0.005719962877997142,0.005719962877997142,0.0029250167163051262,0.005687430983898123,0.05524828535185993,0.0,0.0,0.0,0.0,1.0,1.0,,0.0,,False,,,7.0,59,0.14285714285714285,0.14285714285714285,0.14285714285714285,0.14285714285714285,0.14285714285714285,0.14285714285714285,0.14285714285714285,0.9160800047452287,0.912869623396696,0.9328680427305247,1.0992120343839542,1.0241879751209397,1.1696658097686377,0.9851562499999998
equal_weight,59,2,102187.39271774328,0.016062089742366226,0.016062089742366226,0.011668882614695057,0.021405700444723008,0.08098773692259655,0.0,0.0,0.0,0.0,1.0,1.0,,0.0,,False,,,7.0,60,0.14285714285714285,0.14285714285714285,0.14285714285714285,0.14285714285714285,0.14285714285714285,0.14285714285714285,0.14285714285714285,1.0911163764566931,1.1234912300099247,1.0672516751244587,0.9214727924405344,0.9787449392712549,0.9501831501831501,0.9801744647105474
equal_weight,59,3,99911.74893295357,-0.022269320356135935,-0.022269320356135935,-0.026306634494413693,-0.0008832901834763263,0.0803528773242872,0.0,0.0,0.0,0.0,1.0,1.0,,0.0,,False,,,7.0,61,0.14285714285714285,0.14285714285714285,0.14285714285714285,0.14285714285714285,0.14285714285714285,0.14285714285714285,0.14285714285714285,0.9575598807831897,0.9536357930098714,0.9593638617140574,0.9904526166902407,1.019303688383316,0.9602929838087895,1.0035059331175835
equal_weight,59,4,93608.72002703082,-0.06308596309481518,-0.06308596309481518,-0.07075655483076258,-0.06827654486808066,0.06726600292316492,0.0,0.0,0.0,0.0,1.0,1.0,,0.0,,False,,,7.0,62,0.14285714285714285,0.14285714285714285,0.14285714285714285,0.14285714285714285,0.14285714285714285,0.14285714285714285,0.14285714285714285,0.906604323640961,0.8950099292047539,0.9116191074982402,0.9460906818993214,1.0010145417653027,0.8916097952629467,1.0064498790647676
equal_weight,59,5,94476.84094348569,0.00927393213158112,0.00927393213158112,0.0056289556286533435,-0.058460454449553056,0.08374269579748514,0.0,0.0,0.0,0.0,1.0,1.0,,0.0,,False,,,7.0,63,0.14285714285714285,0.14285714285714285,0.14285714285714285,0.14285714285714285,0.14285714285714285,0.14285714285714285,0.14285714285714285,1.0798634244603893,1.039007305019145,1.1395080340749941,0.8803773584905662,0.9280405405405406,0.9914452949122017,1.0066755674232308
equal_weight,59,6,100554.3273042651,0.06432778975341535,0.06432778975341535,0.05932535021581411,0.005512714560635179,0.0929563758874825,0.0,0.0,0.0,0.0,1.0,1.0,,0.0,,False,,,7.0,64,0.14285714285714285,0.14285714285714285,0.14285714285714285,0.14285714285714285,0.14285714285714285,0.14285714285714285,0.14285714285714285,1.0537528861202778,1.0436698440150798,1.056726336776278,1.1337333904843547,1.097196942118675,1.0286103542234333,1.0366047745358091
equal_weight,59,7,97376.79977219302,-0.03160010729779217,-0.03160010729779217,-0.036384517442236815,-0.026938657194976567,0.07866291373250132,0.0,0.0,0.0,0.0,1.0,1.0,,0.0,,False,,,7.0,65,0.14285714285714285,0.14285714285714285,0.14285714285714285,0.14285714285714285,0.14285714285714285,0.14285714285714285,0.14285714285714285,0.9410285276370367,0.912668726840604,0.9582963540708176,1.0015122873345936,0.9499004644990046,1.0061810154525386,1.00921187308086
equal_weight,59,8,102430.6677993587,0.051900124454581587,0.051900124454581587,0.04698090049459073,0.023729883359931758,0.07375280120635194,0.0,0.0,0.0,0.0,1.0,1.0,,0.0,,False,,,7.0,66,0.14285714285714285,0.14285714285714285,0.14285714285714285,0.14285714285714285,0.14285714285714285,0.14285714285714285,0.14285714285714285,1.0617528584451108,1.1068239035899863,1.0283217793331279,1.064175160437901,0.9811386657352429,1.100043878894252,1.0210446247464502
equal_weight,59,9,100296.62706794085,-0.02083400193775964,-0.02083400193775964,-0.024954773706344722,0.002957497939984677,0.08364776572795282,0.0,0.0,0.0,0.0,1.0,1.0,,0.0,,False,,,7.0,67,0.14285714285714285,0.14285714285714285,0.14285714285714285,0.14285714285714285,0.14285714285714285,0.14285714285714285,0.14285714285714285,0.9738875049333385,0.9888637987703586,0.9580667059670183,0.9741042923022349,1.0316838732645068,0.9409652971679298,0.9865905140302956
equal_weight,59,10,102339.21414053235,0.020365461255320794,0.020365461255320794,0.016912845943313444,0.022857456549550403,0.05974225332504564,0.0,0.0,0.0,0.0,1.0,1.0,,0.0,,False,,,7.0,68,0.14285714285714285,0.14285714285714285,0.14285714285714285,0.14285714285714285,0.14285714285714285,0.14285714285714285,0.14285714285714285,1.0350516236175364,1.0668988139445743,1.0189072752337456,0.971959213401311,0.9986197377501727,0.9864349300551081,1.0646866347847974
equal_weight,59,11,103424.58728467837,0.010605642746636557,0.010605642746636557,0.006723180778142018,0.03311192603797519,0.0706257742056554,0.0,0.0,0.0,0.0,1.0,1.0,,0.0,,False,,,7.0,69,0.14285714285714285,0.14285714285714285,0.14285714285714285,0.14285714285714285,0.14285714285714285,0.14285714285714285,0.14285714285714285,1.0146423361916632,1.0003827389871474,1.0247643242463869,1.0041213937804423,1.0570145127850723,0.969058874086807,1.0042553191489363
equal_weight,59,12,101880.43298827106,-0.014930243735534532,-0.014930243735534532,-0.01862785534746529,0.018457253597337298,0.07946365813654795,0.0,0.0,0.0,0.0,1.0,1.0,,0.0,,False,,,7.0,70,0.14285714285714285,0.14285714285714285,0.14285714285714285,0.14285714285714285,0.14285714285714285,0.14285714285714285,0.14285714285714285,1.0024823479186857,1.0579639578806326,0.9651039618260693,0.9328358208955223,0.9767898005884277,0.945011086474501,1.0153013182674198
equal_weight,59,13,104647.69693118626,0.02716187850550056,0.02716187850550056,0.02238471887616538,0.04441279710381474,0.07141649260624117,0.0,0.0,0.0,0.0,1.0,1.0,,0.0,,False,,,7.0,71,0.14285714285714285,0.14285714285714285,0.14285714285714285,0.14285714285714285,0.14285714285714285,0.14285714285714285,0.14285714285714285,1.0647274634440285,1.0659156475343874,1.0455609523922245,1.0168,0.9832663989290497,1.0154856874706712,0.9983769997681431
equal_weight,59,14,108510.92396439119,0.03691650314813222,0.03691650314813222,0.031181434065664815,0.07843379867619715,0.056791350134351985,0.0,0.0,0.0,0.0,1.0,1.0,,0.0,,False,,,7.0,72,0.14285714285714285,0.14285714285714285,0.14285714285714285,0.14285714285714285,0.14285714285714285,0.14285714285714285,0.14285714285714285,1.0311389371500623,1.0404774891800428,1.033478927516993,1.0743509047993705,1.0571817562968002,1.0083179297597042,1.0134695773339524
equal_weight,59,15,105518.57738064732,-0.02757645474225101,-0.02757645474225101,-0.02949100217268813,0.05229958096136589,0.06713568915713727,0.0,0.0,0.0,0.0,1.0,1.0,,0.0,,False,,,7.0,73,0.14285714285714285,0.14285714285714285,0.14285714285714285,0.14285714285714285,0.14285714285714285,0.14285714285714285,0.14285714285714285,0.9822836111014266,0.9783176430619793,0.9764445432283997,0.9483705602343465,0.963940759819704,0.9404216315307058,1.0171860678276812
equal_weight,59,16,102959.74138444153,-0.02425009945855372,-0.02425009945855372,-0.02686232740166507,0.028746589148763935,0.06618671178126236,0.0,0.0,0.0,0.0,1.0,1.0,,0.0,,False,,,7.0,74,0.14285714285714285,0.14285714285714285,0.14285714285714285,0.14285714285714285,0.14285714285714285,0.14285714285714285,0.14285714285714285,0.953865200398201,0.9405989802128366,0.9695992992920063,0.9972972972972974,1.0277221108884433,0.9517543859649122,0.9894120297364272
equal_weight,59,17,101258.47809597412,-0.016523577716799576,-0.016523577716799576,-0.01997835505263436,0.012428372612724115,0.07320277033189079,0.0,0.0,0.0,0.0,1.0,1.0,,0.0,,False,,,7.0,75,0.14285714285714285,0.14285714285714285,0.14285714285714285,0.14285714285714285,0.14285714285714285,0.14285714285714285,0.14285714285714285,0.9753702827932057,0.9734845260871898,0.9817779805097796,0.9632210607820363,0.9691257718557038,0.9810547875064004,1.0403005464480872
equal_weight,59,18,104479.07862503991,0.03180573705653833,0.03180573705653833,0.027166508983537712,0.04287057929669025,0.06551395400856844,0.0,0.0,0.0,0.0,1.0,1.0,,0.0,,False,,,7.0,76,0.14285714285714285,0.14285714285714285,0.14285714285714285,0.14285714285714285,0.14285714285714285,0.14285714285714285,0.14285714285714285,1.0891792688816473,1.1069920631695078,1.0876782985427245,0.965032154340836,1.0026827632461435,0.978079331941545,0.9929962792733641
equal_weight,59,19,106036.9613118235,0.01491095353524896,0.01491095353524896,0.009947341559698966,0.056932613280670785,0.0822938484856314,0.0,0.0,0.0,0.0,1.0,1.0,,0.0,,False,,,7.0,77,0.14285714285714285,0.14285714285714285,0.14285714285714285,0.14285714285714285,0.14285714285714285,0.14285714285714285,0.14285714285714285,1.0442292370169115,1.0551892045973597,1.0483617643675298,0.9808413161182841,0.9802675585284282,0.9829242262540022,1.0125633678642274
equal_weight,59,20,103705.90581967174,-0.021983424112813066,-0.021983424112813066,-0.024776286569447872,0.03573476158740396,0.07156869752362098,0.0,0.0,0.0,0.0,1.0,1.0,,0.0,,False,,,7.0,78,0.14285714285714285,0.14285714285714285,0.14285714285714285,0.14285714285714285,0.14285714285714285,0.14285714285714285,0.14285714285714285,1.0158957024486046,1.010169583320357,1.0122251879699948,0.9732484076433121,1.0010235414534288,0.8322475570032573,1.0013060513713536
equal_weight,59,21,109782.35448709177,0.05859308222991677,0.05859308222991677,0.049707685871880875,0.08910680166038876,0.07328708402207837,0.0,0.0,0.0,0.0,1.0,1.0,,0.0,,False,,,7.0,79,0.14285714285714285,0.14285714285714285,0.14285714285714285,0.14285714285714285,0.14285714285714285,0.14285714285714285,0.14285714285714285,1.0517206371017433,1.0611916700117017,1.0221778015443597,1.0663176265270506,1.0606680299931834,1.1487279843444227,0.9993478260869567
equal_weight,59,22,111786.9729589044,0.018259933312400722,0.018259933312400722,0.012442968886962516,0.10544138236248313,0.07783223630263708,0.0,0.0,0.0,0.0,1.0,1.0,,0.0,,False,,,7.0,80,0.14285714285714285,0.14285714285714285,0.14285714285714285,0.14285714285714285,0.14285714285714285,0.14285714285714285,0.14285714285714285,1.0310187843265763,1.0178682872014018,1.0207962964654471,0.9975450081833063,0.980719794344473,0.9982964224872232,1.0815749401783774
equal_weight,59,23,111848.08611700355,0.000546693022286382,0.000546693022286382,-0.003002025699396326,0.10593016410320455,0.06981614880235497,0.0,0.0,0.0,0.0,1.0,1.0,,0.0,,False,,,7.0,81,0.14285714285714285,0.14285714285714285,0.14285714285714285,0.14285714285714285,0.14285714285714285,0.14285714285714285,0.14285714285714285,0.9583849199542304,0.9559426386392028,0.9499728531432721,1.0254306808859721,1.0298165137614679,1.0329920364050056,1.0512872083668543
equal_weight,59,24,114523.993707908,0.023924482606749287,0.023924482606749287,0.017725302150049863,0.12682053111901825,0.06330129731527681,0.0,0.0,0.0,0.0,1.0,1.0,,0.0,,False,,,7.0,82,0.14285714285714285,0.14285714285714285,0.14285714285714285,0.14285714285714285,0.14285714285714285,0.14285714285714285,0.14285714285714285,1.0480212055948877,1.068795856752058,1.0230167177280944,0.9996,1.0413617562838053,0.9757709251101322,1.0109049167782667
equal_weight,60,1,101606.20897423662,0.016062089742366226,0.016062089742366226,0.0122694105558854,0.015808177378647148,0.07077533645523497,0.0,0.0,0.0,0.0,1.0,1.0,,0.0,,False,,,7.0,60,0.14285714285714285,0.14285714285714285,0.14285714285714285,0.14285714285714285,0.14285714285714285,0.14285714285714285,0.14285714285714285,1.0911163764566931,1.1234912300099247,1.0672516751244587,0.9214727924405344,0.9787449392712549,0.9501831501831501,0.9801744647105474
equal_weight,60,2,99343.50775641685,-0.022269320356135935,-0.022269320356135935,-0.02656925397242806,-0.006608305448533525,0.0830554229049477,0.0,0.0,0.0,0.0,1.0,1.0,,0.0,,False,,,7.0,61,0.14285714285714285,0.14285714285714285,0.14285714285714285,0.14285714285714285,0.14285714285714285,0.14285714285714285,0.14285714285714285,0.9575598807831897,0.9536357930098714,0.9593638617140574,0.9904526166902407,1.019303688383316,0.9602929838087895,1.0035059331175835
equal_weight,60,3,93076.32689238605,-0.06308596309481518,-0.06308596309481518,-0.07111223242236192,-0.07438704704816135,0.06666981645468203,0.0,0.0,0.0,0.0,1.0,1.0,,0.0,,False,,,7.0,62,0.14285714285714285,0.14285714285714285,0.14285714285714285,0.14285714285714285,0.14285714285714285,0.14285714285714285,0.14285714285714285,0.906604323640961,0.8950099292047539,0.9116191074982402,0.9460906818993214,1.0010145417653027,0.8916097952629467,1.0064498790647676
equal_weight,60,4,93939.51043104289,0.00927393213158112,0.00927393213158112,0.00595202269224918,-0.06451480895683259,0.0784043079815915,0.0,0.0,0.0,0.0,1.0,1.0,,0.0,,False,,,7.0,63,0.14285714285714285,0.14285714285714285,0.14285714285714285,0.14285714285714285,0.14285714285714285,0.14285714285714285,0.14285714285714285,1.0798634244603893,1.039007305019145,1.1395080340749941,0.8803773584905662,0.9280405405405406,0.9914452949122017,1.0066755674232308
equal_weight,60,5,99982.43150758978,0.06432778975341535,0.06432778975341535,0.05963381534130192,-0.00017571579471820087,0.09410555641624951,0.0,0.0,0.0,0.0,1.0,1.0,,0.0,,False,,,7.0,64,0.14285714285714285,0.14285714285714285,0.14285714285714285,0.14285714285714285,0.14285714285714285,0.14285714285714285,0.14285714285714285,1.0537528861202778,1.0436698440150798,1.056726336776278,1.1337333904843547,1.097196942118675,1.0286103542234333,1.0366047745358091
equal_weight,60,6,96822.97594405578,-0.03160010729779217,-0.03160010729779217,-0.03670056344594826,-0.03281270819211235,0.08127142097108225,0.0,0.0,0.0,0.0,1.0,1.0,,0.0,,False,,,7.0,65,0.14285714285714285,0.14285714285714285,0.14285714285714285,0.14285714285714285,0.14285714285714285,0.14285714285714285,0.14285714285714285,0.9410285276370367,0.912668726840604,0.9582963540708176,1.0015122873345936,0.9499004644990046,1.0061810154525386,1.00921187308086
equal_weight,60,7,101848.10044561524,0.051900124454581587,0.051900124454581587,0.0468787859069517,0.01814565453385264,0.08159153638026574,0.0,0.0,0.0,0.0,1.0,1.0,,0.0,,False,,,7.0,66,0.14285714285714285,0.14285714285714285,0.14285714285714285,0.14285714285714285,0.14285714285714285,0.14285714285714285,0.14285714285714285,1.0617528584451108,1.1068239035899863,1.0283217793331279,1.064175160437901,0.9811386657352429,1.100043878894252,1.0210446247464502
equal_weight,60,8,99726.19692357416,-0.02083400193775964,-0.02083400193775964,-0.02511462933666035,-0.0027455481595841658,0.08446853286447085,0.0,0.0,0.0,0.0,1.0,1.0,,0.0,,False,,,7.0,67,0.14285714285714285,0.14285714285714285,0.14285714285714285,0.14285714285714285,0.14285714285714285,0.14285714285714285,0.14285714285714285,0.9738875049333385,0.9888637987703586,0.9580667059670183,0.9741042923022349,1.0316838732645068,0.9409652971679298,0.9865905140302956
equal_weight,60,9,101757.1669231617,0.020365461255320794,0.020365461255320794,0.016644542646033,0.017268237474502013,0.06738485976106359,0.0,0.0,0.0,0.0,1.0,1.0,,0.0,,False,,,7.0,68,0.14285714285714285,0.14285714285714285,0.14285714285714285,0.14285714285714285,0.14285714285714285,0.14285714285714285,0.14285714285714285,1.0350516236175364,1.0668988139445743,1.0189072752337456,0.971959213401311,0.9986197377501727,0.9864349300551081,1.0646866347847974
equal_weight,60,10,102836.36708245862,0.010605642746636557,0.010605642746636557,0.0067867058864120675,0.027581362147734212,0.07052837573640264,0.0,0.0,0.0,0.0,1.0,1.0,,0.0,,False,,,7.0,69,0.14285714285714285,0.14285714285714285,0.14285714285714285,0.14285714285714285,0.14285714285714285,0.14285714285714285,0.14285714285714285,1.0146423361916632,1.0003827389871474,1.0247643242463869,1.0041213937804423,1.0570145127850723,0.969058874086807,1.0042553191489363
equal_weight,60,11,101300.9950570406,-0.014930243735534532,-0.014930243735534532,-0.018606131818414168,0.012842865524746672,0.07735270390853254,0.0,0.0,0.0,0.0,1.0,1.0,,0.0,,False,,,7.0,70,0.14285714285714285,0.14285714285714285,0.14285714285714285,0.14285714285714285,0.14285714285714285,0.14285714285714285,0.14285714285714285,1.0024823479186857,1.0579639578806326,0.9651039618260693,0.9328358208955223,0.9767898005884277,0.945011086474501,1.0153013182674198
equal_weight,60,12,104052.52037726625,0.02716187850550056,0.02716187850550056,0.022440214154014117,0.038946873776559254,0.07327588195596928,0.0,0.0,0.0,0.0,1.0,1.0,,0.0,,False,,,7.0,71,0.14285714285714285,0.14285714285714285,0.14285714285714285,0.14285714285714285,0.14285714285714285,0.14285714285714285,0.14285714285714285,1.0647274634440285,1.0659156475343874,1.0455609523922245,1.0168,0.9832663989290497,1.0154856874706712,0.9983769997681431
equal_weight,60,13,107893.7755733447,0.03691650314813222,0.03691650314813222,0.030561092253820858,0.0731624742150081,0.07309016369255975,0.0,0.0,0.0,0.0,1.0,1.0,,0.0,,False,,,7.0,72,0.14285714285714285,0.14285714285714285,0.14285714285714285,0.14285714285714285,0.14285714285714285,0.14285714285714285,0.14285714285714285,1.0311389371500623,1.0404774891800428,1.033478927516993,1.0743509047993705,1.0571817562968002,1.0083179297597042,1.0134695773339524
equal_weight,60,14,104918.44775427577,-0.02757645474225101,-0.02757645474225101,-0.029601555732348583,0.04687876974500249,0.06635702524685946,0.0,0.0,0.0,0.0,1.0,1.0,,0.0,,False,,,7.0,73,0.14285714285714285,0.14285714285714285,0.14285714285714285,0.14285714285714285,0.14285714285714285,0.14285714285714285,0.14285714285714285,0.9822836111014266,0.9783176430619793,0.9764445432283997,0.9483705602343465,0.963940759819704,0.9404216315307058,1.0171860678276812
equal_weight,60,15,102374.1649611975,-0.02425009945855372,-0.02425009945855372,-0.02735489056992372,0.02319105569356661,0.07334353036975673,0.0,0.0,0.0,0.0,1.0,1.0,,0.0,,False,,,7.0,74,0.14285714285714285,0.14285714285714285,0.14285714285714285,0.14285714285714285,0.14285714285714285,0.14285714285714285,0.14285714285714285,0.953865200398201,0.9405989802128366,0.9695992992920063,0.9972972972972974,1.0277221108884433,0.9517543859649122,0.9894120297364272
equal_weight,60,16,100682.5774902687,-0.016523577716799576,-0.016523577716799576,-0.020015122203360356,0.006779499564705471,0.07207132148998434,0.0,0.0,0.0,0.0,1.0,1.0,,0.0,,False,,,7.0,75,0.14285714285714285,0.14285714285714285,0.14285714285714285,0.14285714285714285,0.14285714285714285,0.14285714285714285,0.14285714285714285,0.9753702827932057,0.9734845260871898,0.9817779805097796,0.9632210607820363,0.9691257718557038,0.9810547875064004,1.0403005464480872
equal_weight,60,17,103884.86107609872,0.03180573705653833,0.03180573705653833,0.02720010817864785,0.03739583454082818,0.06832453594949707,0.0,0.0,0.0,0.0,1.0,1.0,,0.0,,False,,,7.0,76,0.14285714285714285,0.14285714285714285,0.14285714285714285,0.14285714285714285,0.14285714285714285,0.14285714285714285,0.14285714285714285,1.0891792688816473,1.1069920631695078,1.0876782985427245,0.965032154340836,1.0026827632461435,0.978079331941545,0.9929962792733641
equal_weight,60,18,105433.88341262023,0.01491095353524896,0.01491095353524896,0.00980162623790446,0.05153830283718652,0.08681684116907767,0.0,0.0,0.0,0.0,1.0,1.0,,0.0,,False,,,7.0,77,0.14285714285714285,0.14285714285714285,0.14285714285714285,0.14285714285714285,0.14285714285714285,0.14285714285714285,0.14285714285714285,1.0442292370169115,1.0551892045973597,1.0483617643675298,0.9808413161182841,0.9802675585284282,0.9829242262540022,1.0125633678642274
equal_weight,60,19,103116.08563769971,-0.021983424112813066,-0.021983424112813066,-0.02493687384787797,0.030219200219140818,0.07235542459664532,0.0,0.0,0.0,0.0,1.0,1.0,,0.0,,False,,,7.0,78,0.14285714285714285,0.14285714285714285,0.14285714285714285,0.14285714285714285,0.14285714285714285,0.14285714285714285,0.14285714285714285,1.0158957024486046,1.010169583320357,1.0122251879699948,0.9732484076433121,1.0010235414534288,0.8322475570032573,1.0013060513713536
equal_weight,60,20,109157.9749226966,0.05859308222991677,0.05859308222991677,0.049647507783699585,0.08389652638006595,0.08059636754451088,0.0,0.0,0.0,0.0,1.0,1.0,,0.0,,False,,,7.0,79,0.14285714285714285,0.14285714285714285,0.14285714285714285,0.14285714285714285,0.14285714285714285,0.14285714285714285,0.14285714285714285,1.0517206371017433,1.0611916700117017,1.0221778015443597,1.0663176265270506,1.0606680299931834,1.1487279843444227,0.9993478260869567
equal_weight,60,21,111151.19226530174,0.018259933312400722,0.018259933312400722,0.0121088204247841,0.100324540277404,0.08638386945107913,0.0,0.0,0.0,0.0,1.0,1.0,,0.0,,False,,,7.0,80,0.14285714285714285,0.14285714285714285,0.14285714285714285,0.14285714285714285,0.14285714285714285,0.14285714285714285,0.14285714285714285,1.0310187843265763,1.0178682872014018,1.0207962964654471,0.9975450081833063,0.980719794344473,0.9982964224872232,1.0815749401783774
equal_weight,60,22,111211.957846532,0.000546693022286382,0.000546693022286382,-0.003159728041217864,0.10081611783153788,0.07302611190703469,0.0,0.0,0.0,0.0,1.0,1.0,,0.0,,False,,,7.0,81,0.14285714285714285,0.14285714285714285,0.14285714285714285,0.14285714285714285,0.14285714285714285,0.14285714285714285,0.14285714285714285,0.9583849199542304,0.9559426386392028,0.9499728531432721,1.0254306808859721,1.0298165137614679,1.0329920364050056,1.0512872083668543
equal_weight,60,23,113872.64639769388,0.023924482606749287,0.023924482606749287,0.017758497285638296,0.12182597697118969,0.06502723708027028,0.0,0.0,0.0,0.0,1.0,1.0,,0.0,,False,,,7.0,82,0.14285714285714285,0.14285714285714285,0.14285714285714285,0.14285714285714285,0.14285714285714285,0.14285714285714285,0.14285714285714285,1.0480212055948877,1.068795856752058,1.0230167177280944,0.9996,1.0413617562838053,0.9757709251101322,1.0109049167782667
equal_weight,60,24,113618.80751257588,-0.0022291471494522153,-0.0022291471494522153,-0.005278030700491234,0.11986402436998356,0.06632156198570208,0.0,0.0,0.0,0.0,1.0,1.0,,0.0,,False,,,7.0,83,0.14285714285714285,0.14285714285714285,0.14285714285714285,0.14285714285714285,0.14285714285714285,0.14285714285714285,0.14285714285714285,1.0346697982446185,1.0596108138674234,1.0111806730814872,0.9767907162865145,0.9780018331805682,0.9322799097065462,0.9918622255866768
equal_weight,61,1,97773.06796438641,-0.022269320356135935,-0.022269320356135935,-0.027046949980744098,-0.022776538386058753,0.08540823189370686,0.0,0.0,0.0,0.0,1.0,1.0,,0.0,,False,,,7.0,61,0.14285714285714285,0.14285714285714285,0.14285714285714285,0.14285714285714285,0.14285714285714285,0.14285714285714285,0.14285714285714285,0.9575598807831897,0.9536357930098714,0.9593638617140574,0.9904526166902407,1.019303688383316,0.9602929838087895,1.0035059331175835
equal_weight,61,2,91604.95980711827,-0.06308596309481518,-0.06308596309481518,-0.07243386925526366,-0.09164394821588462,0.07132918850875587,0.0,0.0,0.0,0.0,1.0,1.0,,0.0,,False,,,7.0,62,0.14285714285714285,0.14285714285714285,0.14285714285714285,0.14285714285714285,0.14285714285714285,0.14285714285714285,0.14285714285714285,0.906604323640961,0.8950099292047539,0.9116191074982402,0.9460906818993214,1.0010145417653027,0.8916097952629467,1.0064498790647676
equal_weight,61,3,92454.49798728571,0.00927393213158112,0.00927393213158112,0.006006716882509034,-0.08161314135037467,0.0804817996600182,0.0,0.0,0.0,0.0,1.0,1.0,,0.0,,False,,,7.0,63,0.14285714285714285,0.14285714285714285,0.14285714285714285,0.14285714285714285,0.14285714285714285,0.14285714285714285,0.14285714285714285,1.0798634244603893,1.039007305019145,1.1395080340749941,0.8803773584905662,0.9280405405405406,0.9914452949122017,1.0066755674232308
equal_weight,61,4,98401.89149556939,0.06432778975341535,0.06432778975341535,0.06083132987119533,-0.016240627899948068,0.09082367158462558,0.0,0.0,0.0,0.0,1.0,1.0,,0.0,,False,,,7.0,64,0.14285714285714285,0.14285714285714285,0.14285714285714285,0.14285714285714285,0.14285714285714285,0.14285714285714285,0.14285714285714285,1.0537528861202778,1.0436698440150798,1.056726336776278,1.1337333904843547,1.097196942118675,1.0286103542234333,1.0366047745358091
equal_weight,61,5,95292.3811660037,-0.03160010729779217,-0.03160010729779217,-0.03704060224176981,-0.04940183859814984,0.07758783087136085,0.0,0.0,0.0,0.0,1.0,1.0,,0.0,,False,,,7.0,65,0.14285714285714285,0.14285714285714285,0.14285714285714285,0.14285714285714285,0.14285714285714285,0.14285714285714285,0.14285714285714285,0.9410285276370367,0.912668726840604,0.9582963540708176,1.0015122873345936,0.9499004644990046,1.0061810154525386,1.00921187308086
equal_weight,61,6,100238.06760809272,0.051900124454581587,0.051900124454581587,0.048327535790216,0.0023750219230433967,0.0689864946195447,0.0,0.0,0.0,0.0,1.0,1.0,,0.0,,False,,,7.0,66,0.14285714285714285,0.14285714285714285,0.14285714285714285,0.14285714285714285,0.14285714285714285,0.14285714285714285,0.14285714285714285,1.0617528584451108,1.1068239035899863,1.0283217793331279,1.064175160437901,0.9811386657352429,1.100043878894252,1.0210446247464502
equal_weight,61,7,98149.70751330844,-0.02083400193775964,-0.02083400193775964,-0.02519149821849434,-0.01885173714288113,0.07929478305139628,0.0,0.0,0.0,0.0,1.0,1.0,,0.0,,False,,,7.0,67,0.14285714285714285,0.14285714285714285,0.14285714285714285,0.14285714285714285,0.14285714285714285,0.14285714285714285,0.14285714285714285,0.9738875049333385,0.9888637987703586,0.9580667059670183,0.9741042923022349,1.0316838732645068,0.9409652971679298,0.9865905140302956
equal_weight,61,8,100148.57157889179,0.020365461255320794,0.020365461255320794,0.016894876335548037,0.0014835117121441144,0.06880745038954415,0.0,0.0,0.0,0.0,1.0,1.0,,0.0,,False,,,7.0,68,0.14285714285714285,0.14285714285714285,0.14285714285714285,0.14285714285714285,0.14285714285714285,0.14285714285714285,0.14285714285714285,1.0350516236175364,1.0668988139445743,1.0189072752337456,0.971959213401311,0.9986197377501727,0.9864349300551081,1.0646866347847974
equal_weight,61,9,101210.71155064348,0.010605642746636557,0.010605642746636557,0.007281455256269719,0.011962286719401805,0.06394639501975942,0.0,0.0,0.0,0.0,1.0,1.0,,0.0,,False,,,7.0,69,0.14285714285714285,0.14285714285714285,0.14285714285714285,0.14285714285714285,0.14285714285714285,0.14285714285714285,0.14285714285714285,1.0146423361916632,1.0003827389871474,1.0247643242463869,1.0041213937804423,1.0570145127850723,0.969058874086807,1.0042553191489363
equal_weight,61,10,99699.6109585455,-0.014930243735534532,-0.014930243735534532,-0.018075062894721553,-0.00301294095901139,0.06199670432616717,0.0,0.0,0.0,0.0,1.0,1.0,,0.0,,False,,,7.0,70,0.14285714285714285,0.14285714285714285,0.14285714285714285,0.14285714285714285,0.14285714285714285,0.14285714285714285,0.14285714285714285,1.0024823479186857,1.0579639578806326,0.9651039618260693,0.9328358208955223,0.9767898005884277,0.945011086474501,1.0153013182674198
equal_weight,61,11,102407.63967844719,0.02716187850550056,0.02716187850550056,0.02303110058797362,0.023510352215977415,0.06984385174030366,0.0,0.0,0.0,0.0,1.0,1.0,,0.0,,False,,,7.0,71,0.14285714285714285,0.14285714285714285,0.14285714285714285,0.14285714285714285,0.14285714285714285,0.14285714285714285,0.14285714285714285,1.0647274634440285,1.0659156475343874,1.0455609523922245,1.0168,0.9832663989290497,1.0154856874706712,0.9983769997681431
equal_weight,61,12,106188.17163102937,0.03691650314813222,0.03691650314813222,0.031163567798754246,0.058275526699257174,0.07203213369051024,0.0,0.0,0.0,0.0,1.0,1.0,,0.0,,False,,,7.0,72,0.14285714285714285,0.14285714285714285,0.14285714285714285,0.14285714285714285,0.14285714285714285,0.14285714285714285,0.14285714285714285,1.0311389371500623,1.0404774891800428,1.033478927516993,1.0743509047993705,1.0571817562968002,1.0083179297597042,1.0134695773339524
equal_weight,61,13,103259.87832188391,-0.02757645474225101,-0.02757645474225101,-0.030394160775513792,0.031569651009292654,0.07376570171098541,0.0,0.0,0.0,0.0,1.0,1.0,,0.0,,False,,,7.0,73,0.14285714285714285,0.14285714285714285,0.14285714285714285,0.14285714285714285,0.14285714285714285,0.14285714285714285,0.14285714285714285,0.9822836111014266,0.9783176430619793,0.9764445432283997,0.9483705602343465,0.963940759819704,0.9404216315307058,1.0171860678276812
equal_weight,61,14,100755.81600250007,-0.02425009945855372,-0.02425009945855372,-0.026954936275750775,0.007501462768971234,0.05773496070858712,0.0,0.0,0.0,0.0,1.0,1.0,,0.0,,False,,,7.0,74,0.14285714285714285,0.14285714285714285,0.14285714285714285,0.14285714285714285,0.14285714285714285,0.14285714285714285,0.14285714285714285,0.953865200398201,0.9405989802128366,0.9695992992920063,0.9972972972972974,1.0277221108884433,0.9517543859649122,0.9894120297364272
equal_weight,61,15,99090.9694463632,-0.016523577716799576,-0.016523577716799576,-0.020275348213417425,-0.009173697247243595,0.07200376394405189,0.0,0.0,0.0,0.0,1.0,1.0,,0.0,,False,,,7.0,75,0.14285714285714285,0.14285714285714285,0.14285714285714285,0.14285714285714285,0.14285714285714285,0.14285714285714285,0.14285714285714285,0.9753702827932057,0.9734845260871898,0.9817779805097796,0.9632210607820363,0.9691257718557038,0.9810547875064004,1.0403005464480872
equal_weight,61,16,102242.6307652517,0.03180573705653833,0.03180573705653833,0.02817931183340386,0.02193440004884817,0.05857570925375813,0.0,0.0,0.0,0.0,1.0,1.0,,0.0,,False,,,7.0,76,0.14285714285714285,0.14285714285714285,0.14285714285714285,0.14285714285714285,0.14285714285714285,0.14285714285714285,0.14285714285714285,1.0891792688816473,1.1069920631695078,1.0876782985427245,0.965032154340836,1.0026827632461435,0.978079331941545,0.9929962792733641
equal_weight,61,17,103767.16588191398,0.01491095353524896,0.01491095353524896,0.010390828473787236,0.03630402594016102,0.07957594835051235,0.0,0.0,0.0,0.0,1.0,1.0,,0.0,,False,,,7.0,77,0.14285714285714285,0.14285714285714285,0.14285714285714285,0.14285714285714285,0.14285714285714285,0.14285714285714285,0.14285714285714285,1.0442292370169115,1.0551892045973597,1.0483617643675298,0.9808413161182841,0.9802675585284282,0.9829242262540022,1.0125633678642274
equal_weight,61,18,101486.00826534725,-0.021983424112813066,-0.021983424112813066,-0.02498081803435184,0.014642493982637395,0.06638572153656425,0.0,0.0,0.0,0.0,1.0,1.0,,0.0,,False,,,7.0,78,0.14285714285714285,0.14285714285714285,0.14285714285714285,0.14285714285714285,0.14285714285714285,0.14285714285714285,0.14285714285714285,1.0158957024486046,1.010169583320357,1.0122251879699948,0.9732484076433121,1.0010235414534288,0.8322475570032573,1.0013060513713536
equal_weight,61,19,107432.38629282475,0.05859308222991677,0.05859308222991677,0.05063937852011659,0.06918199017348958,0.07800235341471197,0.0,0.0,0.0,0.0,1.0,1.0,,0.0,,False,,,7.0,79,0.14285714285714285,0.14285714285714285,0.14285714285714285,0.14285714285714285,0.14285714285714285,0.14285714285714285,0.14285714285714285,1.0517206371017433,1.0611916700117017,1.0221778015443597,1.0663176265270506,1.0606680299931834,1.1487279843444227,0.9993478260869567
equal_weight,61,20,109394.09450212381,0.018259933312400722,0.018259933312400722,0.01200330696121973,0.08587387230433563,0.09377150339252634,0.0,0.0,0.0,0.0,1.0,1.0,,0.0,,False,,,7.0,80,0.14285714285714285,0.14285714285714285,0.14285714285714285,0.14285714285714285,0.14285714285714285,0.14285714285714285,0.14285714285714285,1.0310187843265763,1.0178682872014018,1.0207962964654471,0.9975450081833063,0.980719794344473,0.9982964224872232,1.0815749401783774
equal_weight,61,21,109453.89949026746,0.000546693022286382,0.000546693022286382,-0.002913759116561481,0.08637334562125953,0.0682646486697077,0.0,0.0,0.0,0.0,1.0,1.0,,0.0,,False,,,7.0,81,0.14285714285714285,0.14285714285714285,0.14285714285714285,0.14285714285714285,0.14285714285714285,0.14285714285714285,0.14285714285714285,0.9583849199542304,0.9559426386392028,0.9499728531432721,1.0254306808859721,1.0298165137614679,1.0329920364050056,1.0512872083668543
equal_weight,61,22,112072.52740486324,0.023924482606749287,0.023924482606749287,0.01817397502778198,0.10772066700388672,0.06346692709690402,0.0,0.0,0.0,0.0,1.0,1.0,,0.0,,False,,,7.0,82,0.14285714285714285,0.14285714285714285,0.14285714285714285,0.14285714285714285,0.14285714285714285,0.14285714285714285,0.14285714285714285,1.0480212055948877,1.068795856752058,1.0230167177280944,0.9996,1.0413617562838053,0.9757709251101322,1.0109049167782667
equal_weight,61,23,111822.70124986679,-0.0022291471494522153,-0.0022291471494522153,-0.004978293954862256,0.10572720134392999,0.05969656589811056,0.0,0.0,0.0,0.0,1.0,1.0,,0.0,,False,,,7.0,83,0.14285714285714285,0.14285714285714285,0.14285714285714285,0.14285714285714285,0.14285714285714285,0.14285714285714285,0.14285714285714285,1.0346697982446185,1.0596108138674234,1.0111806730814872,0.9767907162865145,0.9780018331805682,0.9322799097065462,0.9918622255866768
equal_weight,61,24,112671.18994508122,0.007587803600974441,0.007587803600974441,0.00324096202130796,0.11246166789626955,0.06987009062063194,0.0,0.0,0.0,0.0,1.0,1.0,,0.0,,False,,,7.0,84,0.14285714285714285,0.14285714285714285,0.14285714285714285,0.14285714285714285,0.14285714285714285,0.14285714285714285,0.14285714285714285,1.011321312412097,0.9924882378382841,1.0440690175133274,1.0090126997132325,0.9662605435801311,1.0036319612590798,1.0263308528906698
pretrained,1,1,101480.3362141477,0.016558709625794865,0.014803362141476928,0.011833313054897834,0.014587419291002601,0.055082124722095345,1.2281115108302663,0.0012281115108302664,0.0005001357038106237,0.20005428152424948,1.400108563048499,1.0,0.8002170324325562,0.8002171260969981,9.36644419802235e-08,False,1.0051286220550537,0.873043628323058,4.044188499450684,1,0.10276944882103375,0.31841884500214035,0.0546576487166541,-0.1064105039196355,-0.09364377760461398,0.1529983872813838,0.5712099517030376,1.0005303404444805,1.012687236336312,1.0027938226015538,1.0313199105145414,1.0026604589291652,1.0684019370460047,1.009502923976608
pretrained,1,2,102160.25419783656,0.007482794318145691,0.006699997349773001,0.0036409194224934424,0.021145740237227373,0.058348030474626576,0.27230925432273323,0.0002723092543227332,0.0005049757180469377,0.2019902872187751,1.4039805744375502,0.9999999999999999,0.807961106300354,0.8079611488751004,4.257474639501879e-08,False,0.9667157530784607,0.8396786342618441,3.940777540206909,2,0.07409341846193584,0.4407581037708691,0.018563756985323754,-0.1081598752311298,-0.0938304119876453,0.16681375567402157,0.5017612523266247,1.019315344276995,1.0104687132164811,1.0205171841833278,0.9855386840202459,1.0069651741293533,1.0084985835694051,0.997465604634323
pretrained,1,3,102637.19628676213,0.005328761829872519,0.004668567954049463,0.00197651713205364,0.025694352361243067,0.05144189983924108,0.14643690894757,0.00014643690894757,0.0005104733165353536,0.20418932661414146,1.408378653228283,1.0,0.8167572021484375,0.8167573064565659,1.043081283569336e-07,False,0.9429011344909668,0.8189935193794857,3.6740317344665527,3,0.08452080748975277,0.4603466894477606,0.024971578270196915,-0.11003860272467136,-0.0941507238894701,0.09579434059560299,0.5385559108108282,1.0221921915497179,1.0356698471049701,1.0434986865451779,1.0458547322083638,1.021080368906456,0.9960674157303371,0.9876588021778585
pretrained,1,4,102495.18573689474,-0.0006114698346406655,-0.001383616807600907,-0.004306035427769266,0.02434441890080452,0.0591220393466144,0.2670340947806835,0.0002670340947806835,0.0005058839358389378,0.2023535743355751,1.4047071486711502,1.0,0.8094143867492676,0.8094142973423004,8.940696716308594e-08,False,0.9892860651016235,0.8592829581948326,4.005853176116943,4,0.07090532407164574,0.3417467884719372,0.0410037562251091,-0.10690118744969368,-0.09545238688588142,0.18959641084074974,0.5591012947261333,1.0280826401994365,1.021746058022258,1.0382897806730846,1.0024552788495267,0.9977419354838709,0.9379582628313593,1.000367511944138
pretrained,1,5,102434.10314116025,8.48086270495152e-05,-0.000595955754363775,-0.0032477457914157227,0.023762624619321326,0.053319030198650565,0.17635419964790344,0.00017635419964790345,0.0005045842379331588,0.20183369517326355,1.403667390346527,1.0,0.8073347210884094,0.8073347806930542,5.960464477539063e-08,False,0.9697051048278809,0.8422751522003261,3.770519733428955,5,0.07510983943939209,0.38424941152334213,0.05886150896549225,-0.11111495643854141,-0.09071873873472214,0.10563308000564575,0.5779798552393913,1.0098316194475092,1.0042798992640376,1.018410706312502,1.0,1.002909796314258,0.988574864702345,0.9966936076414401
pretrained,1,6,105014.48615277863,0.025809180366663576,0.025190663387392176,0.02126686583626202,0.04775042317003175,0.05441865428896808,0.09595096324171348,9.595096324171348e-05,0.0005071860871144703,0.20287443484578815,1.405748869691576,0.9999999999999999,0.811497688293457,0.8114977393831522,5.10896951411155e-08,False,0.9452601075172424,0.821042497316026,3.6354148387908936,6,0.07326501714331762,0.4322248931441988,0.041074202529021664,-0.11117060376065119,-0.09170383108513697,0.08986521618706839,0.5664451058421816,1.0561787225444728,1.07454593939288,1.0578565933512618,1.0892232330300908,1.0396518375241781,0.9933090024330901,1.002211573903428
pretrained,1,7,104837.29361461448,-0.0006200785565625422,-0.0016873151948423315,-0.005581073607533102,0.04614096232201992,0.07943225519042535,0.5683502554893494,0.0005683502554893494,0.0005001191741653852,0.20004766966615406,1.400095339332308,0.9999999999999999,0.8001906275749207,0.8001906786646158,5.10896951411155e-08,False,0.994147777557373,0.8635057879790973,3.9786505699157715,7,0.05236788945538656,0.17238370435578482,0.07431949036461966,-0.10490702731268747,-0.09514064235346659,0.33053439216954367,0.5704421933208192,0.9610526217750979,0.9804529781020231,0.9571618544716682,0.9222614840989399,0.947596899224806,1.011022657685242,0.9845531445384331
pretrained,1,8,103782.10069883539,-0.008561608716771474,-0.01006505299209659,-0.01242253230913584,0.03644270710814246,0.054485541905167585,1.010174684226513,0.0010101746842265129,0.0005074035881885461,0.20296143527541843,1.4059228705508366,0.9999999999999998,0.8118456602096558,0.8118457411016733,8.089201752881081e-08,False,0.9067118763923645,0.7875599291866946,3.4465255737304688,8,0.08582640545708792,0.5088590915713991,-0.086362219282559,-0.11659921599285944,0.040012796542474194,0.03604832770568983,0.5322148139987672,0.9731154872222838,0.9711852581306858,0.9629996232560255,0.9522814350400557,0.9581151832460733,1.0533010296789824,0.9988793425476279
pretrained,1,9,104487.4506432483,0.007569581524805136,0.006796450829799294,0.0036492225174897396,0.04294726893634171,0.05710678621419023,0.26398855979953495,0.00026398855979953495,0.0005036283683563982,0.2014513473425593,1.4029026946851186,1.0,0.8058053255081177,0.8058053893702373,6.386211959252819e-08,False,0.9518868327140808,0.8267983976881782,3.7994492053985596,9,0.17659365332552365,0.5452240029616016,-0.08971425199082919,-0.1117370953517301,0.036424330834831514,0.03522713801690511,0.40798222220369745,1.0109963000452014,1.0079791009476824,1.0086329152204732,0.9663496708119972,0.9583333333333334,0.9815986198964922,1.0011219147344803
pretrained,1,10,106812.8682723369,0.02304328806006728,0.022255472927828146,0.017881991516971358,0.06378321622228489,0.05907911537943645,0.26269580210958227,0.0002626958021095823,0.0005076710374227592,0.2030684149691037,1.4061368299382075,1.0,0.8122736215591431,0.8122736598764151,3.831727202197044e-08,False,0.8765468597412109,0.7613589286304632,3.2675435543060303,10,0.07219721270459037,0.5363262285079275,-0.09225364135844369,-0.11081477361066,0.02895551813500266,0.02718165410416465,0.5384078015174185,1.0132439300667035,1.0452709779845217,1.0043046145479644,1.0034065102195306,1.0245901639344261,0.9660222612770942,0.9977586850952559
pretrained,1,11,107594.00618684893,0.008174113146310669,0.007313144260112869,0.003667423664636094,0.07058019731750764,0.06259114861173319,0.3482859741364206,0.0003482859741364206,0.0005060671708945717,0.2024268683578287,1.4048537367156573,1.0,0.8097074627876282,0.8097074734313146,1.0643686376710093e-08,False,0.8990872502326965,0.7809372630512567,3.3601601123809814,11,0.0725690299378974,0.48731645436159204,0.02831620403698512,-0.1062491735709565,-0.09617769478687219,0.04765502230397292,0.5665701577173812,1.004842437168933,1.0091613275630966,0.9940845942149397,0.9411542814032442,0.9356521739130435,0.9241964827167981,0.9906402096593037
pretrained,1,12,109225.44779086596,0.016012272170030428,0.015162941336935187,0.01119876575217323,0.08446243963705169,0.05366953134741634,0.32596787224922863,0.00032596787224922866,0.0005103271720664843,0.2041308688265937,1.4082617376531874,0.9999999999999999,0.8165234327316284,0.8165234753063748,4.257474639501879e-08,False,0.8887600898742676,0.7719672055364653,3.3020694255828857,12,0.05512181137289318,0.4919895513781479,0.03062883977379116,-0.10970904092703548,0.05106088731970104,-0.09442182789955822,0.5753297789820603,1.0360215483535529,1.021502497143988,1.0471245506781481,1.0400801603206413,1.0360594795539033,0.9770341207349081,1.0041572184429328
pretrained,1,13,110933.74703880229,0.016636103372042577,0.01564012125825487,0.011278083437604607,0.09856105405849047,0.05641061967668349,0.47735755251986645,0.0004773575525198665,0.0005028066411614418,0.20112265646457672,1.4022453129291534,1.0,0.8044906258583069,0.8044906258583069,0.0,False,0.9551567435264587,0.8296386061324412,3.68428635597229,13,0.05704178288578987,0.4002298153936863,0.04539121687412262,-0.10526450350880623,-0.09585815295577049,0.12118789926171303,0.5772719420492649,1.030263218631604,1.0570596953253422,1.0216260752256048,0.9703275529865124,0.9601722282023681,0.9194089993284082,0.9894617990214528
pretrained,1,14,109163.46088186925,-0.015013706091480006,-0.01595804887320562,-0.017562497411153104,0.08394256473588224,0.05888016177089747,0.46643073750393726,0.00046643073750393725,0.000492766121668475,0.19710644866739002,1.3942128973347798,0.9999999999999999,0.7884257435798645,0.7884257946695596,5.10896951411155e-08,False,0.8760921955108643,0.7609640122977465,3.213696002960205,14,0.04235056894166128,0.49445112528545515,-0.08915671972291811,-0.10794972894447191,0.041005411318370266,0.03989690648657934,0.5794024366353239,1.0042943009181393,0.992207955075134,1.0190061088156275,1.0559968228752978,1.046711509715994,0.9831994156318481,0.99163179916318
pretrained,1,15,106735.16699109158,-0.021311348400909647,-0.02224456673653319,-0.0236313572328806,0.06310166724762534,0.055809194892473886,0.45549866876431866,0.00045549866876431864,0.0004984957884464945,0.1993983153785978,1.3987966307571955,1.0,0.7975932359695435,0.797593261514391,2.554484757055775e-08,False,0.945143461227417,0.8209411796360145,3.650418519973755,15,0.0460162130849702,0.41303172760776113,0.03694675170949527,-0.10427237248846463,-0.09512594289013318,0.13419976883700915,0.569203854139362,0.9305966410201849,0.9079768850724007,0.9492578825091647,0.9386987589319293,0.9339521599428774,0.9034175334323922,1.038741848868431
pretrained,1,16,106788.18528074748,0.001573136780987472,0.0004967274718399306,-0.0021999605017505386,0.06356681933400454,0.053302251762594885,0.5713720396161079,0.0005713720396161079,0.0005039245143000569,0.20156980572002273,1.4031396114400454,1.0,0.8062791228294373,0.8062792228800908,1.0005065353979603e-07,False,0.9451779127120972,0.8209711038153945,3.7867488861083984,16,0.039451377998505316,0.4196295091616256,-0.09184468298086099,-0.10972512273916174,0.1839622953640563,0.022378199334655485,0.53614842386118,1.0178593449224487,1.0033726303860246,1.0168301139748919,0.9911858974358975,0.9889143730886851,1.0394736842105263,1.002215657311669
pretrained,1,17,103419.60609829155,-0.0306572049877486,-0.031544493181524635,-0.033436162468932475,0.033065356050974604,0.05869398371805076,0.4017101467720099,0.0004017101467720099,0.0005140593168990953,0.20562372675963814,1.4112474535192763,0.9999999999999999,0.8224948644638062,0.8224949070385525,4.257474639501879e-08,False,0.9089513421058655,0.7895051043902646,3.4288759231567383,17,0.04965231035436901,0.555639921022313,-0.0967806891671249,-0.10884303759251324,0.0327082930931023,0.07613984335746082,0.4914833589323929,0.9005749972130336,0.8982312353523753,0.906226913619528,0.9240097008892482,0.9984538074990336,0.9446202531645569,1.0361090641120116
pretrained,1,18,109131.71037781972,0.0563834609118965,0.05523231517725269,0.04657921694892689,0.08367604930047612,0.08062952601149247,0.5864745293344771,0.0005864745293344771,0.0005038240578557764,0.20152962314231057,1.4030592462846212,1.0,0.8061186075210571,0.8061184925692424,1.1495181473364369e-07,False,1.06034517288208,0.921004114990874,4.748047351837158,18,0.22657206228801183,0.49848211875983645,-0.09051201173237391,-0.11101761140993666,0.14275712839194707,0.07144660076924733,0.2622717129332679,1.0878451084988776,1.105887779215494,1.080196082028685,1.0822397200349958,1.0007742934572201,0.9865996649916248,1.0035561877667143
pretrained,1,19,115035.38639222276,0.055841613725315487,0.054096797291678156,0.04332515091665798,0.13070227226393072,0.0740214409359325,1.160943682704653,0.001160943682704653,0.0004929594096860716,0.19718376387442865,1.3943675277488572,0.9999999999999999,0.7887350916862488,0.7887350554977144,3.618853439135705e-08,False,0.9340553879737854,0.8113102015780321,3.794166088104248,19,0.019314999559095908,0.35821456169443466,0.018305149727634,-0.10699367070836682,-0.09019009316606183,0.25447875713663437,0.5468702957566296,1.0297288920628345,1.0344408881821956,1.0366536879752946,1.1059013742926436,1.085880077369439,1.2478777589134125,0.9968107725017719
pretrained,1,20,121240.37172846099,0.05529122261268138,0.053939796534275164,0.03704237667468217,0.17519223527318528,0.14895172669144774,0.7902300363140449,0.0007902300363140449,0.0004912097406174456,0.19648389624697823,1.3929677924939565,1.0,0.7859354615211487,0.785935584987913,1.234667643679188e-07,False,1.0041102170944214,0.872159053013567,4.113811016082764,20,0.07525897717901639,0.23963672614523343,0.05011527559586934,-0.10950164550117086,-0.08698225074580737,0.5586318293852466,0.27284108794161255,1.0179242518378595,1.0261253529989354,1.0004892614601024,1.0303362573099413,1.0399002493765588,1.1047619047619048,0.9850693210095981
pretrained,1,21,120136.22472291814,-0.008381595689038401,-0.009107090235716098,-0.01212943909874431,0.16761159899406086,0.09097605639239778,0.22643433564475599,0.000226434335644756,0.0005054601800761053,0.2021840720304421,1.4043681440608842,0.9999999999999999,0.808736264705658,0.8087362881217683,2.3416110384033573e-08,False,0.9797050356864929,0.8509609817829447,4.156615734100342,21,0.048885692709258605,0.3197819561298404,0.022545526602438498,-0.10928546184939997,-0.09289861018104215,0.5052740544612919,0.3056968421276126,1.0393135068908235,1.0489629372043836,1.0256175982612805,1.038666193685704,0.984583761562179,0.9562807881773397,0.9945867917719236
pretrained,1,22,117559.73193353518,-0.02036704457874894,-0.021446427131578183,-0.021569230436262916,0.14936859454105367,0.06652451966511445,0.5975608474441938,0.0005975608474441938,0.0005048700461962394,0.20194801847849575,1.4038960369569913,0.9999999999999999,0.8077920079231262,0.8077920739139826,6.599085633496315e-08,False,0.9402152299880981,0.8166605723704558,3.822214365005493,22,0.021742883271404667,0.3743673517767872,0.024197247943707867,-0.11095589106636389,-0.09099212741213186,0.23530686939401285,0.546333666092583,0.9342222757517478,0.9192601541484278,0.933144921461059,0.9316939890710383,0.9439805149617257,0.9175788795878945,1.0359216255442671
pretrained,1,23,125054.401928763,0.06513985953332524,0.06375201671491637,0.048565624602808825,0.20034802088002623,0.04827603472327484,0.7940473343644823,0.0007940473343644823,0.0005097699524568661,0.20390798098274643,1.4078159619654929,0.9999999999999999,0.8156318664550781,0.8156319239309857,5.747590758886645e-08,False,0.9402809143066406,0.816717625044637,3.8972465991973877,23,0.02328716245080742,0.4392491209187678,-0.09530109140489784,-0.10860688957784859,0.23725648996021065,0.01664980341281208,0.4874654042401484,1.068930144367124,1.074208932789611,1.0719290343572334,1.0821114369501466,1.0269074824917066,1.0224561403508772,1.0819614711033276
pretrained,1,24,128027.60534551232,0.02509978162902482,0.0237752799652986,0.015519165579453893,0.21891845332788418,0.061025337368081,0.7924343118710176,0.0007924343118710177,0.000500472096194114,0.20018883847764563,1.4003776769552911,0.9999999999999999,0.8007553219795227,0.8007553539105823,3.193105957421949e-08,False,0.943921685218811,0.8198799584786959,3.843477964401245,24,-0.09743802648569858,0.37436735230897156,0.0188904401979276,-0.10275081199194705,0.026646291571004038,0.2409140427729913,0.539370711626751,1.0131281613727836,1.0211309798074761,1.0099364281396368,1.0027100271002711,1.007896625987078,1.037748798901853,1.0171576561994171
pretrained,2,1,100535.52762233625,0.007318579334402386,0.005355276223362404,0.0026018248158010595,0.0053267500057090356,0.05449850379815952,1.44117582110422,0.00144117582110422,0.0005097649419414146,0.20390597677656586,1.4078119535531317,0.9999999999999999,0.815623939037323,0.8156239071062634,3.193105957421949e-08,False,0.946640133857727,0.8222411729651331,3.8791236877441406,2,0.039501618860023346,0.4599617759564093,0.015245018793003884,-0.10906093168471542,-0.09484504509185043,0.20463611584688934,0.48456144732023987,1.019315344276995,1.0104687132164811,1.0205171841833278,0.9855386840202459,1.0069651741293533,1.0084985835694051,0.997465604634323
pretrained,2,2,100974.82613913687,0.005061096077548122,0.00436958483423755,0.0016413287650831315,0.009654150211594437,0.053721428816045386,0.17458560743502205,0.00017458560743502206,0.0005136802553066186,0.20547210212264744,1.4109442042452947,0.9999999999999999,0.8218883275985718,0.8218884084905893,8.089201752881081e-08,False,0.9272006154060364,0.8053562217762817,3.6002466678619385,3,0.051431936344930096,0.4788995842848505,0.02225244524223463,-0.11067701769726618,-0.09479508442538126,0.11895939814192907,0.533928738108703,1.0221921915497179,1.0356698471049701,1.0434986865451779,1.0458547322083638,1.021080368906456,0.9960674157303371,0.9876588021778585
pretrained,2,3,100609.69094894693,-0.0028449773409838786,-0.0036161012021631578,-0.006450410937827439,0.0060599624469207525,0.05712446346307509,0.2651613333395551,0.0002651613333395551,0.0005084617861679622,0.2033847144671849,1.4067694289343697,1.0,0.8135388493537903,0.8135388578687395,8.514949190185916e-09,False,0.9718362092971802,0.8441262060230782,3.939796209335327,4,0.04543811348932128,0.3534145605351243,0.03551955414669852,-0.10748780997736113,-0.09589690448982377,0.21473834929721694,0.5542741369988238,1.0280826401994365,1.021746058022258,1.0382897806730846,1.0024552788495267,0.9977419354838709,0.9379582628313593,1.000367511944138
pretrained,2,4,100517.63758428847,-0.00020193455083761247,-0.0009149552472551559,-0.003986455015078037,0.005149718962051852,0.06152423060418273,0.20645572670868456,0.00020645572670868458,0.0005069634052259583,0.2027853620903833,1.4055707241807665,0.9999999999999998,0.8111413717269897,0.8111414483615329,7.663454315576246e-08,False,0.9596878290176392,0.8335742569841443,3.7211480140686035,5,0.05690935786281312,0.3960676954260894,0.05653685490999902,-0.11182843734111109,-0.09095692474927222,0.11585111330662454,0.577420340584857,1.0098316194475092,1.0042798992640376,1.018410706312502,1.0,1.002909796314258,0.988574864702345,0.9966936076414401
pretrained,2,5,102993.27154261827,0.025243471100419246,0.02462885139191484,0.02112513386858139,0.0290627872848922,0.05575868908517912,0.09024981728621895,9.024981728621895e-05,0.0005094165328357901,0.20376661313431602,1.407533226268632,1.0,0.8150665760040283,0.815066452537264,1.234667643679188e-07,False,0.9368192553520203,0.8137108662801917,3.5951714515686035,6,0.05469104700854846,0.44118853339127134,0.040299840803657255,-0.11182436666318346,-0.09194224647113255,0.10141284444502421,0.5661743474858147,1.0561787225444728,1.07454593939288,1.0578565933512618,1.0892232330300908,1.0396518375241781,0.9933090024330901,1.002211573903428
pretrained,2,6,102905.7950669963,0.00021440072773049046,-0.000849341654185265,-0.004388999137125177,0.028237428855240942,0.07127281414947838,0.5645157301000187,0.0005645157301000187,0.0004995645662503584,0.19982582650014336,1.3996516530002867,0.9999999999999999,0.7993032932281494,0.7993033060005734,1.277242400732348e-08,False,0.9824296832084656,0.8533275805507928,3.9180409908294678,7,0.04104601804699215,0.17553499553884777,0.06853407834257397,-0.1049242817929813,-0.09490154470716206,0.3468029818364552,0.5679077527352742,0.9610526217750979,0.9804529781020231,0.9571618544716682,0.9222614840989399,0.947596899224806,1.011022657685242,0.9845531445384331
pretrained,2,7,101902.00334668547,-0.008247074363808449,-0.009754472230230737,-0.012449389063688365,0.01866502408411519,0.05753968585125225,1.0138976999691554,0.0010138976999691553,0.0005071914355669702,0.2028765742267881,1.4057531484535761,1.0,0.8115063905715942,0.8115062969071523,9.36644419802235e-08,False,0.9018411040306091,0.7833292300680601,3.402085781097412,8,0.0683737365262849,0.5163417575614793,-0.08652968278953008,-0.11634689143725802,0.04391282477549144,0.04040031560829707,0.5338479397552354,0.9731154872222838,0.9711852581306858,0.9629996232560255,0.9522814350400557,0.9581151832460733,1.0533010296789824,0.9988793425476279
pretrained,2,8,102535.57971492948,0.006978594328995058,0.0062175065007161745,0.003193627142602024,0.02472877923915706,0.05740256024879696,0.2537043594888278,0.0002537043594888278,0.0005023947251694543,0.20095789006778175,1.4019157801355635,0.9999999999999999,0.8038315176963806,0.803831560271127,4.257474639501879e-08,False,0.9550295472145081,0.829528124819644,3.7712202072143555,9,0.15276282493557247,0.5515268987842968,-0.08953455622707096,-0.11142333384071079,0.04208867092217716,0.04275470812405857,0.4118247873016766,1.0109963000452014,1.0079791009476824,1.0086329152204732,0.9663496708119972,0.9583333333333334,0.9815986198964922,1.0011219147344803
pretrained,2,9,104811.50918521348,0.022979664567274405,0.022196485128494592,0.018485096626911834,0.04590630573509824,0.053848597380586866,0.25999006628990173,0.0002599900662899017,0.0005058896621423109,0.20235586485692436,1.4047117297138487,0.9999999999999999,0.8094233870506287,0.8094234594276974,7.23770687827141e-08,False,0.8727390766143799,0.7580515302299291,3.2351744174957275,10,0.06024591465081486,0.5395085125097207,-0.09175628583346096,-0.1105995790234634,0.03133425701941761,0.030271115047591057,0.5409960656293801,1.0132439300667035,1.0452709779845217,1.0043046145479644,1.0034065102195306,1.0245901639344261,0.9660222612770942,0.9977586850952559
pretrained,2,10,105523.36226171367,0.007656149047424954,0.006791745315319009,0.0037367918053907603,0.052342553756152266,0.053989124313265295,0.35383351785796024,0.00035383351785796025,0.0005043706457529749,0.20174825830118998,1.4034965166023798,1.0,0.8069930672645569,0.8069930332047597,3.4059797204832876e-08,False,0.8968515992164612,0.7789954012516318,3.339876413345337,11,0.06174782344273158,0.4895919566707952,0.029536314840827665,-0.10608231223055295,-0.09566594607063703,0.05328729056886264,0.5675848727779729,1.004842437168933,1.0091613275630966,0.9940845942149397,0.9411542814032442,0.9356521739130435,0.9241964827167981,0.9906402096593037
pretrained,2,11,107124.05277251113,0.016020700188160264,0.015169062816890788,0.011732998969463632,0.06650283095281873,0.048545564544056556,0.3295740910938809,0.00032957409109388093,0.0005089860835245677,0.2035944334098271,1.4071888668196542,1.0,0.8143776655197144,0.8143777336393083,6.811959396557654e-08,False,0.8928743004798889,0.7755407634632836,3.320342540740967,12,0.051720267960003424,0.4856318783547197,0.033006599971226264,-0.11020398618919508,0.05641096723931174,-0.09339044722063203,0.576824719884566,1.0360215483535529,1.021502497143988,1.0471245506781481,1.0400801603206413,1.0360594795539033,0.9770341207349081,1.0041572184429328
pretrained,2,12,108591.43861761093,0.014711494043470275,0.01369800532300558,0.009889671910229495,0.07911708995646005,0.054491741868236625,0.497385164456708,0.000497385164456708,0.0005019089180443968,0.20076356721775873,1.4015271344355174,0.9999999999999999,0.8030542731285095,0.8030542688710347,4.257474817137563e-09,False,0.9591172337532043,0.833078644234656,3.7196085453033447,13,0.05166324653795787,0.3888588255005223,0.04745613091758319,-0.10531202650495938,-0.09545154071279935,0.1353474860744817,0.5774378781872136,1.030263218631604,1.0570596953253422,1.0216260752256048,0.9703275529865124,0.9601722282023681,0.9194089993284082,0.9894617990214528
pretrained,2,13,106869.29096169645,-0.014898362904847251,-0.015858963449031926,-0.017345049867874995,0.06427750104712959,0.05010921917089074,0.4839424597365516,0.0004839424597365516,0.000491661647600787,0.19666465904031483,1.3933293180806294,0.9999999999999999,0.7866585850715637,0.7866586361612589,5.10896951411155e-08,False,0.8803451657295227,0.7646580952930709,3.2323102951049805,14,0.0411104421530451,0.48905559735638754,-0.08867148948567255,-0.10799316955464228,0.04368559750063078,0.04273782404405729,0.580075197986194,1.0042943009181393,0.992207955075134,1.0190061088156275,1.0559968228752978,1.046711509715994,0.9831994156318481,0.99163179916318
pretrained,2,14,104470.82381103668,-0.021495472556298578,-0.022442996758717304,-0.024110498105554542,0.04279495124038979,0.05255896597629479,0.4710107562797411,0.0004710107562797411,0.000497797496084656,0.19911899843386244,1.3982379968677248,0.9999999999999998,0.7964760065078735,0.7964759937354495,1.277242400732348e-08,False,0.9477908611297607,0.8232406819739728,3.6816232204437256,15,0.04173177267823899,0.4033798032573291,0.03756089295659745,-0.10429165725197112,-0.09482734118189132,0.14768797691379273,0.568758552627904,0.9305966410201849,0.9079768850724007,0.9492578825091647,0.9386987589319293,0.9339521599428774,0.9034175334323922,1.038741848868431
pretrained,2,15,104506.01157762714,0.0014254389593444383,0.0003368190783497038,-0.0022956011647547827,0.04311724760713942,0.05235795063008826,0.58542065428836,0.00058542065428836,0.0005022409638123854,0.20089638552495415,1.4017927710499083,0.9999999999999999,0.8035855889320374,0.8035855420998166,4.6832220768067145e-08,False,0.9499666690826416,0.8251305647492075,3.8281290531158447,16,0.038145458591835824,0.4023863433727196,-0.09103302817259518,-0.10986335735235897,0.1978829859622887,0.024108240646975365,0.5383733569511345,1.0178593449224487,1.0033726303860246,1.0168301139748919,0.9911858974358975,0.9889143730886851,1.0394736842105263,1.002215657311669
pretrained,2,16,101165.9020980796,-0.031034300056232422,-0.03196093152082935,-0.034426956451729857,0.011524654788816813,0.05668727266814503,0.4456348589488438,0.00044563485894884384,0.000511132569185325,0.20445302767413,1.40890605534826,1.0,0.8178121447563171,0.8178121106965199,3.4059797204832876e-08,False,0.9139339923858643,0.7938329794339789,3.460536241531372,17,0.04559691303542682,0.5543307108538491,-0.09596474042960576,-0.10848828724452425,0.03391002916863986,0.08615477808884212,0.4844605965273721,0.9005749972130336,0.8982312353523753,0.906226913619528,0.9240097008892482,0.9984538074990336,0.9446202531645569,1.0361090641120116
pretrained,2,17,106543.23983321375,0.05430829747906718,0.053153657740538485,0.04610539679899884,0.061413937134413676,0.07567771093196043,0.5942436882427761,0.0005942436882427761,0.0005015197263232299,0.20060789052929198,1.401215781058584,0.9999999999999999,0.802431583404541,0.8024315621171678,2.1287373197509396e-08,False,1.069869041442871,0.9292764421155209,4.868962287902832,18,0.21815501047032218,0.4863447834338461,-0.08942233877522607,-0.11118555175406591,0.15193137420075278,0.08138041091816764,0.2627963115062032,1.0878451084988776,1.105887779215494,1.080196082028685,1.0822397200349958,1.0007742934572201,0.9865996649916248,1.0035561877667143
pretrained,2,18,112893.38562109812,0.06137779959503442,0.059601583336728714,0.04908933076199613,0.1142085123071066,0.07410488821393585,1.182671979601894,0.0011826719796018941,0.0004922303677137409,0.19689214708549638,1.3937842941709928,1.0,0.7875683903694153,0.7875685883419856,1.979725703371571e-07,False,0.9357736706733704,0.8128026829675913,3.826002597808838,19,0.01821692420967988,0.33635698019393856,0.018321345959390917,-0.10741342098585199,-0.08947872609964438,0.2798768406999963,0.5441200560224908,1.0297288920628345,1.0344408881821956,1.0366536879752946,1.1059013742926436,1.085880077369439,1.2478777589134125,0.9968107725017719
pretrained,2,19,119035.85440239303,0.05571683969508068,0.054409465598903806,0.03881356746419912,0.15991698045904357,0.13789801375475697,0.7482948042452335,0.0007482948042452336,0.0004908483315791402,0.19633933263165612,1.3926786652633123,1.0,0.7853572368621826,0.7853573305266246,9.36644419802235e-08,False,1.0042349100112915,0.8722673599050252,4.108272552490234,20,0.07415683514305524,0.24323358333536557,0.052409801099981584,-0.11000175827315878,-0.08633757435849734,0.5608547250075,0.2656843880457538,1.0179242518378595,1.0261253529989354,1.0004892614601024,1.0303362573099413,1.0399002493765588,1.1047619047619048,0.9850693210095981
pretrained,2,20,117925.7224924559,-0.008606143837641245,-0.009326029669887492,-0.012532094000949828,0.15200858738518785,0.0924740185418823,0.22122913811888023,0.00022122913811888024,0.0005051696806081704,0.20206787224326817,1.404135744486536,0.9999999999999999,0.8082715272903442,0.8082714889730722,3.831727202197044e-08,False,0.978256344795227,0.8497026648628241,4.131480693817139,21,0.04775934772832052,0.32090470673782484,0.02345604928476469,-0.10949344454067095,-0.09257442770259722,0.5118282485221113,0.2981195199702467,1.0393135068908235,1.0489629372043836,1.0256175982612805,1.038666193685704,0.984583761562179,0.9562807881773397,0.9945867917719236
pretrained,2,21,115350.75401390644,-0.0207655976630875,-0.02183551157563768,-0.022258631324515735,0.13307892215473327,0.066579321881223,0.5892588884702751,0.0005892588884702751,0.0005039408922727619,0.20157635690910478,1.4031527138182096,1.0,0.8063054084777832,0.8063054276364192,1.915863601098522e-08,False,0.9395439624786377,0.8160775168199765,3.837022066116333,22,0.019970992047871866,0.36829152091273243,0.02339522487350873,-0.11104986683598589,-0.09052649007311889,0.2466044066739934,0.5433142124009984,0.9342222757517478,0.9192601541484278,0.933144921461059,0.9316939890710383,0.9439805149617257,0.9175788795878945,1.0359216255442671
pretrained,2,22,122643.1411174205,0.06462383557891549,0.06321924087843334,0.049248705175824935,0.18462623275231993,0.0459721084352345,0.8119828450892653,0.0008119828450892653,0.000508222502789327,0.2032890011157308,1.4065780022314618,1.0,0.8131559491157532,0.8131560044629236,5.534717040234227e-08,False,0.9419078826904297,0.8181307918272582,3.9226222038269043,23,0.022091499130640707,0.43144639634660314,-0.09488060272165708,-0.10840839839407374,0.24754808151296206,0.01700799034110137,0.4851950337844236,1.068930144367124,1.074208932789611,1.0719290343572334,1.0821114369501466,1.0269074824917066,1.0224561403508772,1.0819614711033276
pretrained,2,23,125576.73198086164,0.02526333549745563,0.023919730338873846,0.015868715728461033,0.20367413275860402,0.06358368555646116,0.8119713781135423,0.0008119713781135423,0.0004993856924452952,0.1997542769781181,1.399508553956236,0.9999999999999999,0.799017071723938,0.7990171079124719,3.618853394726784e-08,False,0.946582555770874,0.8221911612743356,3.870161533355713,24,-0.09799396326499327,0.3659210495118584,0.01873970138175146,-0.10176031371312483,0.027173201686569615,0.2512570909623589,0.5366632334355796,1.0131281613727836,1.0211309798074761,1.0099364281396368,1.0027100271002711,1.007896625987078,1.037748798901853,1.0171576561994171
pretrained,2,24,131577.1937469858,0.04890697076982464,0.047783229197576604,0.03365405607591563,0.23998987094759483,0.053233642261503615,0.5674884037247727,0.0005674884037247727,0.0005044312149818454,0.20177248599273817,1.4035449719854765,1.0,0.8070900440216064,0.8070899439709529,1.0005065353979603e-07,False,0.8657914400100708,0.7520168897508881,3.2533504962921143,25,0.015658664916242876,0.5354175729943174,-0.09551018343440124,-0.10626230255833694,0.017354962815131464,0.09608300163277558,0.537258283634271,0.9819083802034764,0.9740025585719445,0.9828400247399243,0.9851351351351353,0.9754273504273504,1.0244708994708993,1.1078930617441118
pretrained,3,1,100279.92823191751,0.004776397539041799,0.002799282319175145,-0.0001399198548170757,0.0027914682115659506,0.058627761327660524,1.453809485903808,0.001453809485903808,0.0005158456348414932,0.2063382539365973,1.4126765078731947,1.0,0.8253530859947205,0.8253530157463893,7.024833115210072e-08,False,0.9266956448554993,0.8049176099290379,3.6024932861328125,3,0.0474192848695176,0.47484058647283484,0.02370320952364377,-0.11204531283250879,-0.0942929411040885,0.12259673087724618,0.5377784421933549,1.0221921915497179,1.0356698471049701,1.0434986865451779,1.0458547322083638,1.021080368906456,0.9960674157303371,0.9876588021778585
pretrained,3,2,99795.66899318233,-0.00402820175550711,-0.0048290744446408684,-0.007904991509487673,-0.0020474937327352727,0.061320591303728994,0.2938778820846762,0.0002938778820846762,0.000510557402989694,0.2042229611958776,1.4084459223917551,1.0,0.8168919086456299,0.8168918447835103,6.386211959252819e-08,False,0.9770807027816772,0.8486815151844675,3.9755890369415283,4,0.044697039361510954,0.3320891042905194,0.04020836630037852,-0.10846480673977305,-0.09575815445610456,0.22887382709554263,0.558354624147926,1.0280826401994365,1.021746058022258,1.0382897806730846,1.0024552788495267,0.9977419354838709,0.9379582628313593,1.000367511944138
pretrained,3,3,99702.32715109666,-0.00020679076983542988,-0.0009353295892234881,-0.003722357703948134,-0.002985615856811785,0.05568471159743243,0.22270340578896664,0.00022270340578896665,0.0005062517231064184,0.20250068924256737,1.4050013784851347,0.9999999999999999,0.8100027441978455,0.8100027569702695,1.277242400732348e-08,False,0.968214750289917,0.8409806466964918,3.77790904045105,5,0.058308782322066155,0.3790878972836903,0.06352139477218899,-0.11317357208047596,-0.08932711716209141,0.1222308895417622,0.5793517253228596,1.0098316194475092,1.0042798992640376,1.018410706312502,1.0,1.002909796314258,0.988574864702345,0.9966936076414401
pretrained,3,4,102090.75541181704,0.024580557382998247,0.02395559190008445,0.020492209085346384,0.020479380364885058,0.059455742727009195,0.10011487667049668,0.00010011487667049668,0.0005100432623709951,0.20401730494839806,1.4080346098967962,1.0,0.8160691857337952,0.8160692197935924,3.4059797204832876e-08,False,0.9436023831367493,0.8196026162140966,3.6373379230499268,6,0.055894229028906145,0.4291453356189387,0.0448690125984805,-0.11318738066724371,-0.09082992428115436,0.10523287898727826,0.5688758487147945,1.0561787225444728,1.07454593939288,1.0578565933512618,1.0892232330300908,1.0396518375241781,0.9933090024330901,1.002211573903428
pretrained,3,5,102024.82914951921,0.00045297269878097346,-0.0006457613329620138,-0.004670144483704037,0.01984643509230266,0.0807439842224328,0.597394660115242,0.000597394660115242,0.000501445404120854,0.20057816164834158,1.4011563232966833,1.0,0.8023126721382141,0.8023126465933665,2.554484757055775e-08,False,0.9810236692428589,0.852106332337309,3.884627342224121,7,0.042686562452997484,0.1476897331220763,0.07879098079034261,-0.1057141763823373,-0.09486398526600429,0.3617669673902648,0.5696439178926604,0.9610526217750979,0.9804529781020231,0.9571618544716682,0.9222614840989399,0.947596899224806,1.011022657685242,0.9845531445384331
pretrained,3,6,101003.18821637858,-0.00845606198855009,-0.010013650026734155,-0.012589617117386147,0.009932243071668623,0.05350850193504218,1.066495611199311,0.001066495611199311,0.0005056109252784932,0.20224437011139731,1.4044887402227946,1.0,0.808977484703064,0.8089774804455891,4.257474817137563e-09,False,0.9071868658065796,0.7879724997498068,3.430952310562134,8,0.06732623704842158,0.5095223827021462,-0.08593174389430455,-0.11631262621709276,0.05191149615815707,0.039008923407111845,0.5344753307955605,0.9731154872222838,0.9711852581306858,0.9629996232560255,0.9522814350400557,0.9581151832460733,1.0533010296789824,0.9988793425476279
pretrained,3,7,101606.34039575097,0.006746886131331786,0.0059716152531765765,0.00249588325465497,0.015809450369872358,0.0676264808709753,0.2672483952982085,0.0002672483952982085,0.0005031235329806804,0.2012494131922722,1.4024988263845444,1.0,0.8049976825714111,0.8049976527690887,2.9802322387695312e-08,False,0.958685040473938,0.8327032459220539,3.793428659439087,9,0.15276242792606354,0.5517466068267822,-0.08971619606018066,-0.11153321713209152,0.048765093088150024,0.04019329696893692,0.4077819883823395,1.0109963000452014,1.0079791009476824,1.0086329152204732,0.9663496708119972,0.9583333333333334,0.9815986198964922,1.0011219147344803
pretrained,3,8,103872.29382462664,0.02309574114954782,0.022301299506014116,0.018805842934022134,0.03727937144783233,0.05328156287875683,0.2696904742291995,0.00026969047422919953,0.0005071187884147678,0.20284751536590714,1.4056950307318143,1.0,0.8113900423049927,0.8113900614636287,1.915863601098522e-08,False,0.8735060691833496,0.7587177315106578,3.2381458282470703,10,0.05856024979480676,0.5392816042793649,-0.09247004480234214,-0.110377470563565,0.035049462158765116,0.028484720204557695,0.5414714789284127,1.0132439300667035,1.0452709779845217,1.0043046145479644,1.0034065102195306,1.0245901639344261,0.9660222612770942,0.9977586850952559
pretrained,3,9,104597.37712149395,0.007853171778056334,0.006980526473127746,0.003499074343152433,0.04395308226662242,0.06349272951275314,0.3596545362046787,0.0003596545362046787,0.0005065661948174238,0.20262647792696953,1.405252955853939,1.0,0.8105058073997498,0.8105059117078781,1.043081283569336e-07,False,0.8953651785850525,0.7777043126956159,3.3336219787597656,11,0.0616783294826746,0.49032809771597385,0.030178770422935486,-0.10680217854678631,-0.09582429938018322,0.05121287517249584,0.5692284051328897,1.004842437168933,1.0091613275630966,0.9940845942149397,0.9411542814032442,0.9356521739130435,0.9241964827167981,0.9906402096593037
pretrained,3,10,106193.31526210003,0.016113101788054696,0.015257917402195842,0.011686700905570033,0.05832114052390258,0.05362714703420251,0.3341388627886772,0.00033413886278867725,0.0005078387260437012,0.20313549041748047,1.406270980834961,1.0,0.8125420808792114,0.8125419616699219,1.1920928955078125e-07,False,0.8948491215705872,0.7772560712681564,3.3298463821411133,12,0.04904187470674515,0.4834413081407547,0.03183472901582718,-0.10887709259986877,0.0625198632478714,-0.0942583978176117,0.576297715306282,1.0360215483535529,1.021502497143988,1.0471245506781481,1.0400801603206413,1.0360594795539033,0.9770341207349081,1.0041572184429328
pretrained,3,11,107642.13901945624,0.014668786020492597,0.01364326703409069,0.00996395719082941,0.07099579299585401,0.05421390562244041,0.5083391304527008,0.0005083391304527008,0.0005028653065008776,0.20114612260035108,1.402292245200702,0.9999999999999999,0.8045845627784729,0.8045844904014041,7.23770687827141e-08,False,0.9598170518875122,0.8336864985427874,3.7229456901550293,13,0.05164866309080804,0.38719678457294193,0.04873079966221536,-0.10574094418968474,-0.09540517841066634,0.1350278758576938,0.5785419994166918,1.030263218631604,1.0570596953253422,1.0216260752256048,0.9703275529865124,0.9601722282023681,0.9194089993284082,0.9894617990214528
pretrained,3,12,105954.52430921985,-0.014712177905938928,-0.01567801165611693,-0.017590971550643427,0.05619886784486949,0.055880927993178134,0.49002304247447426,0.0004900230424744743,0.0004907131647425039,0.19628526589700157,1.3925705317940031,0.9999999999999999,0.7851409912109375,0.7851410635880063,7.23770687827141e-08,False,0.8802909255027771,0.7646109828307254,3.2299671173095703,14,0.04000211719955715,0.48913072635020527,-0.08911637376461712,-0.10716889213238445,0.046302223844187584,0.04093802188123974,0.5799121766218117,1.0042943009181393,0.992207955075134,1.0190061088156275,1.0559968228752978,1.046711509715994,0.9831994156318481,0.99163179916318
pretrained,3,13,103591.84907084578,-0.021350814767949644,-0.02229895564892337,-0.024601808974856653,0.03467308579837525,0.061520538567248116,0.47147825147424427,0.00047147825147424426,0.0004978174716234207,0.1991269886493683,1.3982539772987366,1.0,0.7965078353881836,0.7965079545974731,1.1920928955078125e-07,False,0.946719229221344,0.8223098743250591,3.671846628189087,15,0.04126312583684921,0.40452172607183456,0.03800696134567261,-0.10447109490633011,-0.09465589374303818,0.1455950066447258,0.5697401687502861,0.9305966410201849,0.9079768850724007,0.9492578825091647,0.9386987589319293,0.9339521599428774,0.9034175334323922,1.038741848868431
pretrained,3,14,103570.98649281317,0.0009282842442952521,-0.00020139208074509973,-0.002969734021398573,0.03447863744216595,0.055505713303785495,0.6278511051620757,0.0006278511051620757,0.0005014149126197611,0.20056596504790444,1.401131930095809,1.0,0.8022639155387878,0.8022638601916179,5.534716995825306e-08,False,0.9485675692558289,0.8239153220803743,3.862246513366699,16,0.03334348968097142,0.39718918076583315,-0.09151921101978847,-0.10904675402811598,0.21926965883799962,0.021009880517210283,0.52975375524589,1.0178593449224487,1.0033726303860246,1.0168301139748919,0.9911858974358975,0.9889143730886851,1.0394736842105263,1.002215657311669
pretrained,3,15,100290.12003489022,-0.03073560978234402,-0.03167746652824066,-0.03427985600765482,0.0028928077340947267,0.053880525991671965,0.46101224103144245,0.0004610122410314425,0.0005111834406852721,0.2044733762741089,1.4089467525482178,1.0,0.817893385887146,0.8178935050964355,1.1920928955078125e-07,False,0.9118337631225586,0.7920087434744082,3.4406516551971436,17,0.04385886341333389,0.5568302161991596,-0.09644439443945885,-0.10802898183465004,0.03749198839068413,0.08034181967377663,0.4859504885971546,0.9005749972130336,0.8982312353523753,0.906226913619528,0.9240097008892482,0.9984538074990336,0.9446202531645569,1.0361090641120116
pretrained,3,16,105607.90364202486,0.054203425841037545,0.053024002815876825,0.04666677167176925,0.05310117376284407,0.0708318871396018,0.6181575336626598,0.0006181575336626598,0.000501250017966543,0.2005000071866172,1.4010000143732344,0.9999999999999999,0.8020000457763672,0.8020000287464688,1.7029898380371833e-08,False,1.0684009790420532,0.9280012993159912,4.842292785644531,18,0.20798112664903912,0.4930419943162373,-0.08994799639497486,-0.11055201079164234,0.17595209394182476,0.07403232370104107,0.24949246857847485,1.0878451084988776,1.105887779215494,1.080196082028685,1.0822397200349958,1.0007742934572201,0.9865996649916248,1.0035561877667143
pretrained,3,17,112465.52728942837,0.06676323271061468,0.06493475782502545,0.054688464028316605,0.11083865065024345,0.06098025718165569,1.2238391238663877,0.0012238391238663876,0.0004916715555425201,0.19666862221700807,1.3933372444340162,1.0,0.7866743206977844,0.7866744888680324,1.6817024794946178e-07,False,0.9364604353904724,0.8133991992215978,3.8209497928619385,19,-0.08933734388223716,0.33561242877372677,0.01890836230346135,-0.10733127833477091,0.018780568082417765,0.27700511871704037,0.5463621443403619,1.0297288920628345,1.0344408881821956,1.0366536879752946,1.1059013742926436,1.085880077369439,1.2478777589134125,0.9968107725017719
pretrained,3,18,118509.75828167335,0.055289470998334256,0.05374296584846161,0.039344343341030916,0.1561876300319459,0.12009272081343078,0.9754153777446065,0.0009754153777446065,0.0004911390479121889,0.19645561916487556,1.392911238329751,1.0,0.7858224511146545,0.7858224766595021,2.554484757055775e-08,False,1.005899429321289,0.873713143007732,4.10722017288208,20,0.07391813823154994,0.22574357369116374,0.05765522697142192,-0.11020232311316897,-0.08625329605170659,0.5627104608075959,0.276428219463144,1.0179242518378595,1.0261253529989354,1.0004892614601024,1.0303362573099413,1.0399002493765588,1.1047619047619048,0.9850693210095981
pretrained,3,19,117275.65475385953,-0.009693331419154627,-0.010413518225905083,-0.01281232124893,0.14730810746798229,0.07865597369932745,0.2219286816460746,0.0002219286816460746,0.0005055720305868558,0.20222881223474232,1.4044576244694844,0.9999999999999999,0.8089152574539185,0.8089152489389688,8.514949634275126e-09,False,0.9793539047241211,0.8506559933041777,4.126359939575195,21,0.047496040484734936,0.30344843970877783,0.025534962436982556,-0.10968401176588877,-0.09254480046885355,0.5165799866829599,0.309169382921287,1.0393135068908235,1.0489629372043836,1.0256175982612805,1.038666193685704,0.984583761562179,0.9562807881773397,0.9945867917719236
pretrained,3,20,114758.16103243714,-0.020393421956310664,-0.02146646485757131,-0.022160165796055276,0.1286022789112633,0.06908674478672584,0.5909004780863012,0.0005909004780863012,0.0005050813686102629,0.20203254744410515,1.4040650948882103,1.0,0.808130145072937,0.8081301897764206,4.470348358154297e-08,False,0.942066490650177,0.8182685569506666,3.849423885345459,22,0.02069677598774433,0.35940840654075146,0.02499067783355713,-0.11185593344271183,-0.09017661400139332,0.25064521841704845,0.5462914686650038,0.9342222757517478,0.9192601541484278,0.933144921461059,0.9316939890710383,0.9439805149617257,0.9175788795878945,1.0359216255442671
pretrained,3,21,121872.21176141426,0.06344047358009619,0.061991675929403245,0.04830273633568558,0.1794684074843318,0.05126784474765818,0.8564573438572032,0.0008564573438572032,0.0005068398805867349,0.20273595223469396,1.405471904469388,1.0,0.8109438419342041,0.8109438089387759,3.299542816748158e-08,False,0.9433663487434387,0.8193975993449882,3.974651336669922,23,0.02024337875523738,0.42046243364789654,-0.09509512369654008,-0.10764082853815388,0.27278292591550524,0.01542136764952115,0.4738258462665336,1.068930144367124,1.074208932789611,1.0719290343572334,1.0821114369501466,1.0269074824917066,1.0224561403508772,1.0819614711033276
pretrained,3,22,124781.19930004046,0.02525834861083287,0.023869161776771897,0.016211229357850576,0.1985972200864431,0.05835166488521452,0.8563672173768283,0.0008563672173768284,0.0004995142881359373,0.1998057152543749,1.39961143050875,1.0,0.7992228865623474,0.7992228610174998,2.554484757055775e-08,False,0.95301753282547,0.8277805113263056,3.901059865951538,24,-0.09922171437314578,0.35317499137350494,0.0200574988765376,-0.10058400088122912,0.03135185262986592,0.25640103912779266,0.5388203332466739,1.0131281613727836,1.0211309798074761,1.0099364281396368,1.0027100271002711,1.007896625987078,1.037748798901853,1.0171576561994171
pretrained,3,23,130747.98438143355,0.04896777183717482,0.047817981513751606,0.03389810535047233,0.235169853875008,0.0534905687618515,0.5930097182946547,0.0005930097182946547,0.000503707423007914,0.2014829692031656,1.402965938406331,0.9999999999999999,0.8059318661689758,0.8059318768126622,1.0643686376710093e-08,False,0.8659337759017944,0.7521405211355928,3.2499444484710693,25,0.015606947775397978,0.5348511883722884,-0.09566610067018441,-0.1058168685329812,0.018201621781502447,0.09457515419593879,0.5382480570780379,0.9819083802034764,0.9740025585719445,0.9828400247399243,0.9851351351351353,0.9754273504273504,1.0244708994708993,1.1078930617441118
pretrained,3,24,128692.05352121958,-0.015047245794578723,-0.01572437900240331,-0.015181105706375602,0.22295124474401706,0.059249931507693414,0.19528940426451818,0.00019528940426451818,0.0004924248731029885,0.19696994924119543,1.3939398984823905,0.9999999999999998,0.7878797650337219,0.787879796964781,3.193105913013028e-08,False,0.8753330707550049,0.7603046449126547,3.211148977279663,26,0.028383942054850703,0.5737302859446831,-0.09802954298044955,-0.09894040626074588,0.0573137697896787,0.0364252028188535,0.5011167486331292,1.0171811676906573,1.0045787328777878,1.0194502657857352,1.0099451303155005,1.0087623220153341,1.013557133634603,0.9675380637747775
pretrained,4,1,99858.95227027332,0.0002163066641978073,-0.0014104772972667323,-0.004453944805255716,-0.0014124695535049359,0.0608295050350156,1.1187015984739577,0.0011187015984739576,0.0005090546315269811,0.20362185261079246,1.407243705221585,0.9999999999999999,0.8144872784614563,0.8144874104431699,1.3198171355810473e-07,False,1.0418269634246826,0.9049194026267213,4.359144687652588,4,0.22459027384008678,0.13272731219019207,0.08297231261219296,-0.1089012452534267,-0.09472060735736576,0.19838573251451763,0.5649462214538029,1.0280826401994365,1.021746058022258,1.0382897806730846,1.0024552788495267,0.9977419354838709,0.9379582628313593,1.000367511944138
pretrained,4,2,99893.44898537235,0.0010804239529729198,0.0003454544065879528,-0.0020629423269154807,-0.0010666466691249266,0.04817530422590979,0.23601917071001866,0.00023601917071001865,0.0004984267934092454,0.19937071736369816,1.398741434727396,0.9999999999999999,0.7974828481674194,0.7974828694547922,2.1287372753420186e-08,False,1.0342988967895508,0.8983806070286459,4.235136032104492,5,0.18993584918124334,0.20830839978797094,0.10076445447547094,-0.11289702249424799,-0.08647369486945017,0.11902634905917303,0.5813356648598398,1.0098316194475092,1.0042798992640376,1.018410706312502,1.0,1.002909796314258,0.988574864702345,0.9966936076414401
pretrained,4,3,102065.3749230576,0.022406310704763177,0.021742426152522754,0.01875014054828577,0.020235804009093195,0.05104620259864707,0.14649404798235222,0.00014649404798235222,0.0005030522043151516,0.20122088172606065,1.4024417634521211,0.9999999999999998,0.804883599281311,0.8048835269042423,7.23770687827141e-08,False,1.015675663948059,0.8822046725121273,4.161266803741455,6,0.1938565277627536,0.27763474519763676,0.06533569629703248,-0.1130725911685399,-0.08814829055752074,0.09506887729678834,0.5693250351718493,1.0561787225444728,1.07454593939288,1.0578565933512618,1.0892232330300908,1.0396518375241781,0.9933090024330901,1.002211573903428
pretrained,4,4,101720.74215090227,-0.0022558097367476604,-0.0033765885092289505,-0.007041501088694771,0.016916335002251204,0.07444064163705559,0.6169952218021666,0.0006169952218021667,0.0005069489191685404,0.20277956766741617,1.4055591353348322,0.9999999999999999,0.8111181855201721,0.8111182706696645,8.514949234594837e-08,False,1.0047953128814697,0.8727541196533475,4.023595333099365,7,0.0980109018938882,0.07337864914110728,0.12209057488611766,-0.10623538813420705,-0.09654417953320912,0.3382739616291863,0.5710254801171166,0.9610526217750979,0.9804529781020231,0.9571618544716682,0.9222614840989399,0.947596899224806,1.011022657685242,0.9845531445384331
pretrained,4,5,100594.57598814335,-0.009430273246159526,-0.01107115558681493,-0.013939483249599446,0.005910616773347921,0.05867530041392327,1.1593283462737287,0.0011593283462737287,0.0004985487953360592,0.19941951813442368,1.3988390362688474,1.0,0.7976780533790588,0.7976780725376948,1.915863601098522e-08,False,0.9605200290679932,0.834297096763561,3.928971290588379,8,0.1854379488421338,0.41882282628544737,-0.08052792267075606,-0.11889159546366762,0.050248769511069574,0.030977088425840654,0.5139328850699323,0.9731154872222838,0.9711852581306858,0.9629996232560255,0.9522814350400557,0.9581151832460733,1.0533010296789824,0.9988793425476279
pretrained,4,6,101363.16425998828,0.008582832193187562,0.0076404544111357,0.003977028490461217,0.013448319909310169,0.0712134929100206,0.43443033950669435,0.0004344303395066944,0.0005003647865461453,0.2001459146184581,1.4002918292369162,0.9999999999999999,0.8005836009979248,0.8005836584738324,5.747590758886645e-08,False,0.9715561866760254,0.843882981464727,4.071446895599365,9,0.29419335004474434,0.5207868742623499,-0.0877500397286245,-0.1123958748898336,0.04098141592528137,0.02616480205740246,0.3180194723286799,1.0109963000452014,1.0079791009476824,1.0086329152204732,0.9663496708119972,0.9583333333333334,0.9815986198964922,1.0011219147344803
pretrained,4,7,103596.82932147238,0.0229544354298028,0.022036260191670154,0.018717849852614522,0.03471949233418159,0.05106645144513799,0.3927407498870577,0.0003927407498870577,0.000505234289116093,0.20209371564643722,1.4041874312928744,1.0,0.8083747029304504,0.8083748625857488,1.5965529831518666e-07,False,0.9102492332458496,0.7906324383106771,3.512829303741455,10,0.1254693107413394,0.5112932162093264,-0.09215849025973252,-0.1099352253867047,0.03208345041743346,0.021318540509257994,0.5119291977690799,1.0132439300667035,1.0452709779845217,1.0043046145479644,1.0034065102195306,1.0245901639344261,0.9660222612770942,0.9977586850952559
pretrained,4,8,104378.86958288097,0.008448614625952366,0.007548882205475893,0.004082428543256017,0.041951686202196026,0.06299530649516837,0.3896470431770598,0.00038964704317705977,0.0005029458113546882,0.2011783245418753,1.4023566490837507,1.0,0.8047134280204773,0.8047132981675014,1.2985297592749134e-07,False,0.9232192635536194,0.8018980634962417,3.5354156494140625,11,0.12036998330482415,0.448672582794513,0.026628478829349794,-0.10615821422210761,-0.09502011031976768,0.041855876733149805,0.5636514028800386,1.004842437168933,1.0091613275630966,0.9940845942149397,0.9411542814032442,0.9356521739130435,0.9241964827167981,0.9906402096593037
pretrained,4,9,106006.38761002933,0.016483666371121197,0.015592409015850128,0.011821374619449404,0.056660619661197176,0.057751176791034906,0.3723666380558695,0.0003723666380558695,0.0005048223837677922,0.20192895350711687,1.4038579070142336,1.0,0.807715892791748,0.8077158140284673,7.876328078637584e-08,False,0.90936678647995,0.7898659547886698,3.414350986480713,12,0.07181328029504844,0.4701319509851081,0.026842672910009108,-0.10675523190626077,0.062183490555201254,-0.0951737216008561,0.5709575587617499,1.0360215483535529,1.021502497143988,1.0471245506781481,1.0400801603206413,1.0360594795539033,0.9770341207349081,1.0041572184429328
pretrained,4,10,107354.23379748517,0.013764537035525048,0.012714763872666124,0.008972299908539837,0.06850436668718918,0.05742894234904331,0.5362234818083899,0.0005362234818083899,0.0004998327525598663,0.1999331010239465,1.399866202047893,0.9999999999999999,0.7997323870658875,0.7997324040957858,1.7029898380371833e-08,False,0.9790898561477661,0.850426643624847,3.838207244873047,13,0.07923650901232446,0.3592102543583938,0.047207204358918314,-0.10492654730166709,-0.09500655372227942,0.1359097526541778,0.578369380640132,1.030263218631604,1.0570596953253422,1.0216260752256048,0.9703275529865124,0.9601722282023681,0.9194089993284082,0.9894617990214528
pretrained,4,11,105698.29365917729,-0.014427716738450558,-0.015425010078611967,-0.01758556103050531,0.05391093329804697,0.05984255282726206,0.5256560391613416,0.0005256560391613416,0.00048674891037600376,0.19469956415040152,1.3893991283008031,1.0,0.7787981033325195,0.7787982566016063,1.5326908675561413e-07,False,0.8898074626922607,0.772876942007165,3.269641160964966,14,0.050063263092722216,0.47903315669723917,-0.08923526906541415,-0.10546429508498736,0.04706582746335439,0.03923520020076207,0.5793021166963237,1.0042943009181393,0.992207955075134,1.0190061088156275,1.0559968228752978,1.046711509715994,0.9831994156318481,0.99163179916318
pretrained,4,12,103395.1692663417,-0.020819530173869394,-0.021789608073163214,-0.024171786154818554,0.03283682681147215,0.061953593364874736,0.49629051664045876,0.0004962905166404587,0.0004949044436216354,0.19796177744865417,1.3959235548973083,1.0,0.7918470501899719,0.7918471097946167,5.960464477539063e-08,False,0.9643898606300354,0.837658389750141,3.7686567306518555,15,0.05991869792342186,0.3813416622579098,0.03879433870315552,-0.10373124852776527,-0.0942305289208889,0.14776236936450005,0.570144709199667,0.9305966410201849,0.9079768850724007,0.9492578825091647,0.9386987589319293,0.9339521599428774,0.9034175334323922,1.038741848868431
pretrained,4,13,103323.66202219282,0.0005232760874900322,-0.0006915917315700737,-0.003253322473793141,0.032167481844370904,0.05167955013383784,0.7140202905450549,0.0007140202905450549,0.0005009499272065504,0.20037997088262016,1.4007599417652403,0.9999999999999999,0.8015199303627014,0.8015198835304806,4.6832220768067145e-08,False,0.9606554508209229,0.834414722603615,4.005490303039551,16,0.04038772572364124,0.3987846172281674,-0.09276553030524937,-0.1076144405773708,0.24533666138138088,0.017351208520787087,0.49851975802864346,1.0178593449224487,1.0033726303860246,1.0168301139748919,0.9911858974358975,0.9889143730886851,1.0394736842105263,1.002215657311669
pretrained,4,14,99718.24380345755,-0.03392560197203032,-0.03489440993642734,-0.0380247669978799,-0.002825523051707357,0.0606352420360327,0.4912557899951935,0.0004912557899951935,0.0005120769409196718,0.20483077636786873,1.4096615527357375,0.9999999999999999,0.8193230628967285,0.8193231054714749,4.257474639501879e-08,False,0.9339683055877686,0.811234562778596,3.561495780944824,17,0.06676909540380749,0.5594919866749218,-0.09728409137044636,-0.10754668499742237,0.042440297348158684,0.0758226088115147,0.4603067881294659,0.9005749972130336,0.8982312353523753,0.906226913619528,0.9240097008892482,0.9984538074990336,0.9446202531645569,1.0361090641120116
pretrained,4,15,105634.15843301958,0.060597135079779374,0.05932630182719789,0.05213275725635525,0.053336520275229726,0.08058572141163663,0.6996868199535778,0.0006996868199535778,0.0004992559179663658,0.19970236718654633,1.3994047343730927,1.0,0.7988094687461853,0.7988094687461853,0.0,False,1.0563428401947021,0.9175277329891355,4.6777801513671875,18,0.2626844383776188,0.5081462897360325,-0.09130281582474709,-0.10839955136179924,0.1903870888054371,0.06154118478298187,0.1769433654844761,1.0878451084988776,1.105887779215494,1.080196082028685,1.0822397200349958,1.0007742934572201,0.9865996649916248,1.0035561877667143
pretrained,4,16,112622.78078700344,0.06796401647664885,0.0661587355610469,0.05572596366525759,0.11208017328995046,0.060353786989262914,1.1972159434642111,0.0011972159434642112,0.0004946092755666801,0.19784371022667205,1.395687420453344,0.9999999999999999,0.7913748025894165,0.7913748409066881,3.831727157788123e-08,False,0.9424206614494324,0.8185761857982023,3.8465983867645264,19,0.021793787234595824,0.32009145511048176,-0.09044125782591958,-0.10740245240075247,0.020724602841905165,0.28623783481972553,0.5489960302199637,1.0297288920628345,1.0344408881821956,1.0366536879752946,1.1059013742926436,1.085880077369439,1.2478777589134125,0.9968107725017719
pretrained,4,17,118604.96887044332,0.05472532541588215,0.05311703406394863,0.03793732525215318,0.1568650036135183,0.1369501014282931,1.0328836414430822,0.0010328836414430823,0.0004931238958878177,0.1972495583551271,1.394499116710254,0.9999999999999998,0.7889983057975769,0.7889982334205081,7.23770687827141e-08,False,1.0187807083129883,0.8849016797796344,4.163541316986084,20,0.0974755116871425,0.18003489609275544,0.07065908397947038,-0.11020583127226152,-0.08704372708286559,0.56589758928333,0.2831824773124286,1.0179242518378595,1.0261253529989354,1.0004892614601024,1.0303362573099413,1.0399002493765588,1.1047619047619048,0.9850693210095981
pretrained,4,18,117134.62219389304,-0.011683886344836858,-0.012397007398200932,-0.01625316921784116,0.1462814484135193,0.1133922803568435,0.2125619394438607,0.0002125619394438607,0.0005092500842043332,0.20370003368173328,1.4074000673634663,0.9999999999999999,0.8148000240325928,0.8148001347269327,1.1069433991650612e-07,False,0.9992663860321045,0.8679517548102954,4.205567359924316,21,0.07205264376742498,0.2505380372915949,0.03372269230229513,-0.11011757595198496,-0.09358245772974833,0.5285146098051752,0.318872050515243,1.0393135068908235,1.0489629372043836,1.0256175982612805,1.038666193685704,0.984583761562179,0.9562807881773397,0.9945867917719236
pretrained,4,19,114747.63712994337,-0.019285510660340566,-0.020378134314536722,-0.021173332324978568,0.12852236001376427,0.06828487850447053,0.6083984827356678,0.0006083984827356677,0.0005063324301902737,0.20253297207610946,1.4050659441522189,0.9999999999999999,0.810131847858429,0.8101318883044377,4.0446008764405406e-08,False,0.9573718905448914,0.8315626583858607,3.9167346954345703,22,0.02779394068888255,0.3156957240509135,0.03176927060953208,-0.11242714657315184,-0.09010582550295762,0.27283706382981365,0.5544369728969676,0.9342222757517478,0.9192601541484278,0.933144921461059,0.9316939890710383,0.9439805149617257,0.9175788795878945,1.0359216255442671
pretrained,4,20,121575.92422025037,0.06110860502531379,0.05950699518609226,0.04612934700279313,0.177468724656066,0.056340352790172125,1.0048294948147876,0.0010048294948147875,0.0005056848516687751,0.20227394066751003,1.40454788133502,1.0,0.8090959191322327,0.8090957626700401,1.564621925354004e-07,False,0.9535189867019653,0.8282160686292875,4.097134113311768,23,0.023500225506722927,0.4038104871287942,-0.09579805936664343,-0.1064758813008666,0.31824289355427027,0.014127310365438461,0.4425930241122842,1.068930144367124,1.074208932789611,1.0719290343572334,1.0821114369501466,1.0269074824917066,1.0224561403508772,1.0819614711033276
pretrained,4,21,124495.46769625598,0.025536800990363817,0.024014158187409596,0.016393865123657737,0.19675790733217702,0.0579063510490656,0.9863753986677952,0.0009863753986677952,0.0004994555110377925,0.19978220441511702,1.399564408830234,0.9999999999999999,0.7991287708282471,0.7991288176604678,4.6832220768067145e-08,False,0.9652043581008911,0.8383658532643746,3.9662270545959473,24,-0.09958064768995559,0.3130642973950931,0.023155579077345972,-0.10020155672516143,0.03888225715075219,0.2823352717927524,0.5423447989991732,1.0131281613727836,1.0211309798074761,1.0099364281396368,1.0027100271002711,1.007896625987078,1.037748798901853,1.0171576561994171
pretrained,4,22,130446.02321135101,0.04903101547997957,0.047797366644809935,0.034133752252084114,0.2333993974045634,0.050154756406045234,0.6697198988071509,0.0006697198988071509,0.0005069610237010887,0.20278440948043552,1.4055688189608708,0.9999999999999998,0.8111375570297241,0.8111376379217416,8.089201752881081e-08,False,0.872462272644043,0.7578111013561566,3.283398151397705,25,0.017489145642944737,0.5308544534657682,-0.09696145621793612,-0.10582295326249941,0.019677306658455296,0.09699669959289686,0.5377668041203703,0.9819083802034764,0.9740025585719445,0.9828400247399243,0.9851351351351353,0.9754273504273504,1.0244708994708993,1.1078930617441118
pretrained,4,23,128489.95546218668,-0.0142726200459945,-0.014995227152268753,-0.014461090704173554,0.2217290476886421,0.055814819765045244,0.23750956037214818,0.00023750956037214819,0.0004958292017025607,0.1983316806810243,1.3966633613620485,0.9999999999999998,0.7933266758918762,0.793326722724097,4.6832220768067145e-08,False,0.8918603658676147,0.7746600710490408,3.3002638816833496,26,0.03257631297622407,0.5753079035452433,-0.09949668709720885,-0.09883499358381545,0.07190350975309098,0.035953847425324564,0.4825901069811412,1.0171811676906573,1.0045787328777878,1.0194502657857352,1.0099451303155005,1.0087623220153341,1.013557133634603,0.9675380637747775
pretrained,4,24,130191.03551003376,0.01392623134899651,0.013239011887957952,0.007515637035358006,0.23189795973092908,0.05306550013857951,0.16350129033837993,0.00016350129033837994,0.0005145090392657689,0.20580361570630756,1.411607231412615,0.9999999999999998,0.8232143521308899,0.8232144628252298,1.1069433991650612e-07,False,0.8225789070129395,0.7144829604914554,3.014031171798706,27,0.022692297718354626,0.5653556409691061,-0.09925415632980211,-0.10654945937650545,0.0188573199723448,0.03480013566357748,0.5640982213829244,1.0204317810759416,1.036630597940096,1.0048074160114426,1.0196943972835313,1.0007238508867176,1.024203821656051,0.9902019002375297
pretrained,5,1,99842.80935564579,0.00018406751861177462,-0.0015719064435421037,-0.004410093341394063,-0.0015743812235320398,0.05671424235724046,1.2596579492092133,0.0012596579492092134,0.0004975358157285622,0.1990143262914249,1.3980286525828496,0.9999999999999999,0.7960572242736816,0.7960573051656992,8.089201752881081e-08,False,0.9943876266479492,0.8637141182521507,3.9301681518554688,5,0.09773272382361547,0.3348135511790003,0.06992948161704199,-0.11173307044165476,-0.08728125584977015,0.11580886053187506,0.580729709139892,1.0098316194475092,1.0042798992640376,1.018410706312502,1.0,1.002909796314258,0.988574864702345,0.9966936076414401
pretrained,5,2,102305.15873764684,0.02534038186583576,0.02466226058633847,0.021573039445535493,0.02253218475090013,0.050670530577933554,0.1591591313481331,0.00015915913134813308,0.0005024217760988644,0.20096871043954578,1.4019374208790913,0.9999999999999999,0.8038747310638428,0.8038748417581827,1.1069433991650612e-07,False,0.9552339911460876,0.8297057025623312,3.6996378898620605,6,0.08652245732290403,0.41439311685306685,0.04264995562178747,-0.11216972289340837,-0.08879898754613741,0.09030558647853987,0.5670975941632475,1.0561787225444728,1.07454593939288,1.0578565933512618,1.0892232330300908,1.0396518375241781,0.9933090024330901,1.002211573903428
pretrained,5,3,102202.91171361838,0.00017945415193842962,-0.0009994317519281815,-0.0044502020016084776,0.021554295045831284,0.06944624593079261,0.6768016336219651,0.0006768016336219651,0.000502567935202803,0.2010271740811212,1.4020543481622423,0.9999999999999999,0.804108738899231,0.8041086963244846,4.257474639501879e-08,False,0.9849392175674438,0.8555073343992946,3.8758976459503174,7,0.05776724751506532,0.1118957975081035,0.09003192718539918,-0.10507989887680327,-0.09594727520431792,0.3708908313087055,0.5704413705638476,0.9610526217750979,0.9804529781020231,0.9571618544716682,0.9222614840989399,0.947596899224806,1.011022657685242,0.9845531445384331
pretrained,5,4,101038.35876648617,-0.00975431987933184,-0.011394518293132316,-0.014016424784209764,0.010276876813547275,0.05478013103851511,1.1610981108886853,0.0011610981108886853,0.000496630192335163,0.19865207693406517,1.3973041538681303,0.9999999999999999,0.7946083545684814,0.7946083077362607,4.6832220768067145e-08,False,0.9248708486557007,0.8033326120886968,3.5440196990966797,8,0.0909041187592915,0.5054329058953694,-0.0859161817601749,-0.11273589517389027,0.057927800608532753,0.03181364972676548,0.512573601944106,0.9731154872222838,0.9711852581306858,0.9629996232560255,0.9522814350400557,0.9581151832460733,1.0533010296789824,0.9988793425476279
pretrained,5,5,101644.10868045643,0.006883775053721397,0.005995246967245738,0.0021885435566049542,0.0161751497632302,0.07419458786155943,0.3858232647180557,0.0003858232647180557,0.0004970198018210276,0.19880792072841103,1.397615841456822,0.9999999999999999,0.7952316999435425,0.7952316829136441,1.7029898380371833e-08,False,0.9838066697120667,0.8545236158311312,3.992936134338379,9,0.21964282010282787,0.5574297330209187,-0.09076541449342457,-0.10804250623498646,0.06044981469001087,0.03677435059632572,0.32451120231832775,1.0109963000452014,1.0079791009476824,1.0086329152204732,0.9663496708119972,0.9583333333333334,0.9815986198964922,1.0011219147344803
pretrained,5,6,103971.36980124481,0.023820809216658523,0.022896173236214956,0.019332527379939984,0.03819676329009247,0.053781722938445756,0.39932454377412796,0.000399324543774128,0.0005042063804077251,0.20168255216309006,1.4033651043261801,0.9999999999999999,0.8067302107810974,0.8067302086523602,2.1287371865241766e-09,False,0.8826220035552979,0.7666357315009165,3.2843000888824463,10,0.06887131210948738,0.546399772433298,-0.09451072636459557,-0.10717182579849449,0.038617071030395356,0.024491602821009484,0.5233027937688998,1.0132439300667035,1.0452709779845217,1.0043046145479644,1.0034065102195306,1.0245901639344261,0.9660222612770942,0.9977586850952559
pretrained,5,7,104789.32288491382,0.008738115870503549,0.007867099233497044,0.004490384022772445,0.04570430224245037,0.06034309859170899,0.3587883380906922,0.00035878833809069224,0.0005050561909696887,0.20202247638787546,1.404044952775751,1.0,0.8080897927284241,0.8080899055515021,1.1282307799120872e-07,False,0.8795756101608276,0.7639896678190665,3.2593960762023926,11,0.06229833220796924,0.5082431927855526,0.023698571005037833,-0.10597493792218823,-0.09604753846568723,0.04225322311478,0.5655291572745358,1.004842437168933,1.0091613275630966,0.9940845942149397,0.9411542814032442,0.9356521739130435,0.9241964827167981,0.9906402096593037
pretrained,5,8,106379.1025974408,0.016015195647612668,0.015171199400467295,0.0118012230434082,0.05996574930304266,0.04920448034368183,0.326793124633176,0.000326793124633176,0.0005042446351477078,0.20169785405908314,1.403395708118166,0.9999999999999998,0.8067914247512817,0.8067914162363321,8.514949634275126e-09,False,0.8802280426025391,0.7645563634375664,3.2572944164276123,12,0.04361149030072348,0.5015096116278852,0.02468542116028921,-0.10610322920339449,0.06042058872325079,-0.09559462485568865,0.5714707422469343,1.0360215483535529,1.021502497143988,1.0471245506781481,1.0400801603206413,1.0360594795539033,0.9770341207349081,1.0041572184429328
pretrained,5,9,108006.33439372164,0.016302207315514572,0.015296536223271318,0.01126012034845472,0.0741283781054517,0.05805016907908637,0.48983022464173187,0.0004898302246417319,0.0005001991082515035,0.2000796433006014,1.400159286601203,1.0,0.8003184795379639,0.8003185732024058,9.36644419802235e-08,False,0.9419621229171753,0.8181779042896038,3.6179072856903076,13,0.04642756230064801,0.41248797572084833,0.03749424538442067,-0.10460675561002322,-0.09547288769057818,0.1276341298861163,0.5760357300085681,1.030263218631604,1.0570596953253422,1.0216260752256048,0.9703275529865124,0.9601722282023681,0.9194089993284082,0.9894617990214528
pretrained,5,10,106317.04523947537,-0.014701408633373325,-0.01564064889090866,-0.017847928824202153,0.05941705043858625,0.0627320231467341,0.46532822293894627,0.00046532822293894626,0.0004883808536188944,0.19535234144755775,1.3907046828951155,0.9999999999999999,0.7814093828201294,0.781409365790231,1.7029898380371833e-08,False,0.8681147694587708,0.7540349080693156,3.167891263961792,14,0.0353742225893906,0.5036659299262932,-0.0918610782495567,-0.10349126319800106,0.04362502534474644,0.03537868176187786,0.5773084818252495,1.0042943009181393,0.992207955075134,1.0190061088156275,1.0559968228752978,1.046711509715994,0.9831994156318481,0.99163179916318
pretrained,5,11,103854.14716921921,-0.022236492722376155,-0.023165599313906493,-0.02546981874946009,0.03711115323049441,0.06327843082736498,0.456487701939685,0.00045648770193968503,0.0004942005779594183,0.19768023118376732,1.3953604623675346,1.0,0.7907208204269409,0.7907209247350693,1.043081283569336e-07,False,0.9318029880523682,0.8093537918642104,3.5896737575531006,15,0.036368003115057945,0.4249348547309637,0.029783982783555984,-0.10319593735039234,-0.09448429383337498,0.1406883653253317,0.565905025228858,0.9305966410201849,0.9079768850724007,0.9492578825091647,0.9386987589319293,0.9339521599428774,0.9034175334323922,1.038741848868431
pretrained,5,12,103768.89761702741,0.00034615467564158564,-0.0008208584299758126,-0.0032484310382037093,0.03632010846773204,0.04914772550882675,0.6682253490601266,0.0006682253490601267,0.0004990649476115193,0.19962597904460772,1.3992519580892155,1.0,0.7985039353370667,0.7985039161784311,1.915863556689601e-08,False,0.9449601173400879,0.8207819291588991,3.9020674228668213,16,0.026989024664674482,0.41645876185170244,-0.0939120887113469,-0.10571389033326081,0.23962838069668838,0.016648719619427405,0.49990109221211504,1.0178593449224487,1.0033726303860246,1.0168301139748919,0.9911858974358975,0.9889143730886851,1.0394736842105263,1.002215657311669
pretrained,5,13,100161.8840691044,-0.033804639209922716,-0.034760064246178723,-0.03766348298645023,0.0016162242814113936,0.05919197600259178,0.4839187440063273,0.0004839187440063273,0.0005054233436073576,0.20216933744294302,1.4043386748858862,1.0,0.8086773157119751,0.8086773497717723,3.4059797204832876e-08,False,0.9298590421676636,0.807665301922519,3.5256001949310303,17,0.04731934091874532,0.5665355952722686,-0.09717161634138652,-0.1049977211015565,0.04713236114808492,0.08748477271624974,0.45369726738759447,0.9005749972130336,0.8982312353523753,0.906226913619528,0.9240097008892482,0.9984538074990336,0.9446202531645569,1.0361090641120116
pretrained,5,14,105717.84560391412,0.056669655294316446,0.055469818548705696,0.04849976088917735,0.05408590736266772,0.07939844384157947,0.6386991952146803,0.0006386991952146803,0.0004974349375282015,0.1989739750112806,1.3979479500225611,1.0,0.7958958745002747,0.7958959000451222,2.554484757055775e-08,False,1.0630712509155273,0.9233719562852016,4.695467472076416,18,0.206922781254564,0.5175232259290559,-0.09216444513627461,-0.106809529875006,0.20187134721449443,0.07416594454220363,0.19849067607096263,1.0878451084988776,1.105887779215494,1.080196082028685,1.0822397200349958,1.0007742934572201,0.9865996649916248,1.0035561877667143
pretrained,5,15,112924.04121068497,0.07011748976325549,0.0681644197874578,0.05714444194334298,0.11444897890762074,0.06437259203220087,1.333152860403061,0.0013331528604030609,0.0004936133019093957,0.19744532076375826,1.3948906415275164,0.9999999999999999,0.7897812724113464,0.7897812830550328,1.0643686376710093e-08,False,0.9366790056228638,0.8135890469132695,3.847028970718384,19,-0.09214336185583047,0.3332036757575614,0.016320290576134405,-0.10530195890792779,0.018680610294852934,0.2906584763633353,0.5385822677718741,1.0297288920628345,1.0344408881821956,1.0366536879752946,1.1059013742926436,1.085880077369439,1.2478777589134125,0.9968107725017719
pretrained,5,16,119074.02096151693,0.05605034363574868,0.05446120848046698,0.03861048483632211,0.16018625059853642,0.14253573709187137,1.0118207319506576,0.0010118207319506575,0.000494103700454746,0.19764148018189842,1.3952829603637968,0.9999999999999999,0.7905659675598145,0.7905659207275937,4.6832220768067145e-08,False,1.0142674446105957,0.8809815087369878,4.142064571380615,20,0.08264355574335369,0.21582136516060146,0.06904056881155285,-0.11133541698966709,-0.08630606319223133,0.5690616465040615,0.26107434396232876,1.0179242518378595,1.0261253529989354,1.0004892614601024,1.0303362573099413,1.0399002493765588,1.1047619047619048,0.9850693210095981
pretrained,5,17,117715.41658925473,-0.010699207979287362,-0.011409746318227332,-0.014420943968760744,0.15049359805665274,0.09456582853754139,0.21052432326333861,0.00021052432326333862,0.0005079564758177314,0.2031825903270926,1.4063651806541853,1.0,0.8127302527427673,0.8127303613083705,1.0856560317407116e-07,False,0.9866747260093689,0.8570147778785437,4.120120525360107,21,0.05616641177662782,0.2880647382033723,0.030930708561624803,-0.11008752376905512,-0.09309506655803748,0.5351754924548524,0.29284523933061535,1.0393135068908235,1.0489629372043836,1.0256175982612805,1.038666193685704,0.984583761562179,0.9562807881773397,0.9945867917719236
pretrained,5,18,115251.08073735391,-0.019624625859778422,-0.02093469082728261,-0.021346183139840526,0.13232917765092067,0.06363525468216902,0.8323380755526679,0.0008323380755526679,0.0005048446969262192,0.20193787877048766,1.4038757575409753,0.9999999999999999,0.8077515363693237,0.8077515150819505,2.1287373197509396e-08,False,0.9478403329849243,0.8232836526813869,3.894382953643799,22,-0.09209773795945306,0.3378509346927915,0.02486158800976615,-0.1098401408110346,0.022228977509907294,0.27333972496645786,0.5436566535915648,0.9342222757517478,0.9192601541484278,0.933144921461059,0.9316939890710383,0.9439805149617257,0.9175788795878945,1.0359216255442671
pretrained,5,19,122062.4015760149,0.060685978100130766,0.05909984353364406,0.04497492040061967,0.18074690724707276,0.06885618391064849,0.9948565805596965,0.0009948565805596966,0.0005016482514994486,0.20065930059977943,1.4013186011995589,0.9999999999999999,0.8026372194290161,0.8026372023991177,1.7029898380371833e-08,False,0.9464585185050964,0.8220834238741803,4.066397190093994,23,0.017595649031656113,0.4153258561023644,-0.09646011303578106,-0.10419918756399837,0.32684800614203724,0.013178415862577286,0.4277113734611443,1.068930144367124,1.074208932789611,1.0719290343572334,1.0821114369501466,1.0269074824917066,1.0224561403508772,1.0819614711033276
pretrained,5,20,124985.05125369181,0.025469296829900845,0.023943897874701525,0.016233940567658527,0.1999043165808504,0.058469375322382056,0.9931666377399649,0.000993166637739965,0.0004954538520957742,0.1981815408383097,1.3963630816766195,1.0,0.7927260994911194,0.792726163353239,6.386211959252819e-08,False,0.9645226001739502,0.8377736858530461,3.979628324508667,24,-0.10238421761563846,0.3258870834750789,0.020649630044187822,-0.09579732322267123,0.03968332654663495,0.2786056692046779,0.5333558315677303,1.0131281613727836,1.0211309798074761,1.0099364281396368,1.0027100271002711,1.007896625987078,1.037748798901853,1.0171576561994171
pretrained,5,21,130903.03680638307,0.04855956909640913,0.04734954695245164,0.03357874401153295,0.2360757821997005,0.051854432146342874,0.6524498217872209,0.0006524498217872209,0.0005022016553474324,0.200880662138973,1.4017613242779456,0.9999999999999998,0.8035226464271545,0.8035226485558913,2.128736742434967e-09,False,0.8702203631401062,0.7558638035031843,3.2709786891937256,25,0.015118987964732294,0.5341710482857056,-0.09720349710966861,-0.10367716502930438,0.01966013360236371,0.09813692021582807,0.5337935720703431,0.9819083802034764,0.9740025585719445,0.9828400247399243,0.9851351351351353,0.9754273504273504,1.0244708994708993,1.1078930617441118
pretrained,5,22,128992.49206479333,-0.013862605870031075,-0.014595113972914131,-0.014218227886590166,0.22476108183281174,0.058070550394028246,0.24860410285847523,0.00024860410285847524,0.000494477233982512,0.19779089359300478,1.3955817871860094,1.0,0.791163444519043,0.7911635743720189,1.2985297592749134e-07,False,0.8987277150154114,0.7806249747294229,3.339348793029785,26,0.030722071017537794,0.5758598247276885,-0.09984843193420342,-0.09794246165880136,0.08093562216631003,0.03790280089846679,0.47237057478300165,1.0171811676906573,1.0045787328777878,1.0194502657857352,1.0099451303155005,1.0087623220153341,1.013557133634603,0.9675380637747775
pretrained,5,23,130701.00315378094,0.013946638076774986,0.013245042883033964,0.007429799713398848,0.2348949312780605,0.05408099463699814,0.18445504563195364,0.00018445504563195365,0.0005077293475291559,0.2030917390116624,1.4061834780233249,1.0,0.8123668432235718,0.8123669560466498,1.1282307799120872e-07,False,0.8205307722091675,0.7127039732045112,2.9993393421173096,27,0.020620073058775473,0.5652445376451527,-0.09835327709359784,-0.10473846191806455,0.01861158465700488,0.035512600892356444,0.5631029427583729,1.0204317810759416,1.036630597940096,1.0048074160114426,1.0196943972835313,1.0007238508867176,1.024203821656051,0.9902019002375297
pretrained,5,24,132291.85086421386,0.01293176367283766,0.012171656468169312,0.006201408107793693,0.24409554067966477,0.05998402587621167,0.24215770991785218,0.00024215770991785218,0.0005085271517080921,0.20341086068323683,1.4068217213664733,0.9999999999999998,0.8136433362960815,0.8136434427329466,1.0643686509936856e-07,False,0.8218506574630737,0.713850410969545,3.0088839530944824,28,0.018810668694121485,0.5639644690922327,0.017323074596268778,-0.10436392788376128,-0.09904693279947555,0.04054057012711251,0.5627720781735011,1.034047030048888,1.0449943420211207,1.037165241936394,0.9783549783549785,0.9924050632911392,0.9950248756218906,0.9706146926536732
pretrained,6,1,102034.47665480999,0.022306932509978727,0.020344766548099802,0.017224761812710168,0.019939110009774108,0.05428696394127877,1.4187516027263234,0.0014187516027263235,0.0005024438378001963,0.20097753512007852,1.401955070240157,1.0,0.8039100170135498,0.8039101404803142,1.234667643679188e-07,False,0.932652473449707,0.8100916455052538,3.672851085662842,6,0.033501207296337404,0.43228413111397196,0.029529097889150896,-0.11502805405429434,-0.08594948106578418,0.15703311509319715,0.5486299837274211,1.0561787225444728,1.07454593939288,1.0578565933512618,1.0892232330300908,1.0396518375241781,0.9933090024330901,1.002211573903428
pretrained,6,2,102260.91919235514,0.0034007388122576643,0.0022192747487814746,-0.0023024857201987105,0.02210931810716754,0.08945387635184288,0.6780201611774308,0.0006780201611774308,0.0005001334194093943,0.2000533677637577,1.4001067355275154,1.0,0.8002135157585144,0.8002134710550308,4.470348358154297e-08,False,0.9401907920837402,0.8166393458764319,3.6185364723205566,7,0.029252130538225174,0.10600301437079906,0.06607930921018124,-0.10562399961054325,-0.09442936815321445,0.44241134636104107,0.5563075672835112,0.9610526217750979,0.9804529781020231,0.9571618544716682,0.9222614840989399,0.947596899224806,1.011022657685242,0.9845531445384331
pretrained,6,3,101029.12192307424,-0.010311564523342032,-0.012045630716108313,-0.014786044239731587,0.01018638886971468,0.05726230004557452,1.2637014176164356,0.0012637014176164357,0.0004899687932005951,0.19598751728023803,1.391975034560476,1.0,0.7839500308036804,0.783950069120952,3.831727157788123e-08,False,0.9350790977478027,0.8121993845898844,3.5839033126831055,8,0.0489633296217237,0.5272297848548209,-0.0870024274502482,-0.10898508982998983,0.09648337108748298,0.04418618870632987,0.4791248430098806,0.9731154872222838,0.9711852581306858,0.9629996232560255,0.9522814350400557,0.9581151832460733,1.0533010296789824,0.9988793425476279
pretrained,6,4,101266.72509670467,0.003261021985099255,0.0023518285530714778,-0.0011079193984643368,0.01250879887243328,0.06860658802365874,0.4212533022676195,0.0004212533022676195,0.0004853957492325987,0.1941582996930395,1.3883165993860789,0.9999999999999999,0.7766330242156982,0.7766331987721578,1.745564595090343e-07,False,1.0223076343536377,0.8879651288147042,4.129194736480713,9,0.16201927938631602,0.5737898168819291,-0.09062970003911427,-0.10352859965392522,0.11514228263071605,0.07108145632914134,0.2721254644649369,1.0109963000452014,1.0079791009476824,1.0086329152204732,0.9663496708119972,0.9583333333333334,0.9815986198964922,1.0011219147344803
pretrained,6,5,103599.11566452982,0.024032267473112157,0.023032151633202602,0.019255179502764272,0.03474079524176943,0.05953633733143753,0.48359479435852604,0.00048359479435852607,0.0004935272836259434,0.19741091345037737,1.3948218269007548,1.0,0.7896435856819153,0.7896436538015097,6.811959440966575e-08,False,0.883072018623352,0.767026609622575,3.2559330463409424,10,0.04269676549094062,0.5551091347421919,-0.09386966483933587,-0.1035412486110415,0.053892946669033576,0.0317892049040113,0.5139228616442,1.0132439300667035,1.0452709779845217,1.0043046145479644,1.0034065102195306,1.0245901639344261,0.9660222612770942,0.9977586850952559
pretrained,6,6,104305.53019884239,0.0077093254524998045,0.006818731316202031,0.0034711071290567876,0.04127806254025612,0.061323203388598105,0.3814491853117943,0.0003814491853117943,0.0005027223617902825,0.201088944716113,1.402177889432226,1.0,0.8043558597564697,0.8043557788644522,8.089201752881081e-08,False,0.8668548464775085,0.752940552872545,3.194319725036621,11,0.03816296426313262,0.5203589860882079,0.0222427648093019,-0.10588542478425164,-0.09520351993186135,0.055114596017769385,0.5652096335377013,1.004842437168933,1.0091613275630966,0.9940845942149397,0.9411542814032442,0.9356521739130435,0.9241964827167981,0.9906402096593037
pretrained,6,7,105008.51258793217,0.0075910915628716324,0.0067396463806823625,0.004133946507652328,0.04769625304175362,0.04568487987690346,0.3472413378102439,0.0003472413378102439,0.0004981463801647935,0.19925855206591742,1.398517104131835,1.0,0.7970341444015503,0.7970342082636699,6.386211959252819e-08,False,0.8791995048522949,0.763662986898846,3.250825881958008,12,0.033345154885734835,0.4985306816441672,-0.09518804826906749,-0.10407050379684993,0.07041050813027791,0.025570854012455263,0.5714013533932822,1.0360215483535529,1.021502497143988,1.0471245506781481,1.0400801603206413,1.0360594795539033,0.9770341207349081,1.0041572184429328
pretrained,6,8,106338.23255603427,0.013686837536746932,0.012662973080288298,0.009061335057489586,0.05960445649399315,0.05693736789499888,0.5122745877930095,0.0005122745877930095,0.0004982760468763965,0.1993104187505586,1.398620837501117,0.9999999999999998,0.797241747379303,0.7972416750022342,7.23770687827141e-08,False,0.9357476830482483,0.8127801104032146,3.6186156272888184,13,0.033540634172303324,0.4080438108316489,0.033102126525981074,-0.10433203567351615,-0.09497838307704246,0.1508757264486381,0.573748120771987,1.030263218631604,1.0570596953253422,1.0216260752256048,0.9703275529865124,0.9601722282023681,0.9194089993284082,0.9894617990214528
pretrained,6,9,104686.6176218216,-0.0145723651881563,-0.015531713237215694,-0.017669639143252883,0.044768068051944554,0.056665014024085726,0.48600947005408157,0.00048600947005408157,0.00048799947569412843,0.19519979027765139,1.3903995805553027,0.9999999999999999,0.780799150466919,0.7807991611106053,1.0643686376710093e-08,False,0.8676429986953735,0.7536251331907822,3.1654558181762695,14,0.030852787728820524,0.5047093691038234,-0.09327988459595613,-0.10191990568169526,0.046104452173624716,0.036940848987017355,0.5765923322843653,1.0042943009181393,0.992207955075134,1.0190061088156275,1.0559968228752978,1.046711509715994,0.9831994156318481,0.99163179916318
pretrained,6,10,102144.45356342275,-0.023341320931926535,-0.02428356284833244,-0.02663682607196688,0.020994322144875177,0.05726160329795007,0.47309942916035647,0.0004730994291603565,0.000492126957646438,0.19685078305857523,1.3937015661171503,1.0,0.7874031662940979,0.7874031322343007,3.4059797204832876e-08,False,0.9221054315567017,0.8009306013161844,3.570523738861084,15,0.026278375248823843,0.4292170149939401,0.024675230096493445,-0.10258055052586965,-0.09427023253270558,0.15553544887474605,0.5611447138445718,0.9305966410201849,0.9079768850724007,0.9492578825091647,0.9386987589319293,0.9339521599428774,0.9034175334323922,1.038741848868431
pretrained,6,11,102041.47155736247,0.00017012705330965439,-0.0010081996864992337,-0.003444887582983714,0.020006292796501457,0.04913716469219988,0.6832745006041867,0.0006832745006041867,0.0004955463444015811,0.19821853776063242,1.3964370755212647,1.0,0.7928740978240967,0.7928741510425295,5.3218432771728885e-08,False,0.9431527256965637,0.819212048724058,3.894920825958252,16,0.022809102066925574,0.4081127875085388,-0.09451918969196935,-0.10369934806866307,0.24736701776938777,0.017535616510680724,0.5023940139050995,1.0178593449224487,1.0033726303860246,1.0168301139748919,0.9911858974358975,0.9889143730886851,1.0394736842105263,1.002215657311669
pretrained,6,12,98288.73991183321,-0.035771373295848674,-0.036776533974421044,-0.04008677358174075,-0.01741054051259394,0.053398805452907025,0.5440950271274363,0.0005440950271274363,0.0004988992693168776,0.19955970772675108,1.399119415453502,0.9999999999999998,0.7982387542724609,0.7982388309070041,7.663454315576246e-08,False,0.9438705444335938,0.8198355381570558,3.6170663833618164,17,0.03979919265423501,0.5681378186813422,-0.09678639311875617,-0.10277331460799491,0.05391912694488252,0.11164197485361779,0.4260615945926734,0.9005749972130336,0.8982312353523753,0.906226913619528,0.9240097008892482,0.9984538074990336,0.9446202531645569,1.0361090641120116
pretrained,6,13,103390.10944578261,0.05303538029280941,0.05190187134889945,0.045815783841013896,0.032789494700751654,0.08768502744663396,0.5821918142693383,0.0005821918142693383,0.0004948085120746068,0.19792340482984272,1.3958468096596852,0.9999999999999999,0.7916935682296753,0.7916936193193704,5.10896951411155e-08,False,1.0705431699752808,0.9298619827189589,4.760015964508057,18,0.1725680913243975,0.5124717290912355,-0.0927956019129072,-0.10512780291693552,0.20825534420354025,0.09113996582371847,0.2134882743869509,1.0878451084988776,1.105887779215494,1.080196082028685,1.0822397200349958,1.0007742934572201,0.9865996649916248,1.0035561877667143
pretrained,6,14,111230.53614534892,0.07778377749337073,0.07583343069849247,0.06467388285152403,0.10096630416914987,0.07005853233748349,1.3182557044284684,0.0013182557044284684,0.0004929736269904035,0.1971894507961614,1.3943789015923227,0.9999999999999999,0.7887579202651978,0.7887578031846454,1.1708055236425707e-07,False,0.938528299331665,0.8151953230195711,3.878713846206665,19,-0.09520102318908488,0.3106501546821424,0.015009719612342959,-0.10198842760707652,0.01871818091188157,0.3237294403037855,0.5290819552860089,1.0297288920628345,1.0344408881821956,1.0366536879752946,1.1059013742926436,1.085880077369439,1.2478777589134125,0.9968107725017719
pretrained,6,15,117407.98315282013,0.057082703925119604,0.055537330139260765,0.04071251282398543,0.14826916096635112,0.13180687946431646,0.9673399291932581,0.000967339929193258,0.000495652976844992,0.19826119073799683,1.3965223814759935,0.9999999999999998,0.7930446863174438,0.793044762951987,7.663454315576246e-08,False,1.014609694480896,0.8812787831971948,4.140983581542969,20,0.07933936055217469,0.23111358817134584,0.07514613653932298,-0.11287491236414232,-0.08538627837385451,0.5727226042321749,0.23993950124297822,1.0179242518378595,1.0261253529989354,1.0004892614601024,1.0303362573099413,1.0399002493765588,1.1047619047619048,0.9850693210095981
pretrained,6,16,116149.28626633,-0.010011407622775526,-0.010720709552192842,-0.013582032120278063,0.1390390486713774,0.08703839650608677,0.209957039781979,0.000209957039781979,0.0005067746021917888,0.20270984087671554,1.405419681753431,0.9999999999999999,0.8108393549919128,0.810839363506862,8.514949190185916e-09,False,0.9819469451904297,0.8529082796359171,4.059924602508545,21,0.052638868668249655,0.3097396184291158,0.03213910279529433,-0.1101773093853678,-0.09253253149134774,0.5445978630866324,0.2635943878974233,1.0393135068908235,1.0489629372043836,1.0256175982612805,1.038666193685704,0.984583761562179,0.9562807881773397,0.9945867917719236
pretrained,6,17,113563.64994126119,-0.02095520494377512,-0.022261319102210964,-0.022964948720695856,0.11943654460099462,0.06724889300626156,0.8326492905616762,0.0008326492905616763,0.0005023112387529442,0.2009244955011777,1.4018489910023553,0.9999999999999999,0.8036980628967285,0.8036979820047105,8.089201797290002e-08,False,0.9467583894729614,0.8223438884874339,3.9125099182128906,22,-0.09457723157746453,0.3393415872539792,0.021574816533497382,-0.10634726392371316,0.02090197695153098,0.2860536043133054,0.5330525104488646,0.9342222757517478,0.9192601541484278,0.933144921461059,0.9316939890710383,0.9439805149617257,0.9175788795878945,1.0359216255442671
pretrained,6,18,120152.42978596457,0.05963644562332471,0.05801838746915333,0.04551535333617593,0.16772386394402028,0.05543932013699453,1.0328113194555044,0.0010328113194555044,0.0004953494022733399,0.198139760909336,1.3962795218186719,0.9999999999999999,0.792559027671814,0.7925590436373438,1.5965529787109745e-08,False,0.9448356032371521,0.8206737775832509,4.0677385330200195,23,0.015062746458819914,0.4148956815313016,-0.09693058779729266,-0.10120917311204333,0.3469754735540066,0.012891812116972018,0.4083140472482358,1.068930144367124,1.074208932789611,1.0719290343572334,1.0821114369501466,1.0269074824917066,1.0224561403508772,1.0819614711033276
pretrained,6,19,122945.34836379328,0.024819046592486238,0.023244794822742332,0.015435844662192067,0.1866304717434153,0.06941526274405893,1.045500704220363,0.001045500704220363,0.0004918069206178189,0.19672276824712753,1.393445536494255,1.0,0.7868912220001221,0.7868910729885101,1.4901161193847656e-07,False,0.9690960049629211,0.841746094779766,4.029687404632568,24,-0.10578048601746559,0.31556080654263496,-0.09094228222966194,0.019943885505199432,0.04440322890877724,0.29255150631070137,0.5242633409798145,1.0131281613727836,1.0211309798074761,1.0099364281396368,1.0027100271002711,1.007896625987078,1.037748798901853,1.0171576561994171
pretrained,6,20,128700.27702806905,0.048028395507201616,0.0468088361281227,0.033716997238145856,0.22300089549775892,0.05306853032395542,0.668853463072862,0.000668853463072862,0.0004954942947785768,0.19819771791143076,1.3963954358228616,1.0,0.792790949344635,0.7927908716457233,7.769891174902455e-08,False,0.8730250000953674,0.758299880210008,3.282752275466919,25,-0.09788050648889371,0.5341115057734507,0.014090386618460932,-0.10031721142253705,0.020247461673404493,0.10254163893737964,0.5272067249087351,0.9819083802034764,0.9740025585719445,0.9828400247399243,0.9851351351351353,0.9754273504273504,1.0244708994708993,1.1078930617441118
pretrained,6,21,126906.05284432304,-0.012958718134750136,-0.013941105840469037,-0.013870115557438254,0.2120155204679557,0.0576948105527004,0.5042571611702442,0.0005042571611702442,0.0004915237919028316,0.19660951676113264,1.3932190335222654,1.0,0.7864381074905396,0.7864380670445308,4.0446008764405406e-08,False,0.9134640097618103,0.7934247577135448,3.4228546619415283,26,0.031052793775285997,0.5766442505908864,-0.10030326114169189,-0.09630625561944076,0.09689904137381486,0.04126137255557946,0.45075205846556593,1.0171811676906573,1.0045787328777878,1.0194502657857352,1.0099451303155005,1.0087623220153341,1.013557133634603,0.9675380637747775
pretrained,6,22,128586.06931161802,0.01397599583304765,0.013238269015866999,0.007490336001163457,0.22231077957863365,0.056098462190290216,0.22734036935227267,0.00022734036935227267,0.0005004828928836754,0.2001931571534702,1.4003863143069402,0.9999999999999998,0.8007726073265076,0.8007726286138803,2.1287372753420186e-08,False,0.8200560808181763,0.7122916615010823,2.990389823913574,27,0.01943131270153181,0.5643019649599279,-0.09734574226396425,-0.10284741488950594,0.018230223229953213,0.03676493199808256,0.5614647242639745,1.0204317810759416,1.036630597940096,1.0048074160114426,1.0196943972835313,1.0007238508867176,1.024203821656051,0.9902019002375297
pretrained,6,23,130142.16936030202,0.012853976149613144,0.012101622337587159,0.006456932738811372,0.23160955060502053,0.05683676575151009,0.23869381525686809,0.0002386938152568681,0.0005043880056057658,0.2017552022423063,1.4035104044846125,0.9999999999999999,0.8070208430290222,0.807020808969225,3.4059797204832876e-08,False,0.8208081722259521,0.7129449197976501,3.0012142658233643,28,0.01794332691601344,0.5635810536997659,0.01687199303082057,-0.10325298032590322,-0.0985022219164031,0.041167337979589186,0.5621914906161172,1.034047030048888,1.0449943420211207,1.037165241936394,0.9783549783549785,0.9924050632911392,0.9950248756218906,0.9706146926536732
pretrained,6,24,134561.77394054717,0.03451134630624453,0.033959819495626764,0.02234482674200363,0.256846895878598,0.057850370631476626,0.02599461429885469,2.599461429885469e-05,0.0005072753996189151,0.20291015984756605,1.4058203196951322,1.0,0.8116406202316284,0.8116406393902644,1.915863601098522e-08,False,0.8143559694290161,0.7073406076559899,2.9736170768737793,29,0.019529235948409357,0.5639404071761029,0.020058964778270044,-0.10498777643910476,-0.0979223834084613,0.029904826943363466,0.5694767250014203,1.028589803182445,1.0354429604664128,1.0173620255284004,1.0408441116405716,1.0557580174927113,1.08125,1.0367624343527957
pretrained,7,1,99834.00345521125,0.00017761867972798662,-0.0016599654478874903,-0.005363310353736776,-0.0016627255147914077,0.07401169677890736,1.3333508287157332,0.0013333508287157333,0.0005055967957845757,0.20223871831383028,1.4044774366276604,0.9999999999999999,0.8089548945426941,0.8089548732553209,2.1287373197509396e-08,False,0.981513261795044,0.8525315870248988,3.848592519760132,7,0.06592816007988792,0.0833130468215261,0.10060781134026389,-0.10430913524968285,-0.09792958306414742,0.3836298946823392,0.5687598053898131,0.9610526217750979,0.9804529781020231,0.9571618544716682,0.9222614840989399,0.947596899224806,1.011022657685242,0.9845531445384331
pretrained,7,2,98551.83791387212,-0.01110067360418987,-0.012842974306988997,-0.01585159422499382,-0.014694419878739096,0.056397997220922605,1.2718483789690904,0.0012718483789690904,0.0004915640383426631,0.19662561533706527,1.3932512306741307,1.0,0.7865025401115417,0.7865024613482614,7.876328034228663e-08,False,0.9499362707138062,0.8251041610615193,3.742550849914551,8,0.1212068112300975,0.49628136919013094,-0.08560224010476045,-0.11102337523230482,0.0697476329015834,0.027289838130984984,0.4820999638842685,0.9731154872222838,0.9711852581306858,0.9629996232560255,0.9522814350400557,0.9581151832460733,1.0533010296789824,0.9988793425476279
pretrained,7,3,99147.05896898278,0.007026904569023884,0.006039674832151176,0.0023407142603493712,-0.008602787010395074,0.075018372159893,0.49093810468912114,0.0004909381046891211,0.0004898837182138648,0.1959534872855459,1.3919069745710917,0.9999999999999999,0.7838138937950134,0.7838139491421834,5.534716995825306e-08,False,0.991401731967926,0.861120603085994,4.038044452667236,9,0.28998899140528267,0.5581592885511262,-0.0907270195228713,-0.10522646776267461,0.07276717254093715,0.03328234383038112,0.2417556909578187,1.0109963000452014,1.0079791009476824,1.0086329152204732,0.9663496708119972,0.9583333333333334,0.9815986198964922,1.0011219147344803
pretrained,7,4,101462.00297458778,0.02439064931590673,0.02334858975826215,0.020136330991492715,0.014409364409590397,0.057516408569855085,0.5208255254796572,0.0005208255254796572,0.0004969404358416796,0.19877617433667183,1.3975523486733437,1.0,0.7951046824455261,0.7951046973466873,1.4901161193847656e-08,False,0.897383451461792,0.7794573622423019,3.367924451828003,10,0.08639040403068066,0.5470813568681479,-0.09467709995806217,-0.10409907437860966,0.04350966773927212,0.020753685384988785,0.5010410603135824,1.0132439300667035,1.0452709779845217,1.0043046145479644,1.0034065102195306,1.0245901639344261,0.9660222612770942,0.9977586850952559
pretrained,7,5,102325.74887745823,0.009401185998543893,0.00851299873398692,0.005415533367168425,0.022728872282610446,0.05807949011703247,0.3799302961145129,0.0003799302961145129,0.0005003720761409829,0.20014883045639315,1.4002976609127864,1.0,0.8005952835083008,0.8005953218255728,3.831727202197044e-08,False,0.8740907907485962,0.7592256142091307,3.2384068965911865,11,0.07136820895331245,0.5116978277053152,0.020519389637878943,-0.10449582444769998,-0.09565300600869317,0.03358251495020728,0.5629808892096793,1.004842437168933,1.0091613275630966,0.9940845942149397,0.9411542814032442,0.9356521739130435,0.9241964827167981,0.9906402096593037
pretrained,7,6,103895.49304388183,0.01619005401024376,0.01534065651748584,0.012068868723484411,0.037494340993564745,0.05393199974939777,0.3320249052984374,0.00033202490529843744,0.0005041894210236413,0.20167576840945656,1.4033515368189131,0.9999999999999999,0.8067030310630798,0.8067030736378262,4.257474639501879e-08,False,0.8798748850822449,0.7642496147129536,3.260434865951538,12,0.04385629136647495,0.5046584590205124,0.021379167480128136,-0.10379711698208538,0.0638594983943871,-0.09787865142737118,0.5679223521479538,1.0360215483535529,1.021502497143988,1.0471245506781481,1.0400801603206413,1.0360594795539033,0.9770341207349081,1.0041572184429328
pretrained,7,7,105629.95020062289,0.017692890768571168,0.016694248286674762,0.013214418404119343,0.05329880578311297,0.05180092770857759,0.48525530951363705,0.0004852553095136371,0.0004965072497725487,0.19860289990901947,1.397205799818039,1.0,0.7944114804267883,0.7944115996360779,1.1920928955078125e-07,False,0.9364200830459595,0.8133641496204901,3.5697450637817383,13,0.049251362681388855,0.4214404411613941,0.0349595881998539,-0.1030527614057064,-0.09555013850331306,0.11650969460606575,0.5764418132603168,1.030263218631604,1.0570596953253422,1.0216260752256048,0.9703275529865124,0.9601722282023681,0.9194089993284082,0.9894617990214528
pretrained,7,8,103994.24277712639,-0.014558870979562322,-0.0154852617121356,-0.01772961166152244,0.038408306752966914,0.056782252627527764,0.45669185104114673,0.00045669185104114674,0.00048382749381874294,0.1935309975274972,1.3870619950549945,1.0,0.7741239666938782,0.774123990109989,2.3416110828122783e-08,False,0.8623406291007996,0.749019553478912,3.1355700492858887,14,0.03459812035518031,0.508868750983051,-0.09311127210302014,-0.10041972542447705,0.042734441214374114,0.031234643289021063,0.5760950416858708,1.0042943009181393,0.992207955075134,1.0190061088156275,1.0559968228752978,1.046711509715994,0.9831994156318481,0.99163179916318
pretrained,7,9,101590.81142000589,-0.02219981158728923,-0.023111196282965096,-0.025585043938326616,0.015659008898246007,0.056714921672114185,0.44082217557089687,0.00044082217557089685,0.0004916890989989042,0.1966756395995617,1.3933512791991234,1.0,0.7867024540901184,0.7867025583982468,1.043081283569336e-07,False,0.9243873357772827,0.8029126381386447,3.53127384185791,15,0.03722585178911686,0.43750261329114437,0.027635499835014343,-0.10202641226351261,-0.09464922733604908,0.12827122770249844,0.5660404469817877,0.9305966410201849,0.9079768850724007,0.9492578825091647,0.9386987589319293,0.9339521599428774,0.9034175334323922,1.038741848868431
pretrained,7,10,101458.89234955126,-9.166228179680047e-05,-0.0012985334855654118,-0.004133944914155705,0.01437914721683542,0.057081664654902324,0.7081871498376131,0.0007081871498376131,0.0004995236778631806,0.19980947114527225,1.3996189422905445,1.0,0.799237847328186,0.799237884581089,3.725290298461914e-08,False,0.9452155828475952,0.8210038236793532,3.9509530067443848,16,0.02485904935747385,0.4238427495583892,-0.09613973740488291,-0.10366973374038935,0.2594443475827575,0.014116134494543076,0.47754719015210867,1.0178593449224487,1.0033726303860246,1.0168301139748919,0.9911858974358975,0.9889143730886851,1.0394736842105263,1.002215657311669
pretrained,7,11,97770.65175877264,-0.035392395471327,-0.036352068363527,-0.040194223214977454,-0.022801814257388697,0.06026523481506676,0.49122570534901966,0.0004912257053490196,0.0005041537487081119,0.2016614994832448,1.4033229989664895,1.0,0.8066460490226746,0.806645997932979,5.108969558520471e-08,False,0.9408811330795288,0.8172389684466371,3.575382947921753,17,0.05363141266363006,0.572042534926108,-0.0981408554528441,-0.1035206440304007,0.057209870644978095,0.0826077487851892,0.4361699324633394,0.9005749972130336,0.8982312353523753,0.906226913619528,0.9240097008892482,0.9984538074990336,0.9446202531645569,1.0361090641120116
pretrained,7,12,103369.77431154731,0.05848790349938282,0.057267927052274015,0.0512751821084264,0.0325992228771933,0.08251710052311195,0.6556019144398826,0.0006556019144398826,0.0004976281177784715,0.1990512471113886,1.3981024942227773,1.0,0.7962048649787903,0.7962049884455547,1.234667643679188e-07,False,1.0533721446990967,0.9149474196668229,4.567509651184082,18,0.21255766174622945,0.5297866346580642,-0.09437175520828792,-0.10467949190310069,0.22231547853776387,0.0655085923416274,0.16888287982770375,1.0878451084988776,1.105887779215494,1.080196082028685,1.0822397200349958,1.0007742934572201,0.9865996649916248,1.0035561877667143
pretrained,7,13,110248.25459527856,0.06833622261680627,0.06654247171905503,0.056811760322182936,0.09295616182677824,0.07090357254804006,1.1856228522956371,0.0011856228522956372,0.0004948017307158027,0.1979206922863211,1.3958413845726423,1.0,0.791682779788971,0.7916827691452846,1.0643686376710093e-08,False,0.9392984509468079,0.8158642682129419,3.8500709533691406,19,0.016786749873842516,0.33503819017538006,-0.0947972113000495,-0.10312348098627158,0.020448864836777964,0.28506643085607464,0.540580456544246,1.0297288920628345,1.0344408881821956,1.0366536879752946,1.1059013742926436,1.085880077369439,1.2478777589134125,0.9968107725017719
pretrained,7,14,116221.23475597912,0.05584057692990796,0.05417754850294343,0.03946828541225458,0.13957203939570606,0.14295184313346482,1.0808068481939181,0.0010808068481939182,0.0004955101997724602,0.19820407990898406,1.396408159817968,1.0,0.7928163409233093,0.7928163196359361,2.1287373197509396e-08,False,1.02215576171875,0.8878332139201366,4.175426006317139,20,0.09037051988499503,0.18975152713911872,0.0847362194742475,-0.11150283472878592,-0.08670124518019814,0.5723526541675841,0.2609931592430387,1.0179242518378595,1.0261253529989354,1.0004892614601024,1.0303362573099413,1.0399002493765588,1.1047619047619048,0.9850693210095981
pretrained,7,15,114735.17983807286,-0.012079246986213987,-0.012786432023600747,-0.015697147604016103,0.12842773993877732,0.09105696294174724,0.20566156612975275,0.00020566156612975275,0.0005104265095932144,0.20417060383728577,1.4083412076745714,0.9999999999999999,0.8166823983192444,0.8166824153491428,1.7029898380371833e-08,False,0.9973012208938599,0.8662448340591589,4.1461992263793945,21,0.06663938026343072,0.2569168524018356,0.03921711231981004,-0.11016577322568216,-0.09400483061160361,0.5460757033101149,0.2953215555420944,1.0393135068908235,1.0489629372043836,1.0256175982612805,1.038666193685704,0.984583761562179,0.9562807881773397,0.9945867917719236
pretrained,7,16,112388.75041660012,-0.019107232352283066,-0.020450827939471505,-0.02152616203022762,0.1102312319576273,0.06659308098155192,0.8662657019283089,0.0008662657019283088,0.0005044413517628397,0.20177654070513587,1.4035530814102717,0.9999999999999999,0.8071062564849854,0.8071061628205434,9.36644419802235e-08,False,0.9557769298553467,0.830177293133217,3.922361373901367,22,-0.0938673945409911,0.31616978027990883,0.028050615053091726,-0.10790914616414476,0.025801199089203558,0.2846161244171006,0.5471388218658311,0.9342222757517478,0.9192601541484278,0.933144921461059,0.9316939890710383,0.9439805149617257,0.9175788795878945,1.0359216255442671
pretrained,7,17,118752.54412798316,0.058322445230486464,0.056623048906530915,0.045101598728475946,0.15791277791718694,0.05159894462167405,1.1096393529857906,0.0011096393529857907,0.0004973965677033577,0.1989586270813431,1.3979172541626863,1.0,0.7958345413208008,0.7958345083253726,3.299542816748158e-08,False,0.9458367228507996,0.8215433390311152,4.089136123657227,23,0.016346073177243986,0.4062437158344047,-0.09795010422489472,-0.10100852285644837,0.3734328490016716,0.011514219854559221,0.3914217692134636,1.068930144367124,1.074208932789611,1.0719290343572334,1.0821114369501466,1.0269074824917066,1.0224561403508772,1.0819614711033276
pretrained,7,18,121466.70297239171,0.024488573085419185,0.02285558481579497,0.015750279028409787,0.17672911544549696,0.06132116999800475,1.100765474406736,0.0011007654744067362,0.0004944608187569039,0.1977843275027616,1.395568655005523,0.9999999999999999,0.7911373376846313,0.7911373100110461,2.7673585201171136e-08,False,0.9794436693191528,0.8507339618407629,4.061690807342529,24,-0.10623279240514552,0.297733999522669,-0.09155153509761607,0.02464249517236436,0.05413869369242871,0.28731528642986504,0.5339538526854344,1.0131281613727836,1.0211309798074761,1.0099364281396368,1.0027100271002711,1.007896625987078,1.037748798901853,1.0171576561994171
pretrained,7,19,127195.34577059883,0.04844490872465723,0.0471622482377676,0.034255967521652726,0.21380771132653364,0.05645256718767907,0.7220879101327489,0.0007220879101327488,0.0005020543560385704,0.20082174241542816,1.4016434848308563,1.0,0.8032869100570679,0.8032869696617126,5.960464477539063e-08,False,0.8704574704170227,0.7560697522671521,3.2596607208251953,25,0.015679175034165382,0.535665325820446,-0.09916194528341293,-0.10165979713201523,0.022333545610308647,0.0919891819357872,0.5351545140147209,0.9819083802034764,0.9740025585719445,0.9828400247399243,0.9851351351351353,0.9754273504273504,1.0244708994708993,1.1078930617441118
pretrained,7,20,125468.2118380922,-0.012795290946252647,-0.013578593792429872,-0.014060974751380597,0.20298537346620604,0.0647727378210599,0.2962399880800928,0.0002962399880800928,0.0004975303022989205,0.19901212091956821,1.3980242418391362,0.9999999999999999,0.7960485219955444,0.7960484836782724,3.831727202197044e-08,False,0.9158706665039062,0.7955151531993999,3.455983877182007,26,0.0321196216557707,0.5769744600568498,-0.10203119260924204,-0.09698092831032618,0.1080250899706568,0.03600015970213072,0.44589278953416006,1.0171811676906573,1.0045787328777878,1.0194502657857352,1.0099451303155005,1.0087623220153341,1.013557133634603,0.9675380637747775
pretrained,7,21,127121.2664013525,0.013935080757213614,0.013175086653768986,0.007670455959721443,0.21334956116409454,0.053874634763341034,0.24232076108455652,0.00024232076108455654,0.0005075093678065709,0.20300374712262836,1.4060074942452565,0.9999999999999998,0.8120149374008179,0.812014988490513,5.10896951411155e-08,False,0.8173094987869263,0.7099060106605493,2.985037326812744,27,0.020756949803658886,0.567013324371406,-0.09917240483420237,-0.103831342288426,0.01893985750419752,0.03209923314196722,0.5641943823013986,1.0204317810759416,1.036630597940096,1.0048074160114426,1.0196943972835313,1.0007238508867176,1.024203821656051,0.9902019002375297
pretrained,7,22,128677.5287639415,0.013002119315720151,0.01224234470474439,0.0062318303901880215,0.22286353366756306,0.06564284226561008,0.24224045606596117,0.00024224045606596119,0.0005080636776983738,0.20322547107934952,1.406450942158699,1.0,0.8129019737243652,0.8129018843173981,8.940696716308594e-08,False,0.8180556297302246,0.7105540917634527,2.9914448261260986,28,0.01910468377172947,0.5659369342029095,0.017403027042746544,-0.10378536954522133,-0.09944010153412819,0.03659805655479431,0.5641827695071697,1.034047030048888,1.0449943420211207,1.037165241936394,0.9783549783549785,0.9924050632911392,0.9950248756218906,0.9706146926536732
pretrained,7,23,133033.375884343,0.03439900898281478,0.03385087639033135,0.02203086924671396,0.24830893499283713,0.06829064157120206,0.020906147680112286,2.0906147680112286e-05,0.0005091387073376349,0.20365548293505398,1.4073109658701077,0.9999999999999998,0.8146219849586487,0.8146219317402155,5.3218433215818095e-08,False,0.812470555305481,0.7057029577560824,2.967979669570923,29,0.020227044022509022,0.5657247408692325,0.019932643643447323,-0.10518577402191504,-0.09846970891313894,0.027757580525108738,0.5700134738747562,1.028589803182445,1.0354429604664128,1.0173620255284004,1.0408441116405716,1.0557580174927113,1.08125,1.0367624343527957
pretrained,7,24,140211.97176475287,0.05469833473414343,0.053960863826013394,0.03524947016970096,0.28679413932085895,0.06471468316641739,0.19486023272786815,0.00019486023272786816,0.0005046088315014328,0.20184353260057314,1.4036870652011462,0.9999999999999999,0.8073741793632507,0.8073741304022923,4.896095839868053e-08,False,0.8683189153671265,0.7542122269523196,3.3182010650634766,30,0.011235742430601797,0.5294253961848361,0.011504732604537687,-0.10256157203444413,-0.09928196056612901,0.12256349490157195,0.5271141664790255,1.0293303784225487,1.0479104071466634,1.0217829114307377,0.9565075212557227,0.9206075250258889,1.0710982658959536,1.0146007151370682
pretrained,8,1,98568.76966753494,-0.012475328224383797,-0.0143123033246505,-0.017431239691927364,-0.01452011968184741,0.058222400201599044,1.3761800399848392,0.0013761800399848393,0.0004857337208730834,0.19429348834923338,1.3885869766984666,0.9999999999999998,0.7771738767623901,0.7771739533969333,7.663454315576246e-08,False,0.9524397253990173,0.8272786341724834,3.72884202003479,8,0.058447768645627146,0.524051299052579,-0.08754016671861922,-0.10675332163061416,0.1289023065141269,0.033139107482773905,0.44975300665412626,0.9731154872222838,0.9711852581306858,0.9629996232560255,0.9522814350400557,0.9581151832460733,1.0533010296789824,0.9988793425476279
pretrained,8,2,98732.87935365947,0.002641048775022803,0.0016649257840801734,-0.0018951050391358688,-0.012833826529070613,0.0716279638382533,0.4960774651595524,0.0004960774651595524,0.0004779485373624733,0.19117941494498936,1.3823588298899785,0.9999999999999999,0.764717698097229,0.764717659779957,3.831727202197044e-08,False,1.02590811252594,0.8910924644195922,4.166089057922363,9,0.21231409268719809,0.5735239471708025,-0.09070922327893122,-0.10047019166605814,0.1465167041335787,0.05394134031874792,0.20488333063466208,1.0109963000452014,1.0079791009476824,1.0086329152204732,0.9663496708119972,0.9583333333333334,0.9815986198964922,1.0011219147344803
pretrained,8,3,101085.81924215451,0.024923740838328712,0.02383137110857314,0.02094871217037946,0.010741558512311178,0.05253345742004664,0.5793539338878223,0.0005793539338878223,0.00048702030176562926,0.1948081207062517,1.3896162414125033,1.0,0.7792325019836426,0.7792324828250066,1.915863601098522e-08,False,0.8958352208137512,0.7781125861879866,3.327345848083496,10,0.047362408201609335,0.555660015504275,-0.09455201907881669,-0.10025610162743501,0.07356412575713225,0.02387536370328494,0.4943462075399501,1.0132439300667035,1.0452709779845217,1.0043046145479644,1.0034065102195306,1.0245901639344261,0.9660222612770942,0.9977586850952559
pretrained,8,4,101874.1823340184,0.008712033011057496,0.00779894843583695,0.004569380656028395,0.018397029463985914,0.06172180591292682,0.41067738298858913,0.00041067738298858916,0.0004949310129242285,0.1979724051696914,1.3959448103393828,0.9999999999999999,0.7918896079063416,0.7918896206787656,1.277242400732348e-08,False,0.8565725088119507,0.7440094278541095,3.1331124305725098,11,0.04312131766762051,0.5258428438433579,0.021479280931609,-0.10350483815584866,-0.09446756701384273,0.04019031886543545,0.5673386438616684,1.004842437168933,1.0091613275630966,0.9940845942149397,0.9411542814032442,0.9356521739130435,0.9241964827167981,0.9906402096593037
pretrained,8,5,102597.320315547,0.007983517565494092,0.007098343907758764,0.004431851971824037,0.025315674011355482,0.04973585151091063,0.3754031892333711,0.0003754031892333711,0.0005031454509922436,0.20125818039689747,1.4025163607937947,0.9999999999999999,0.8050326108932495,0.8050327215875894,1.1069433991650612e-07,False,0.891244649887085,0.7741252669435134,3.3345541954040527,12,0.034010228833981915,0.48488630833370344,-0.0985326644565378,-0.10272551594035967,0.0899029794548239,0.022568293980189724,0.5698903697941984,1.0360215483535529,1.021502497143988,1.0471245506781481,1.0400801603206413,1.0360594795539033,0.9770341207349081,1.0041572184429328
pretrained,8,6,103944.55293281886,0.014177893873336123,0.013131265155155392,0.009757826936984683,0.037948625700168104,0.05750249503655877,0.5374452652675765,0.0005374452652675766,0.0004950847822640624,0.19803391290562494,1.3960678258112498,1.0,0.7921355962753296,0.7921356516224995,5.534716995825306e-08,False,0.9415678977966309,0.8178354847006436,3.622946262359619,13,0.039283536906753264,0.4013750521200044,0.037111506398235045,-0.10290325007268361,-0.09513066283294133,0.14229003765753337,0.5779737798230988,1.030263218631604,1.0570596953253422,1.0216260752256048,0.9703275529865124,0.9601722282023681,0.9194089993284082,0.9894617990214528
pretrained,8,7,102389.004583195,-0.014000037294130796,-0.014965174275454629,-0.017520312470435333,0.02333262827312521,0.05808630086784882,0.4952670889241355,0.0004952670889241355,0.00048405307744230547,0.1936212309769222,1.3872424619538442,0.9999999999999999,0.7744849324226379,0.7744849239076883,8.514949634275126e-09,False,0.8734527826309204,0.7586714473992985,3.1871731281280518,14,0.03214661510927336,0.49685325952512877,-0.09460240123527391,-0.09901882974164827,0.05314025389296667,0.03428248049957411,0.5771986219499792,1.0042943009181393,0.992207955075134,1.0190061088156275,1.0559968228752978,1.046711509715994,0.9831994156318481,0.99163179916318
pretrained,8,8,99979.49249823428,-0.022596941142653204,-0.023532918351627297,-0.026519454642570522,-0.00020511708204651313,0.059634185747975924,0.4697277471423149,0.00046972774714231495,0.0004883474710264377,0.19533898841057507,1.39067797682115,0.9999999999999999,0.7813559174537659,0.7813559536422998,3.618853394726784e-08,False,0.9229600429534912,0.8016729073437792,3.5509448051452637,15,0.02826252313596861,0.42720111752195017,0.02642647469682352,-0.1011807889278446,-0.09415819948273046,0.14811747813863413,0.5653313949171985,0.9305966410201849,0.9079768850724007,0.9492578825091647,0.9386987589319293,0.9339521599428774,0.9034175334323922,1.038741848868431
pretrained,8,9,99785.24700335972,-0.0006724708740384333,-0.001942853379436671,-0.0042651504966623385,-0.002152151776835698,0.046362316037463075,0.7744424186114753,0.0007744424186114753,0.0004976036645738142,0.1990414658295257,1.3980829316590513,1.0,0.7961658239364624,0.7961658633181026,3.938164017114332e-08,False,0.9454392194747925,0.8211980719856397,3.980684518814087,16,0.02022850393716777,0.38340308770005194,-0.09736793980534589,-0.10167352602417981,0.29306300982300726,0.014802064480526095,0.4875447998887726,1.0178593449224487,1.0033726303860246,1.0168301139748919,0.9911858974358975,0.9889143730886851,1.0394736842105263,1.002215657311669
pretrained,8,10,96051.8776985828,-0.03636683832435239,-0.03741404082159783,-0.04192041782230833,-0.041104061638510325,0.059370159212673954,0.5921317610357489,0.0005921317610357489,0.0004951823343123708,0.19807293372494833,1.3961458674498968,1.0,0.7922916412353516,0.7922917348997935,9.36644419802235e-08,False,0.9541789889335632,0.8287893392837411,3.659745216369629,17,0.04082548937627248,0.5721018830580371,-0.09733834170869418,-0.10073459201625415,0.0741777563733714,0.10060363209673337,0.410364172820534,0.9005749972130336,0.8982312353523753,0.906226913619528,0.9240097008892482,0.9984538074990336,0.9446202531645569,1.0361090641120116
pretrained,8,11,100940.2356338379,0.052063658500096865,0.050892893011369233,0.046466338695510305,0.009314775499916772,0.07904996885833586,0.6173508635589056,0.0006173508635589056,0.0004960964008101395,0.19843856032405582,1.3968771206481114,0.9999999999999999,0.7937541604042053,0.7937542412962229,8.089201752881081e-08,False,1.0623908042907715,0.9227809278564794,4.690969944000244,18,0.16238189595086233,0.5105556781802858,-0.09512330485241755,-0.10331525547163828,0.2590817447219576,0.07580043481928961,0.19061880665166037,1.0878451084988776,1.105887779215494,1.080196082028685,1.0822397200349958,1.0007742934572201,0.9865996649916248,1.0035561877667143
pretrained,8,12,108988.88724833654,0.08185937699694401,0.0797368023163254,0.0697665256234823,0.08247526399507987,0.06787925743361603,1.4693025116409575,0.0014693025116409575,0.0004945937823504209,0.19783751294016838,1.3956750258803368,1.0,0.7913499474525452,0.7913500517606735,1.043081283569336e-07,False,0.9473953247070312,0.8228971234024064,3.8756136894226074,19,-0.1003903541713953,0.27143927477300167,0.018571985885500908,-0.09744715876877308,0.026319142431020737,0.34128483198583126,0.5402222778648138,1.0297288920628345,1.0344408881821956,1.0366536879752946,1.1059013742926436,1.085880077369439,1.2478777589134125,0.9968107725017719
pretrained,8,13,114918.36025532053,0.05599361677491843,0.054404381553812886,0.04059402628704293,0.1298170303002546,0.13495480036263596,1.0114662652569157,0.0010114662652569158,0.0004946340274597918,0.1978536109839167,1.3957072219678335,1.0,0.7914143800735474,0.791414443935667,6.386211959252819e-08,False,1.0241047143936157,0.8895260527045061,4.179265022277832,20,0.08191726676055364,0.1804230170590537,0.10729553124734334,-0.11272644677332472,-0.085127164210592,0.5759867983204978,0.2522309975964683,1.0179242518378595,1.0261253529989354,1.0004892614601024,1.0303362573099413,1.0399002493765588,1.1047619047619048,0.9850693210095981
pretrained,8,14,113360.54083687456,-0.012852312088734608,-0.0135558792779924,-0.017010957563320737,0.11785883110861584,0.10105516743363947,0.2054252177476883,0.0002054252177476883,0.0005075562771941934,0.2030225108776774,1.4060450217553548,1.0,0.8120900988578796,0.8120900435107097,5.534716995825306e-08,False,0.9991521835327148,0.8678525597796864,4.112421989440918,21,0.062080215130533495,0.24862408212253026,0.05035004339047841,-0.11039478012493681,-0.09262773075274058,0.5575572954756873,0.28441087475844795,1.0393135068908235,1.0489629372043836,1.0256175982612805,1.038666193685704,0.984583761562179,0.9562807881773397,0.9945867917719236
pretrained,8,15,110983.9458793991,-0.0196296652473531,-0.02096492253768767,-0.022187953117031423,0.09896878140677057,0.06595806830372306,0.8607156707772186,0.0008607156707772186,0.0005022054365170854,0.20088217460683416,1.4017643492136682,0.9999999999999999,0.8035286068916321,0.8035286984273364,9.153570434961011e-08,False,0.9624236822128296,0.8359505888760815,3.9584603309631348,22,-0.09821607944156444,0.29175414863441673,0.028959605576736575,-0.10266609516526973,0.02907475616250718,0.3088861924729177,0.5422074717602559,0.9342222757517478,0.9192601541484278,0.933144921461059,0.9316939890710383,0.9439805149617257,0.9175788795878945,1.0359216255442671
pretrained,8,16,117044.72644218794,0.05637924932170879,0.054609524961157785,0.04335099628541883,0.14562575316545212,0.06611950946525444,1.1840653153402465,0.0011840653153402465,0.0004926132124715618,0.19704528498862472,1.3940905699772494,1.0,0.7881811261177063,0.7881811399544989,1.3836792600585568e-08,False,0.9430006742477417,0.8190799785136803,4.067477703094482,23,0.014051046355494423,0.3827764672626342,-0.09954106235610588,-0.09750422263251884,0.4126560968746032,0.01171797247869627,0.3758437020171966,1.068930144367124,1.074208932789611,1.0719290343572334,1.0821114369501466,1.0269074824917066,1.0224561403508772,1.0819614711033276
pretrained,8,17,119695.87330184365,0.02437788052377976,0.022650716014661176,0.015858534409895153,0.1645493095002154,0.061300438497362525,1.1917273686932666,0.0011917273686932665,0.0004957575271172184,0.19830301084688737,1.3966060216937746,0.9999999999999998,0.7932120561599731,0.7932120433875491,1.277242400732348e-08,False,1.0039417743682861,0.8720127455206125,4.224379062652588,24,-0.11038460795368471,0.24210344787154878,-0.08791840289320266,0.034798128264290934,0.08190108622823442,0.312747811632497,0.5267525368503161,1.0131281613727836,1.0211309798074761,1.0099364281396368,1.0027100271002711,1.007896625987078,1.037748798901853,1.0171576561994171
pretrained,8,18,125329.11487834697,0.04821679635792031,0.04706295564841789,0.035080404036545124,0.20210080397466423,0.0494218087580741,0.6014231187956673,0.0006014231187956673,0.0004999484999903611,0.19997939999614445,1.3999587999922887,0.9999999999999998,0.7999175190925598,0.7999175999845773,8.089201752881081e-08,False,0.8799651861190796,0.7643280491969685,3.3036341667175293,25,-0.10212680591004236,0.5320470865283693,-0.09785259408610208,0.016496195590921803,0.027044887787529392,0.09512857454163687,0.5292626555476869,0.9819083802034764,0.9740025585719445,0.9828400247399243,0.9851351351351353,0.9754273504273504,1.0244708994708993,1.1078930617441118
pretrained,8,19,123761.2641154528,-0.011447091299529477,-0.012509868632009757,-0.013514390303360956,0.19199273928946525,0.06812651236323951,0.5842406542173454,0.0005842406542173454,0.0004914215792502676,0.19656863170010702,1.3931372634002142,1.0,0.7862745523452759,0.7862745268004283,2.554484757055775e-08,False,0.9300508499145508,0.8078319040146378,3.5689268112182617,26,0.029200259063925066,0.5757079156381744,-0.10282253899744578,-0.09374609270266124,0.1441773208124297,0.03499169221946172,0.4124914439661162,1.0171811676906573,1.0045787328777878,1.0194502657857352,1.0099451303155005,1.0087623220153341,1.013557133634603,0.9675380637747775
pretrained,8,20,125379.93491594147,0.013901220967542427,0.013078977594949803,0.007480601520462898,0.20242421511031206,0.059017486007678095,0.3127657856260028,0.00031276578562600284,0.0004985331291598934,0.19941325166395735,1.3988265033279144,0.9999999999999998,0.797653079032898,0.7976530066558287,7.237706922680331e-08,False,0.8151925802230835,0.7080672785587183,2.967425584793091,27,0.019228154527289515,0.5656312757304736,-0.09770771328892028,-0.10170553837503707,0.018907600747687464,0.03188670958791459,0.563759511070592,1.0204317810759416,1.036630597940096,1.0048074160114426,1.0196943972835313,1.0007238508867176,1.024203821656051,0.9902019002375297
pretrained,8,21,126903.61863443778,0.01290590807276959,0.012152532377033287,0.006482281119196104,0.21200040569321443,0.06187818927412546,0.2400810287467071,0.0002400810287467071,0.0005039722938090563,0.2015889175236225,1.403177835047245,1.0,0.8063557147979736,0.80635567009449,4.470348358154297e-08,False,0.8158915042877197,0.7086743562878001,2.9785778522491455,28,0.018181275576353073,0.5654286202043295,0.017450077459216118,-0.10267237015068531,-0.0989165473729372,0.03565649501979351,0.5648724492639303,1.034047030048888,1.0449943420211207,1.037165241936394,0.9783549783549785,0.9924050632911392,0.9950248756218906,0.9706146926536732
pretrained,8,22,131575.0214377884,0.03760339840033877,0.036810635138838865,0.025136787448049744,0.23997732314805498,0.05680260013581602,0.25533220704112736,0.00025533220704112734,0.0005089928382741554,0.20359713530966217,1.4071942706193243,0.9999999999999999,0.8143884539604187,0.8143885412386487,8.727822997656176e-08,False,0.8125283122062683,0.7057531247626899,2.9676241874694824,29,-0.0989509557506868,0.5651241506316832,0.02038331356431755,-0.10464617955897537,0.020084567634122696,0.027400901807206002,0.5706042016723326,1.028589803182445,1.0354429604664128,1.0173620255284004,1.0408441116405716,1.0557580174927113,1.08125,1.0367624343527957
pretrained,8,23,138626.90934043826,0.0545600078875037,0.053595947206317884,0.035688368976988384,0.2786393314560507,0.05947278662014654,0.4102326538413763,0.0004102326538413763,0.0005043683234336121,0.20174732937344486,1.4034946587468897,0.9999999999999999,0.8069892525672913,0.8069893174937794,6.492648818579028e-08,False,0.8666493892669678,0.7527620950069348,3.306785821914673,30,0.01069346376295599,0.5289800048672727,0.011824187157409516,-0.10215105555419413,-0.09959627381925074,0.12037768520947012,0.5298719883763364,1.0293303784225487,1.0479104071466634,1.0217829114307377,0.9565075212557227,0.9206075250258889,1.0710982658959536,1.0146007151370682
pretrained,8,24,137852.99471662918,-0.004675431953509834,-0.005582715704268604,-0.0068830939315423015,0.27458957126350314,0.0566666747798951,0.4112840201705694,0.0004112840201705694,0.0005006773104625089,0.20027092418500358,1.4005418483700072,0.9999999999999999,0.8010836839675903,0.8010836967400143,1.277242400732348e-08,False,0.8281872272491455,0.7193542855541167,3.017331838607788,31,0.019606175167219964,0.570145132286208,-0.10138053234134403,-0.09889039184365955,0.03235312764133724,0.027940394622938958,0.5502260944672993,0.8883429458072976,0.9111819056684046,0.8713745250537601,0.9620512820512821,0.9591301087364079,1.0766324878575284,1.0555066079295152
pretrained,9,1,100194.80606054593,0.0035949486380590923,0.0019480606054593785,-0.0017907527606732553,0.0019442730437365663,0.07470051608819643,1.1622767097183637,0.0011622767097183638,0.0004800599494150708,0.1920239797660283,1.3840479595320565,0.9999999999999999,0.7680960893630981,0.768095919064113,1.7029898513598596e-07,False,1.0176918506622314,0.8839559100410308,4.146841526031494,9,0.2574576017047677,0.5669764455940043,-0.09035977455122132,-0.10166420521480699,0.13986894754426818,0.042445248791149665,0.18527573613183837,1.0109963000452014,1.0079791009476824,1.0086329152204732,0.9663496708119972,0.9583333333333334,0.9815986198964922,1.0011219147344803
pretrained,9,2,102619.6103467604,0.02529914657756116,0.024200898046044417,0.020519638940060463,0.02552738543742772,0.0612694690726138,0.5848166570067406,0.0005848166570067406,0.0004869068001530001,0.19476272006120005,1.3895254401224,1.0,0.7790509462356567,0.7790508802448,6.599085677905236e-08,False,0.9129105806350708,0.7929440552818098,3.431300401687622,10,0.059584957414439726,0.5529708907540356,-0.09442442948264737,-0.10033829057855267,0.08347417866545062,0.022374543228319693,0.47635814999895437,1.0132439300667035,1.0452709779845217,1.0043046145479644,1.0034065102195306,1.0245901639344261,0.9660222612770942,0.9977586850952559
pretrained,9,3,103428.15285912163,0.008819457285422105,0.007879025360056469,0.004549999451995735,0.03314525846546912,0.061357471520913295,0.44110250047275,0.00044110250047275,0.0004915426139320646,0.19661704557282583,1.3932340911456518,1.0,0.7864680290222168,0.7864681822913036,1.5326908675561413e-07,False,0.8603296279907227,0.7472728201084966,3.148766279220581,11,0.04968946373888425,0.5220680678529399,0.021198596273149767,-0.10321181320718356,-0.09340523236564227,0.03781329787203244,0.5658476198358195,1.004842437168933,1.0091613275630966,0.9940845942149397,0.9411542814032442,0.9356521739130435,0.9241964827167981,0.9906402096593037
pretrained,9,4,105053.0729435631,0.01661151712284581,0.01571061688256914,0.01222493004127965,0.048100191664814274,0.0546000631613101,0.3843002941991601,0.0003843002941991601,0.0005022720500294652,0.20090882001178606,1.401817640023572,1.0,0.80363529920578,0.803635280047144,1.915863601098522e-08,False,0.8930338621139526,0.7756793569376783,3.3551089763641357,12,0.033058992187891684,0.4839003110038383,0.020546760942254744,-0.1020220345152276,0.097406464229737,-0.09888678549655847,0.5659962916480643,1.0360215483535529,1.021502497143988,1.0471245506781481,1.0400801603206413,1.0360594795539033,0.9770341207349081,1.0041572184429328
pretrained,9,5,106373.26885077398,0.013634924350582445,0.01256694231038935,0.008980772670687833,0.059914195733843045,0.05666462796681878,0.5609320194593498,0.0005609320194593498,0.0004932394889848574,0.19729579559394295,1.394591591187886,0.9999999999999999,0.7891831398010254,0.7891831823757718,4.257474639501879e-08,False,0.9446011781692505,0.8204701585564319,3.64076828956604,13,0.04079564501132282,0.3961145265826157,0.03724750344242367,-0.10282421271715847,-0.09447158287678448,0.1456107183226517,0.5775274022349289,1.030263218631604,1.0570596953253422,1.0216260752256048,0.9703275529865124,0.9601722282023681,0.9194089993284082,0.9894617990214528
pretrained,9,6,104796.34893816464,-0.01384675010460057,-0.014824400243086733,-0.016928243884682774,0.04576828283392509,0.05564661969529639,0.5087057458502905,0.0005087057458502905,0.00048316348876271937,0.19326539550508776,1.3865307910101754,1.0,0.7730615139007568,0.7730615820203508,6.811959396557654e-08,False,0.8742356896400452,0.759351471787111,3.191279411315918,14,0.031844067254236746,0.4963687535907541,-0.09468675883752961,-0.09857863666755814,0.05538148699062209,0.03334240508931022,0.5763286825801646,1.0042943009181393,0.992207955075134,1.0190061088156275,1.0559968228752978,1.046711509715994,0.9831994156318481,0.99163179916318
pretrained,9,7,102328.34428926265,-0.022603393403772154,-0.02355048314095598,-0.02606962026169318,0.022753659364221357,0.06109993583978895,0.48202352917620134,0.00048202352917620133,0.0004874384975326913,0.19497539901307653,1.389950798026153,0.9999999999999998,0.7799014449119568,0.7799015960523059,1.5114034912500074e-07,False,0.9265514612197876,0.8047923736142972,3.5739598274230957,15,0.029109496357185488,0.42115380215857706,0.02699741135750497,-0.10126004767205035,-0.09371535134102618,0.15266999948237622,0.5650446896574326,0.9305966410201849,0.9079768850724007,0.9492578825091647,0.9386987589319293,0.9339521599428774,0.9034175334323922,1.038741848868431
pretrained,9,8,102103.18014577766,-0.0009017112361090485,-0.0022004083526309115,-0.004800066935133112,0.020598576290913218,0.052899677236499444,0.8042938725224561,0.0008042938725224561,0.0004964209135089602,0.19856836540358408,1.397136730807168,1.0,0.7942735552787781,0.7942734616143361,9.36644419802235e-08,False,0.9472400546073914,0.8227622575074501,4.016096115112305,16,0.01994220965674945,0.3814306748764855,-0.0971696185214179,-0.10139874688216619,0.30843158492020195,0.014320947762046538,0.47444294818810057,1.0178593449224487,1.0033726303860246,1.0168301139748919,0.9911858974358975,0.9889143730886851,1.0394736842105263,1.002215657311669
pretrained,9,9,98215.10417714546,-0.037022749339684524,-0.03807987139167468,-0.04165116313447535,-0.0181733332954086,0.0575850709630707,0.6043964539255415,0.0006043964539255416,0.0004939708353153298,0.19758833412613191,1.3951766682522637,1.0,0.7903534770011902,0.7903533365045274,1.4049666274829065e-07,False,0.9604981541633606,0.8342780964628128,3.6985867023468018,17,0.041945314833096076,0.5723848481263434,-0.09703490244490762,-0.1005534316812243,0.08013751996415,0.10258186502116065,0.4005387861813818,0.9005749972130336,0.8982312353523753,0.906226913619528,0.9240097008892482,0.9984538074990336,0.9446202531645569,1.0361090641120116
pretrained,9,10,103205.82768297492,0.05200303037684306,0.050814215874861235,0.045318191633566735,0.031062467643033775,0.07835218609751278,0.6350745345864979,0.0006350745345864979,0.0004956130044800895,0.1982452017920358,1.3964904035840715,0.9999999999999999,0.7929807305335999,0.792980807168143,7.663454315576246e-08,False,1.0589065551757812,0.9197545475280462,4.650834083557129,18,0.16136585708175386,0.5108833217195101,-0.0949971548148564,-0.1032480469771794,0.2762164973786899,0.07437354113374436,0.1754059844783374,1.0878451084988776,1.105887779215494,1.080196082028685,1.0822397200349958,1.0007742934572201,0.9865996649916248,1.0035561877667143
pretrained,9,11,111548.48086493136,0.08300575160032508,0.08083509787434862,0.06904875660775554,0.10352880447484403,0.06835160448109412,1.5121927170881202,0.0015121927170881203,0.0004941049776971341,0.1976419910788536,1.3952839821577072,1.0,0.7905678749084473,0.7905679643154144,8.940696716308594e-08,False,0.9486181139945984,0.823959224682648,3.8773868083953857,19,-0.10056282207369804,0.2653786428272724,0.018944738432765007,-0.09707916900515556,0.02755349688231945,0.34612487629055977,0.539640236645937,1.0297288920628345,1.0344408881821956,1.0366536879752946,1.1059013742926436,1.085880077369439,1.2478777589134125,0.9968107725017719
pretrained,9,12,117597.40726139408,0.055811900404540316,0.054226882782806074,0.038647265838865755,0.1496411160007871,0.1493009137415465,1.0082407226519925,0.0010082407226519926,0.0004941183168973242,0.19764732675892968,1.3952946535178594,1.0,0.7905892133712769,0.7905893070357188,9.36644419802235e-08,False,1.0243122577667236,0.8897063225878988,4.178329944610596,20,0.0818178238613265,0.174386094723429,0.1107818814260619,-0.11267074623278212,-0.08497658052614757,0.5760274486882346,0.2546340780598777,1.0179242518378595,1.0261253529989354,1.0004892614601024,1.0303362573099413,1.0399002493765588,1.1047619047619048,0.9850693210095981
pretrained,9,13,115958.78471776363,-0.0132337604657361,-0.013934172374975407,-0.01653363964744784,0.13762462892834115,0.09034305150003767,0.20302169237818046,0.00020302169237818046,0.000507035641265767,0.2028142565063068,1.4056285130126134,0.9999999999999999,0.8112570643424988,0.8112570260252268,3.831727202197044e-08,False,1.000863790512085,0.8693392427123415,4.116199016571045,21,0.0632252703819956,0.2397907610450472,0.05296637969357626,-0.11042058361428125,-0.09239367289202555,0.5583417500768388,0.2884900953088488,1.0393135068908235,1.0489629372043836,1.0256175982612805,1.038666193685704,0.984583761562179,0.9562807881773397,0.9945867917719236
pretrained,9,14,113540.77582044515,-0.019519459791232596,-0.020852313200795947,-0.021343073102797278,0.11925914476627064,0.059551778814535314,0.8584897379790033,0.0008584897379790034,0.0005018229955541237,0.20072919822164947,1.401458396443299,0.9999999999999999,0.8029167652130127,0.8029167928865979,2.7673585201171136e-08,False,0.964384138584137,0.8376534196442232,3.9634287357330322,22,-0.09827475968216148,0.284018785027521,0.030079009277479973,-0.10245443853948799,0.0303464571812323,0.31348428156759056,0.5428006651678255,0.9342222757517478,0.9192601541484278,0.933144921461059,0.9316939890710383,0.9439805149617257,0.9175788795878945,1.0359216255442671
pretrained,9,15,119698.46809547453,0.056023116617514246,0.05423331160575495,0.04225054150876602,0.16456742019256698,0.06115467835060638,1.2041530273854733,0.0012041530273854734,0.0004921388705926283,0.19685554823705131,1.3937110964741026,0.9999999999999999,0.7874221205711365,0.7874221929482053,7.23770687827141e-08,False,0.9432428479194641,0.819290327892263,4.064663410186768,23,0.014269884941833344,0.37925242845501217,-0.09962805892739979,-0.09722748930965153,0.41941773359264645,0.011873595682638016,0.3720419055649212,1.068930144367124,1.074208932789611,1.0719290343572334,1.0821114369501466,1.0269074824917066,1.0224561403508772,1.0819614711033276
pretrained,9,16,122404.51473086336,0.024348887065881897,0.022607195216821196,0.015060449557311676,0.18303666968596077,0.06817599872164232,1.205604912447078,0.001205604912447078,0.0004961338639259339,0.19845354557037354,1.396907091140747,1.0,0.7938141226768494,0.7938141822814941,5.960464477539063e-08,False,1.0065301656723022,0.8742609936412935,4.242856979370117,24,-0.1109103411436081,0.23481395095586777,-0.08754320442676544,0.03600747883319855,0.08623398095369339,0.3155723437666893,0.5258257910609245,1.0131281613727836,1.0211309798074761,1.0099364281396368,1.0027100271002711,1.007896625987078,1.037748798901853,1.0171576561994171
pretrained,9,17,128154.10247708617,0.0481372179348416,0.04697202353086971,0.03414664748185083,0.219689435865856,0.05012237396088759,0.6123372071555683,0.0006123372071555683,0.0004999623341219767,0.19998493364879066,1.3999698672975813,0.9999999999999999,0.799939751625061,0.7999397345951627,1.7029898380371833e-08,False,0.8828592896461487,0.7668418355806942,3.319575786590576,25,-0.10234973739300457,0.5302724226244858,-0.0976351962557861,0.016739627612488595,0.028117666287081566,0.09687989790524754,0.527975319219487,0.9819083802034764,0.9740025585719445,0.9828400247399243,0.9851351351351353,0.9754273504273504,1.0244708994708993,1.1078930617441118
pretrained,9,18,126582.79833242294,-0.011183901828432541,-0.012261052235484793,-0.012735513167106775,0.2100032443793275,0.060986433611565596,0.599102646112442,0.000599102646112442,0.0004908245136695249,0.19632980546780998,1.39265961093562,0.9999999999999999,0.7853192090988159,0.7853192218712399,1.277242400732348e-08,False,0.9324707984924316,0.8099338446423644,3.5903773307800293,26,0.02892247055258068,0.5753999336489609,-0.10288122455988613,-0.09344858090792385,0.15126927037324223,0.034697404397385445,0.4060407264956406,1.0171811676906573,1.0045787328777878,1.0194502657857352,1.0099451303155005,1.0087623220153341,1.013557133634603,0.9675380637747775
pretrained,9,19,128236.48766383292,0.013898870778407124,0.013064092066183974,0.007269538637404184,0.22019074428998553,0.05835922546507708,0.3257281599300248,0.0003257281599300248,0.0004979462482567344,0.19917849930269377,1.3983569986053876,1.0,0.7967140078544617,0.7967139972107753,1.0643686376710093e-08,False,0.8153564929962158,0.7082096513844879,2.9673984050750732,27,0.019146097291793146,0.5654442919684308,-0.09757195280066558,-0.10160654650202819,0.019028212342943468,0.03196436299809388,0.5635955347014325,1.0204317810759416,1.036630597940096,1.0048074160114426,1.0196943972835313,1.0007238508867176,1.024203821656051,0.9902019002375297
pretrained,9,20,129794.64391806033,0.012904107534152498,0.012150646688889877,0.006185876067485665,0.22955218350049755,0.06351126286052716,0.24020940384694509,0.00024020940384694508,0.0005039293691515922,0.2015717476606369,1.4031434953212738,1.0,0.8062870502471924,0.8062869906425476,5.960464477539063e-08,False,0.8160781860351562,0.7088365059933676,2.9793381690979004,28,0.0181459691375494,0.5653331317007542,0.017478233203291893,-0.10274281725287437,-0.09882893040776253,0.03583280369639397,0.5647816099226475,1.034047030048888,1.0449943420211207,1.037165241936394,0.9783549783549785,0.9924050632911392,0.9950248756218906,0.9706146926536732
pretrained,9,21,134573.15263411522,0.03760870039328923,0.0368159160640833,0.02433537996368365,0.25690973241976867,0.06044337911174921,0.25547937197344645,0.00025547937197344643,0.0005088620859065226,0.20354483436260906,1.407089668725218,0.9999999999999998,0.8141791820526123,0.8141793374504358,1.553978234980491e-07,False,0.8128566145896912,0.7060382845897224,2.9686264991760254,29,-0.09899774646120413,0.5649099155728305,0.020430457911321087,-0.10454708790140493,0.020207003823348446,0.02746432008487837,0.5705331369702304,1.028589803182445,1.0354429604664128,1.0173620255284004,1.0408441116405716,1.0557580174927113,1.08125,1.0367624343527957
pretrained,9,22,141792.40343617136,0.05461277597692149,0.053645550102287,0.03461339146264391,0.29474359996291655,0.0644095216100794,0.413358777495367,0.000413358777495367,0.0005042004518743072,0.20168018074972288,1.4033603614994459,1.0,0.8067207932472229,0.8067207229988917,7.024833115210072e-08,False,0.8676539659500122,0.7536346592271246,3.314342737197876,30,0.010624826353575506,0.5278056947780507,0.01184479187109641,-0.10216725484601089,-0.099512925903712,0.12214130296238832,0.529263564784612,1.0293303784225487,1.0479104071466634,1.0217829114307377,0.9565075212557227,0.9206075250258889,1.0710982658959536,1.0146007151370682
pretrained,9,23,140996.6283617961,-0.0047012300725987055,-0.005612254641931491,-0.0067597717013731535,0.2907631823407799,0.0555870815847304,0.41497969813644886,0.0004149796981364489,0.0005007672057087933,0.20030688228351728,1.4006137645670347,1.0,0.8012273907661438,0.8012275291340694,1.3836792556176647e-07,False,0.8289178609848022,0.7199889059534929,3.0204808712005615,31,0.019565304209079065,0.570015714902963,-0.10146524624100753,-0.09884163604250976,0.03300469874271325,0.027961492006267824,0.5497596724224942,0.8883429458072976,0.9111819056684046,0.8713745250537601,0.9620512820512821,0.9591301087364079,1.0766324878575284,1.0555066079295152
pretrained,9,24,131661.639616737,-0.06546021717987305,-0.06620717710430346,-0.053374105292364075,0.24047733044266395,0.06176506788496225,0.31944473034569176,0.00031944473034569175,0.0004801558995885509,0.19206235983542036,1.3841247196708406,0.9999999999999999,0.7682492733001709,0.7682494393416812,1.660415103188484e-07,False,0.9566315412521362,0.8309195991608116,3.629544973373413,32,0.0801107452384063,0.5830275208822318,-0.09570699770535743,-0.09635536213006293,0.09472508143101419,0.04416170503411973,0.39003730724964825,0.8748807130139254,0.8987705690454519,0.8625624855383022,0.9506041222459132,0.9378420641125881,0.8997493734335839,0.9897050639955481
pretrained,10,1,102474.89068866195,0.02662293448617392,0.02474890688661957,0.021352000603978454,0.024151191301888253,0.05598381395819597,1.352483059678759,0.001352483059678759,0.0004746143812579769,0.18984575250319075,1.3796915050063814,0.9999999999999999,0.759382963180542,0.7593830100127628,4.6832220768067145e-08,False,0.969541072845459,0.8421326758306832,3.8516814708709717,10,0.048103017466408854,0.5398334243467875,-0.09315116171325957,-0.09669459078993117,0.17883966650281632,0.036929776625973826,0.3861398675612041,1.0132439300667035,1.0452709779845217,1.0043046145479644,1.0034065102195306,1.0245901639344261,0.9660222612770942,0.9977586850952559
pretrained,10,2,102090.73589544445,-0.002793109003741856,-0.003748769973169641,-0.006247724319766829,0.02047919311293489,0.051514522616269334,0.4755107350647448,0.0004755107350647448,0.00048328647523054056,0.19331459009221624,1.3866291801844324,0.9999999999999998,0.7732583284378052,0.7732583603688648,3.193105957421949e-08,False,0.906223475933075,0.7871357099378377,3.3870792388916016,11,0.04303911301706517,0.4664766748568841,-0.08942889821316516,-0.10388569187905108,0.026696053998810892,0.09104137468550885,0.566061373533947,1.004842437168933,1.0091613275630966,0.9940845942149397,0.9411542814032442,0.9356521739130435,0.9241964827167981,0.9906402096593037
pretrained,10,3,102978.24596332603,0.009535354435159515,0.008693345778117534,0.0063393064818777125,0.028921117615332892,0.04205236041040578,0.3431338439030306,0.0003431338439030306,0.0004912698149148907,0.1965079259659563,1.3930158519319125,0.9999999999999999,0.7860317826271057,0.7860317038638249,7.876328078637584e-08,False,0.9416484832763672,0.8179054803589857,3.711998462677002,12,0.031242389764104567,0.38352361933461254,-0.09775931521185807,-0.09874861075409821,0.19312589482537337,0.025183739672814093,0.5634322823690516,1.0360215483535529,1.021502497143988,1.0471245506781481,1.0400801603206413,1.0360594795539033,0.9770341207349081,1.0041572184429328
pretrained,10,4,102189.96513421806,-0.00631573512370609,-0.007654828665354274,-0.010717426141204616,0.021430334488730995,0.06453286029205438,0.8593039124139719,0.0008593039124139719,0.0004892095790377686,0.19568383161510744,1.3913676632302148,0.9999999999999999,0.782735288143158,0.7827353264604295,3.831727157788123e-08,False,0.9757880568504333,0.8475587371944797,3.8877573013305664,13,0.04050773275750022,0.24393277881400924,0.04717589435832839,-0.10437595578176637,-0.09130787583334107,0.2870485138680253,0.5770189118172442,1.030263218631604,1.0570596953253422,1.0216260752256048,0.9703275529865124,0.9601722282023681,0.9194089993284082,0.9894617990214528
pretrained,10,5,100914.44077185694,-0.01125339685621285,-0.012481894486271905,-0.014818229952581911,0.009061545254204662,0.04898881436111153,0.7602059585707528,0.0007602059585707528,0.0004830463070954595,0.1932185228381838,1.3864370456763677,1.0,0.772874116897583,0.7728740913527354,2.554484757055775e-08,False,0.935355007648468,0.8124390368846072,3.5256285667419434,14,0.037052969847406664,0.41957722178527285,-0.09528423526457377,-0.09793428757361003,0.10460296592542104,0.05286042711564473,0.5791249381644386,1.0042943009181393,0.992207955075134,1.0190061088156275,1.0559968228752978,1.046711509715994,0.9831994156318481,0.99163179916318
pretrained,10,6,98468.99293364961,-0.023095920188309416,-0.02423288301954618,-0.027537467617802465,-0.015548113378005324,0.05855617971184961,0.6842197946139744,0.0006842197946139745,0.0004803008493036031,0.19212033972144127,1.3842406794428825,1.0,0.7684813141822815,0.7684813588857651,4.470348358154297e-08,False,0.9586082696914673,0.832636563667657,3.8400349617004395,15,0.02899894118309021,0.30046640895307064,0.03255047835409641,-0.10127978213131428,-0.09084055759012699,0.26713561080396175,0.5629689004272223,0.9305966410201849,0.9079768850724007,0.9492578825091647,0.9386987589319293,0.9339521599428774,0.9034175334323922,1.038741848868431
pretrained,10,7,98157.58032567147,-0.0017217882905015136,-0.003162544865143224,-0.00577401354903842,-0.018770019271213467,0.051042153116605544,0.9536351476396834,0.0009536351476396835,0.0004906488595796483,0.19625954383185934,1.3925190876637186,1.0,0.7850381135940552,0.7850381753274371,6.17333819619148e-08,False,0.9587478637695312,0.8327578135432762,4.042681694030762,16,0.02441911372755254,0.28938972550843445,-0.0967946837523154,-0.09946486007954394,0.38416209417794434,0.020750177758080607,0.47753843265984736,1.0178593449224487,1.0033726303860246,1.0168301139748919,0.9911858974358975,0.9889143730886851,1.0394736842105263,1.002215657311669
pretrained,10,8,93797.17116678467,-0.04312003067347847,-0.04442254122829481,-0.05114992494172573,-0.06613023352469583,0.07579421376486743,0.8754545567291123,0.0008754545567291124,0.00048667851569397113,0.19467140627758844,1.3893428125551768,0.9999999999999999,0.7786856293678284,0.7786856251103536,4.257474817137563e-09,False,1.0070338249206543,0.8746984665059312,4.082514762878418,17,0.03890578874519893,0.56229275145701,-0.09613269141742162,-0.09853871486016683,0.11825867422989436,0.16949961760214396,0.30571457424334114,0.9005749972130336,0.8982312353523753,0.906226913619528,0.9240097008892482,0.9984538074990336,0.9446202531645569,1.0361090641120116
pretrained,10,9,97821.22038307536,0.044098961384407165,0.04290160530678855,0.040110521067819656,-0.02227307744058371,0.07493270032584917,0.6570970841816492,0.0006570970841816492,0.0004903450661471912,0.1961380264588765,1.392276052917753,0.9999999999999999,0.7845520377159119,0.7845521058355058,6.811959396557654e-08,False,1.0818665027618408,0.9396973046108733,5.0076751708984375,18,0.15369545561926704,0.4447293494428907,-0.09380591767174859,-0.10233210878712792,0.3296907757009778,0.10400836808340888,0.16401407761233192,1.0878451084988776,1.105887779215494,1.080196082028685,1.0822397200349958,1.0007742934572201,0.9865996649916248,1.0035561877667143
pretrained,10,10,108626.26815498843,0.11286497135598905,0.11045709437686102,0.09737839776931523,0.07941235855290951,0.08614076448356002,1.6748079396784306,0.0016748079396784305,0.0004912101623735258,0.19648406494941034,1.3929681298988206,1.0,0.7859362363815308,0.7859362597976411,2.3416110384033573e-08,False,0.9414737820625305,0.8177537368126835,3.701641082763672,19,-0.10614030728382726,0.15497116079287868,-0.09034375766558309,0.025830368378332663,0.04188075741486888,0.44118892481284483,0.5326128535504853,1.0297288920628345,1.0344408881821956,1.0366536879752946,1.1059013742926436,1.085880077369439,1.2478777589134125,0.9968107725017719
pretrained,10,11,114521.3586857627,0.05597748858881002,0.054269474878425594,0.03998352061071735,0.12680044013106873,0.1480912193488372,1.125005385705403,0.001125005385705403,0.0004937758403165001,0.19751033612660004,1.3950206722532,0.9999999999999998,0.790041446685791,0.7900413445063998,1.0217939117040942e-07,False,1.029628038406372,0.8943235509855137,4.215824127197266,20,0.08634738411222184,0.15614461685929978,0.14141268815313066,-0.11444380347217836,-0.08306653265442168,0.5782740243843623,0.2353316226175853,1.0179242518378595,1.0261253529989354,1.0004892614601024,1.0303362573099413,1.0399002493765588,1.1047619047619048,0.9850693210095981
pretrained,10,12,112774.9308016608,-0.014567089959463653,-0.015249800597405994,-0.0190123819223015,0.11327810809414973,0.10980099770765013,0.18925906930650974,0.00018925906930650975,0.0005037837874676501,0.20151351498706002,1.40302702997412,1.0,0.8060540556907654,0.8060540599482402,4.257474817137563e-09,False,1.014116883277893,0.8808507328250262,4.151125431060791,21,0.07251532695123128,0.20121528527566365,0.07809886655637197,-0.11148999312094282,-0.0900235218661172,0.5677473577005523,0.2819366785032409,1.0393135068908235,1.0489629372043836,1.0256175982612805,1.038666193685704,0.984583761562179,0.9562807881773397,0.9945867917719236
pretrained,10,13,110382.87291563147,-0.019935148594187546,-0.021210900942482347,-0.022642518918580653,0.09406235443398336,0.0685353051682857,0.8048195008720671,0.0008048195008720671,0.0004977304195719107,0.19909216782876427,1.3981843356575285,0.9999999999999999,0.7963688373565674,0.7963686713150571,1.660415103188484e-07,False,0.9692936539649963,0.8419177705216759,3.9256420135498047,22,-0.10070543150816647,0.20607565183724674,0.03717883889164242,-0.0983867363205978,0.03896348018731388,0.379478393388646,0.5373958035239151,0.9342222757517478,0.9192601541484278,0.933144921461059,0.9316939890710383,0.9439805149617257,0.9175788795878945,1.0359216255442671
pretrained,10,14,116807.24625575909,0.060376661580190394,0.05820081657992304,0.046697288814751686,0.14388872946253894,0.06258172427607789,1.566215904163463,0.001566215904163463,0.0004878470581024885,0.1951388232409954,1.3902776464819908,1.0,0.7805551886558533,0.7805552929639816,1.043081283569336e-07,False,0.9474378824234009,0.8229340885651699,4.035450458526611,23,0.016437998041510582,0.33597339875996113,-0.10109853558242321,0.01566934585571289,0.4609741736203432,-0.0940402876585722,0.3660839069634676,1.068930144367124,1.074208932789611,1.0719290343572334,1.0821114369501466,1.0269074824917066,1.0224561403508772,1.0819614711033276
pretrained,10,15,119455.66390394546,0.024506796377057993,0.02267340197702672,0.015621881802660798,0.16286932965848988,0.06717436786580278,1.2944604142435958,0.001294460414243596,0.0004966812660651548,0.19867250642606193,1.3973450128521239,0.9999999999999999,0.7946900129318237,0.7946900257042477,1.277242400732348e-08,False,1.0173474550247192,0.8836567717911046,4.320683002471924,24,-0.11506418298397747,0.1646013988980225,-0.08360832344208446,0.04855236623968395,0.11661814738597187,0.35982417900647434,0.5090764148959092,1.0131281613727836,1.0211309798074761,1.0099364281396368,1.0027100271002711,1.007896625987078,1.037748798901853,1.0171576561994171
pretrained,10,16,124926.2101889282,0.047055460078738065,0.04579562078681865,0.034031771069925956,0.19952746626373952,0.05252731070647362,0.7101810893842152,0.0007101810893842152,0.0004937645287386009,0.1975058114954404,1.3950116229908809,1.0,0.7900232076644897,0.7900232459817618,3.831727202197044e-08,False,0.9138140678405762,0.7937288142974521,3.5147292613983154,25,-0.10329912336809297,0.5079268839742457,-0.09420668812734742,0.01868434516446929,0.03650450600045066,0.12582637635724883,0.508563699999026,0.9819083802034764,0.9740025585719445,0.9828400247399243,0.9851351351351353,0.9754273504273504,1.0244708994708993,1.1078930617441118
pretrained,10,17,123604.2688552465,-0.009587730629425528,-0.010581777288228844,-0.0115321669740255,0.19096645345549967,0.05942308331571316,0.5183770060539247,0.0005183770060539247,0.00048579657982502673,0.1943186319300107,1.3886372638600213,0.9999999999999999,0.777274489402771,0.7772745277200426,3.831727157788123e-08,False,0.9528207778930664,0.8276096121634454,3.7571475505828857,26,-0.09044486763221879,0.5733458947922503,-0.10387376429779191,0.02873559934752326,0.20736848829048019,0.038074764290026236,0.34679388520973065,1.0171811676906573,1.0045787328777878,1.0194502657857352,1.0099451303155005,1.0087623220153341,1.013557133634603,0.9675380637747775
pretrained,10,18,125178.7929900115,0.013902326385770936,0.012738428448688444,0.0075377130238934165,0.20114264076679989,0.052769485748135884,0.6608832643500397,0.0006608832643500397,0.00048771503780569353,0.1950860151222774,1.3901720302445546,0.9999999999999998,0.7803440690040588,0.7803440604891092,8.514949634275126e-09,False,0.8195872902870178,0.711884475219381,2.9739723205566406,27,0.018052510118910237,0.5609534393463815,-0.095584331878594,-0.09950168324368341,0.019190750217863484,0.03644060822469847,0.5604487072144235,1.0204317810759416,1.036630597940096,1.0048074160114426,1.0196943972835313,1.0007238508867176,1.024203821656051,0.9902019002375297
pretrained,10,19,126679.50840253064,0.012739716704998738,0.011988575514056077,0.006441291820437588,0.2106063461957488,0.06044827217022667,0.24138025726590864,0.00024138025726590866,0.000500587174402816,0.20023486976112642,1.400469739522253,1.0,0.8009394407272339,0.8009394790445059,3.831727202197044e-08,False,0.8194328546524048,0.7117503341315377,2.9909610748291016,28,0.017286318221262503,0.5623070549752032,0.017375572451523352,-0.10217223795396943,-0.09806263180715699,0.03996776310460906,0.5632981610085284,1.034047030048888,1.0449943420211207,1.037165241936394,0.9783549783549785,0.9924050632911392,0.9950248756218906,0.9706146926536732
pretrained,10,20,131354.71099872093,0.03770228185814295,0.03690575259681772,0.0253530712091098,0.23870259970368513,0.05486364597653039,0.25989209434815813,0.00025989209434815815,0.0005079920430268559,0.2031968172107424,1.406393634421485,1.0,0.8127872347831726,0.8127872688429698,3.4059797204832876e-08,False,0.8173832893371582,0.7099701043181139,2.9841432571411133,29,-0.09958717652729579,0.561312850032534,0.0212571317596095,-0.10360964068344661,0.020910929356302538,0.029326818351234712,0.5703890877110618,1.028589803182445,1.0354429604664128,1.0173620255284004,1.0408441116405716,1.0557580174927113,1.08125,1.0367624343527957
pretrained,10,21,138481.90415914782,0.055262875009368884,0.05425913624442669,0.03607437243135522,0.2778839906398397,0.06214037009598723,0.4484106318226885,0.0004484106318226885,0.0005032161683110255,0.2012864673244102,1.40257293464882,0.9999999999999998,0.8051458597183228,0.8051458692976401,9.579317339358795e-09,False,0.8776218295097351,0.7622926355078289,3.3983352184295654,30,0.00969733457480157,0.5139656650966831,0.011694703916353827,-0.10194346428449666,-0.09934300303991353,0.14258144676153148,0.52334731697504,1.0293303784225487,1.0479104071466634,1.0217829114307377,0.9565075212557227,0.9206075250258889,1.0710982658959536,1.0146007151370682
pretrained,10,22,138838.16072058358,0.0037451661724783314,0.0025725856645235634,-0.0008092462128427781,0.27973692909074666,0.05324369327499454,0.6699438206851482,0.0006699438206851483,0.0004989444477749722,0.19957777910998892,1.3991555582199775,0.9999999999999998,0.7983109951019287,0.798311116439955,1.2133802629321622e-07,False,0.8341631293296814,0.7245448881500586,3.040619373321533,31,-0.09848346215273654,0.5685537343046494,-0.10109431695725238,0.0192855910531112,0.03718831363533223,0.02857935402010167,0.5459707860967942,0.8883429458072976,0.9111819056684046,0.8713745250537601,0.9620512820512821,0.9591301087364079,1.0766324878575284,1.0555066079295152
pretrained,10,23,129497.03975927379,-0.06629612487473302,-0.06728064469327788,-0.05514057932523637,0.2277815756569168,0.06370451782813052,0.5763686081128461,0.0005763686081128461,0.00047861173482877865,0.19144469393151148,1.3828893878630228,0.9999999999999999,0.7657787799835205,0.7657787757260457,4.257474817137563e-09,False,0.9663408994674683,0.8393530405522931,3.6950137615203857,32,0.078831319298063,0.5826735539095742,-0.0957551257950919,-0.09568956813641957,0.11179723271301814,0.045380946780954085,0.37276164122990196,0.8748807130139254,0.8987705690454519,0.8625624855383022,0.9506041222459132,0.9378420641125881,0.8997493734335839,0.9897050639955481
pretrained,10,24,140722.07708569415,0.08764177140442464,0.08668180637400624,0.05910821245077191,0.2893794486908833,0.049793211663890995,0.38525793169225964,0.00038525793169225965,0.0004977432026394776,0.19909728105579105,1.3981945621115819,0.9999999999999999,0.7963892221450806,0.7963891242231638,9.792191679736106e-08,False,0.9461869597434998,0.8218475509308325,3.6556830406188965,33,0.061946482530661984,0.42929928111178534,-0.09683460635798319,-0.10226267469780786,0.11885794358594076,0.030663677624293728,0.5583298962031091,1.1268440206437376,1.154471978877262,1.1108063488991609,1.0661682242990655,1.0220925385577322,1.1103064066852368,1.0447005903851563
pretrained,11,1,100322.79836126488,0.005255976044219457,0.003227983612648755,0.0002641982818774027,0.0032175972614167936,0.059067979590787814,1.5366349699241775,0.0015366349699241775,0.0004827917832881212,0.1931167133152485,1.386233426630497,1.0,0.7724668383598328,0.772466853260994,1.4901161193847656e-08,False,0.8884778022766113,0.7717220136445215,3.2790777683258057,11,0.03476413153111935,0.4815640803426504,0.029892180114984512,-0.10429096408188343,-0.08882574923336506,0.0744286309927702,0.572467690333724,1.004842437168933,1.0091613275630966,0.9940845942149397,0.9411542814032442,0.9356521739130435,0.9241964827167981,0.9906402096593037
pretrained,11,2,101142.86206489863,0.00925593486635834,0.008174250689067408,0.005954900861933294,0.011299483142619637,0.042539700385391,0.5779606173081058,0.0005779606173081058,0.0004943781319473471,0.19775125277893885,1.3955025055578776,0.9999999999999999,0.79100501537323,0.7910050111157552,4.257474817137563e-09,False,0.949467658996582,0.8246971300956281,3.740419626235962,12,0.03467267059854098,0.3630627659814698,-0.09599154761859349,-0.10175970516034535,0.19710617938211986,0.02992482536605426,0.5729848114507539,1.0360215483535529,1.021502497143988,1.0471245506781481,1.0400801603206413,1.0360594795539033,0.9770341207349081,1.0041572184429328
pretrained,11,3,99774.148465408,-0.012274813461018552,-0.013532478432461081,-0.016648371528945417,-0.0022636277840075714,0.06170521204636413,0.7834178730845451,0.0007834178730845451,0.0004906878780041422,0.1962751512016569,1.3925503024033137,0.9999999999999999,0.7851005792617798,0.7851006048066274,2.554484757055775e-08,False,0.9875945448875427,0.8578137224048263,3.933532476425171,13,-0.09218111581036023,0.25352028065494125,0.06218950131109782,-0.10409403539129666,0.04412784480622836,0.25427228265574997,0.5821652417736394,1.030263218631604,1.0570596953253422,1.0216260752256048,0.9703275529865124,0.9601722282023681,0.9194089993284082,0.9894617990214528
pretrained,11,4,98768.707187057,-0.00914985017102321,-0.01007717223163851,-0.012827282603593749,-0.012466426340997483,0.05248968093207674,0.45166952056544174,0.00045166952056544175,0.00048465396410652577,0.1938615856426103,1.3877231712852205,0.9999999999999998,0.775446355342865,0.775446342570441,1.277242400732348e-08,False,0.9398016929626465,0.8163013786740231,3.5487170219421387,14,-0.0949952213891915,0.4115322844258376,0.04075135822807038,-0.0988663642534188,0.10672293018017495,0.052909293877226954,0.5819457189313002,1.0042943009181393,0.992207955075134,1.0190061088156275,1.0559968228752978,1.046711509715994,0.9831994156318481,0.99163179916318
pretrained,11,5,96496.95466623787,-0.02191675868663079,-0.023000731562849097,-0.026568975683585374,-0.03630213353238365,0.05466536984398408,0.6256589043353283,0.0006256589043353284,0.0004832180682569742,0.1932872273027897,1.3865744546055794,1.0,0.7731488943099976,0.7731489092111588,1.4901161193847656e-08,False,0.961143970489502,0.8348390453963453,3.8274195194244385,15,0.029498688876628876,0.31453209929168224,0.038720251992344856,-0.10155936516821384,-0.09172786213457584,0.24124483577907085,0.5692913513630629,0.9305966410201849,0.9079768850724007,0.9492578825091647,0.9386987589319293,0.9339521599428774,0.9034175334323922,1.038741848868431
pretrained,11,6,96204.00320737304,-0.0016077801042657658,-0.0030358622184305517,-0.005476345716247143,-0.0394577841469288,0.04641390203403992,0.9394794968622072,0.0009394794968622072,0.0004919263294764928,0.19677053179059711,1.393541063581194,0.9999999999999999,0.7870820760726929,0.787082127162388,5.10896951411155e-08,False,0.9514049291610718,0.8263798215804155,3.929436445236206,16,0.024260909429618283,0.25997655572635786,-0.09579846529023989,-0.10097206650035723,0.3774245876286711,0.02154765757066862,0.5135608214352811,1.0178593449224487,1.0033726303860246,1.0168301139748919,0.9911858974358975,0.9889143730886851,1.0394736842105263,1.002215657311669
pretrained,11,7,92401.65867446939,-0.03824400924276783,-0.0395237662273521,-0.045579176737078564,-0.08223165508640418,0.056106115952063655,0.8494898740734373,0.0008494898740734374,0.00048204245311873293,0.1928169812474932,1.3856339624949865,1.0,0.7712679505348206,0.771267924989973,2.554484757055775e-08,False,0.9824610352516174,0.8533548125894673,3.8905222415924072,17,0.03186550310679845,0.5589698659522193,-0.09471780487469264,-0.09809917637280055,0.10210719278880528,0.1357411401612418,0.3641332792384284,0.9005749972130336,0.8982312353523753,0.906226913619528,0.9240097008892482,0.9984538074990336,0.9446202531645569,1.0361090641120116
pretrained,11,8,95995.09839918776,0.04008981887427776,0.03888934220735196,0.037094002846548374,-0.04171985515508503,0.06835594169541542,0.6652827241591046,0.0006652827241591046,0.0004895886885268348,0.19583547541073393,1.3916709508214677,0.9999999999999999,0.7833420038223267,0.7833419016429355,1.0217939117040942e-07,False,1.0925782918930054,0.9490014464328254,5.224853992462158,18,0.14370371188436235,0.41284011091504774,-0.09237347011055266,-0.10346200530018126,0.32056601132665363,0.10105582858834947,0.21766981269632066,1.0878451084988776,1.105887779215494,1.080196082028685,1.0822397200349958,1.0007742934572201,0.9865996649916248,1.0035561877667143
pretrained,11,9,105548.71248329754,0.10180383629568768,0.09952189479906415,0.09060945316252458,0.05257015791808528,0.07361119821291456,1.5800169637160641,0.0015800169637160643,0.0004932267019259078,0.19729068077036316,1.3945813615407263,0.9999999999999999,0.7891626358032227,0.7891627230814526,8.727822997656176e-08,False,0.9442919492721558,0.8202015657491254,3.70120906829834,19,-0.10744247558925835,0.1504963192024401,0.029483678085463372,-0.08984820518110481,0.044047508654849854,0.42845247712518486,0.5448106977024249,1.0297288920628345,1.0344408881821956,1.0366536879752946,1.1059013742926436,1.085880077369439,1.2478777589134125,0.9968107725017719
pretrained,11,10,111660.30583099548,0.059116577292787964,0.05790305920278338,0.04450424088833756,0.1044265976545331,0.14704397696220528,0.6529848394649369,0.0006529848394649369,0.0004934553748794964,0.1973821499517986,1.394764299903597,0.9999999999999999,0.7895285487174988,0.7895285998071939,5.10896951411155e-08,False,1.0269855260849,0.8920282939463603,4.200964450836182,20,-0.0831314687217985,0.15227834986788885,0.1459666948233332,-0.1142506812300001,0.07894646482808249,0.5774698864136423,0.24272075401885168,1.0179242518378595,1.0261253529989354,1.0004892614601024,1.0303362573099413,1.0399002493765588,1.1047619047619048,0.9850693210095981
pretrained,11,11,109916.70219415812,-0.014625851125820377,-0.015615250413843706,-0.018846108699929823,0.09022015759389457,0.0927933727858257,0.5005148031881876,0.0005005148031881877,0.0005040745117834636,0.20162980471338546,1.4032596094267709,1.0,0.8065192103385925,0.8065192188535417,8.514949190185916e-09,False,1.0085936784744263,0.8760533380878919,4.125842571258545,21,0.0625286240662847,0.2081890691603933,0.0762489501919065,-0.1115760143314089,-0.09005379038197656,0.5659304846610342,0.28873267663376667,1.0393135068908235,1.0489629372043836,1.0256175982612805,1.038666193685704,0.984583761562179,0.9562807881773397,0.9945867917719236
pretrained,11,12,107617.71459932989,-0.019620530878523113,-0.020915725717164158,-0.023154979231740036,0.07078495048599864,0.07439544247688222,0.8230236800653594,0.0008230236800653595,0.0004989655954497201,0.19958623817988808,1.3991724763597762,0.9999999999999999,0.7983449697494507,0.7983449527195523,1.7029898380371833e-08,False,0.97206050157547,0.8443210238206678,3.9629292488098145,22,-0.10182246725474087,0.2268473266490868,0.03717277784432682,-0.09776377092514721,0.037565524024622765,0.3578459082969597,0.5401547013648919,0.9342222757517478,0.9192601541484278,0.933144921461059,0.9316939890710383,0.9439805149617257,0.9175788795878945,1.0359216255442671
pretrained,11,13,113297.14412504494,0.054619746326701746,0.05277411387948594,0.04396501237823885,0.11736521893587204,0.052305121432690935,1.2600553067667144,0.0012600553067667144,0.0004915232224656003,0.19660928898624014,1.3932185779724802,1.0,0.7864372134208679,0.7864371559449603,5.747590758886645e-08,False,0.9439947605133057,0.8199434308730208,4.029576301574707,23,0.014827199014169817,0.32603577497814384,-0.10082440104867732,-0.09578488793756282,0.44977617982242785,0.014386595892054682,0.3915835392794439,1.068930144367124,1.074208932789611,1.0719290343572334,1.0821114369501466,1.0269074824917066,1.0224561403508772,1.0819614711033276
pretrained,11,14,115850.59192683268,0.02431935909739713,0.022537618414895988,0.016146809664498094,0.13681925714150334,0.06614457082266402,1.2438501965786728,0.0012438501965786727,0.00049710303278906,0.198841213115624,1.397682426231248,1.0,0.7953649163246155,0.7953648524624959,6.386211959252819e-08,False,1.0141868591308594,0.8809115130786457,4.293013572692871,24,-0.11657849646040369,0.1709360262112958,-0.08226271665522031,0.046968099262033186,0.11435652577451297,0.3475458105759961,0.5190347512917859,1.0131281613727836,1.0211309798074761,1.0099364281396368,1.0027100271002711,1.007896625987078,1.037748798901853,1.0171576561994171
pretrained,11,15,121233.59701502444,0.04773478607544779,0.04646506330836431,0.035621784059506625,0.17514614379042925,0.05410205178838583,0.7182984932192734,0.0007182984932192734,0.0004943106310175998,0.19772425240703995,1.39544850481408,0.9999999999999999,0.790897011756897,0.7908970096281598,2.1287371865241766e-09,False,0.8997601866722107,0.7815217682159619,3.4141042232513428,25,-0.10430809083793846,0.5164835455694369,-0.09341616156910149,0.018222244722502556,0.03449861359383377,0.10815377560045036,0.5203660729208163,0.9819083802034764,0.9740025585719445,0.9828400247399243,0.9851351351351353,0.9754273504273504,1.0244708994708993,1.1078930617441118
pretrained,11,16,119768.00955878063,-0.011177249383677257,-0.012088954648950878,-0.012848244439126345,0.16505250134493332,0.05509203987260825,0.43775732229862896,0.00043775732229862896,0.00048467880114912984,0.19387152045965195,1.387743040919304,1.0,0.7754861116409302,0.7754860818386078,2.9802322387695312e-08,False,0.9381154775619507,0.8148367505863782,3.650817394256592,26,-0.09127121418714523,0.572076328098774,-0.10260030627250671,0.026101816445589066,0.1768680438399315,0.03376069292426109,0.38506463915109634,1.0171811676906573,1.0045787328777878,1.0194502657857352,1.0099451303155005,1.0087623220153341,1.013557133634603,0.9675380637747775
pretrained,11,17,121078.63548404288,0.012045781570565905,0.010943038379702008,0.006333623191165363,0.17409046112698268,0.05408673181767982,0.5987743016864573,0.0005987743016864573,0.0004914376552083662,0.19657506208334652,1.3931501241666928,0.9999999999999998,0.7863003015518188,0.7863002483333856,5.3218433215818095e-08,False,0.8172905445098877,0.7098895471846965,2.9686532020568848,27,-0.09573832606630667,0.5616802676979984,0.018263540363737507,-0.10083673601703985,0.019282617739268704,0.034240539318748875,0.5631080969635929,1.0204317810759416,1.036630597940096,1.0048074160114426,1.0196943972835313,1.0007238508867176,1.024203821656051,0.9902019002375297
pretrained,11,18,122533.43690625497,0.012764827593992,0.012015343717709959,0.006502397139724298,0.18389622845145803,0.06606740369502115,0.23868027914847664,0.00023868027914847664,0.0005016311098422322,0.2006524439368929,1.401304887873786,1.0,0.8026098012924194,0.8026097757475719,2.554484757055775e-08,False,0.8176177740097046,0.7101737751168694,2.98331356048584,28,0.0174721008432763,0.5629022153360503,0.018021726448621073,-0.10222311743668147,-0.09842932650021144,0.03728203049727849,0.5649743708116668,1.034047030048888,1.0449943420211207,1.037165241936394,0.9783549783549785,0.9924050632911392,0.9950248756218906,0.9706146926536732
pretrained,11,19,127048.03483013938,0.03764107962095231,0.03684380392707287,0.025977300993016216,0.21289612913967582,0.06045199390403134,0.2592366758201804,0.0002592366758201804,0.0005094126784907921,0.20376507139631683,1.4075301427926337,0.9999999999999999,0.8150601983070374,0.8150602855852673,8.727822997656176e-08,False,0.8171148300170898,0.7097369235154715,2.984323024749756,29,-0.0998962630650827,0.561306942520397,0.02206260551299366,-0.10386880833123413,0.020901937303798523,0.028273020205753174,0.5712205658533743,1.028589803182445,1.0354429604664128,1.0173620255284004,1.0408441116405716,1.0557580174927113,1.08125,1.0367624343527957
pretrained,11,20,133856.51694464276,0.05456168052441912,0.0535898262700889,0.03723677500499608,0.25293140533937797,0.05597002389412149,0.4183642342686653,0.00041836423426866535,0.0005036324249314411,0.20145296997257645,1.402905939945153,0.9999999999999999,0.805811882019043,0.8058118798903058,2.1287371865241766e-09,False,0.8705939054489136,0.7561882582301291,3.3318285942077637,30,0.010234080521123734,0.5211147072591952,0.012885144246476021,-0.10190985325191704,-0.09954311672065941,0.1253658386745623,0.5318531992712191,1.0293303784225487,1.0479104071466634,1.0217829114307377,0.9565075212557227,0.9206075250258889,1.0710982658959536,1.0146007151370682
pretrained,11,21,134230.28213016246,0.003937471783298285,0.0027922823187926937,-0.0008193607046569082,0.2550116232115903,0.057991571537385225,0.6422001857842716,0.0006422001857842716,0.0004991489036806992,0.1996595614722797,1.3993191229445592,0.9999999999999998,0.7986384034156799,0.7986382458891184,1.575265615727517e-07,False,0.829398512840271,0.7204063948505862,3.0214931964874268,31,-0.09888356817620142,0.5686835880790437,-0.10077599329607828,0.01893915714962141,0.03508380161864416,0.02704453202230589,0.5499084826026643,0.8883429458072976,0.9111819056684046,0.8713745250537601,0.9620512820512821,0.9591301087364079,1.0766324878575284,1.0555066079295152
pretrained,11,22,125495.54186367236,-0.06413086086594244,-0.06507279972800817,-0.05506772452233007,0.2031589448123069,0.06430092246093283,0.5293723525745528,0.0005293723525745528,0.0004776201477008207,0.1910480590803283,1.3820961181606566,0.9999999999999999,0.7641921639442444,0.7641922363213132,7.23770687827141e-08,False,0.9491925835609436,0.8244582026080183,3.586211681365967,32,0.06954638127769741,0.5814510456153325,-0.0952158176473209,-0.09583224143300739,0.09895474676574978,0.04110218052353176,0.3999937048980168,0.8748807130139254,0.8987705690454519,0.8625624855383022,0.9506041222459132,0.9378420641125881,0.8997493734335839,0.9897050639955481
pretrained,11,23,136313.34383619338,0.08713620825622703,0.08620068738595155,0.06089274872659111,0.2663961048437842,0.046888226097723334,0.3640066342694418,0.0003640066342694418,0.000496900784117835,0.19876031364713398,1.3975206272942677,0.9999999999999999,0.7950411438941956,0.7950412545885355,1.1069433991650612e-07,False,0.948406994342804,0.8237758484830567,3.655965805053711,33,0.06502523379666464,0.42001633452517645,-0.09575029356139048,-0.1030100200857435,0.115898140839168,0.032766976526805325,0.5650536279593195,1.1268440206437376,1.154471978877262,1.1108063488991609,1.0661682242990655,1.0220925385577322,1.1103064066852368,1.0447005903851563
pretrained,11,24,140972.1352195391,0.035484569902502816,0.03417707505542644,0.02112378966858216,0.29063995629868467,0.06240123572636657,0.7627816029957364,0.0007627816029957364,0.0005007051357201167,0.2002820542880467,1.4005641085760934,0.9999999999999999,0.8011281490325928,0.8011282171521867,6.811959396557654e-08,False,0.9725497961044312,0.8447460196485743,3.946296453475952,34,-0.11151655497295515,0.28739886997001507,0.036549906113318015,-0.08876549931509156,0.043666592666081,0.26759594199912884,0.5650707435395037,1.0452818452385757,1.0675310126503827,1.0426107204951207,0.982468443197756,0.9755301794453507,1.0065228299046662,1.0306781485468246
pretrained,12,1,101610.48816316995,0.01801776718053838,0.01610488163169954,0.013628066403954628,0.015849625292457703,0.0444311777700615,1.3855166243655341,0.0013855166243655341,0.0004952805968267577,0.1981122387307031,1.396224477461406,0.9999999999999999,0.792448878288269,0.7924489549228122,7.663454315576246e-08,False,0.9565873742103577,0.8308812361557588,3.750886917114258,12,0.042875742273671275,0.3598892294934818,0.03390675570283616,-0.10209761027778899,0.18363941247974122,-0.09601462845291411,0.5778010987809725,1.0360215483535529,1.021502497143988,1.0471245506781481,1.0400801603206413,1.0360594795539033,0.9770341207349081,1.0041572184429328
pretrained,12,2,101264.34287083703,-0.0021417919050492618,-0.0034065901915268926,-0.006568153636516314,0.01248556831548997,0.06408193319097162,0.7784404680132866,0.0007784404680132866,0.000489876541708197,0.1959506166832788,1.3919012333665575,0.9999999999999998,0.7838023900985718,0.7838024667331149,7.663454315576246e-08,False,0.9941527843475342,0.8635101368217752,3.957141160964966,13,0.050041509526116495,0.24816141437206948,0.06727170358811105,-0.10327610958899772,-0.09267450709428107,0.24659682224903787,0.5838791669479437,1.030263218631604,1.0570596953253422,1.0216260752256048,0.9703275529865124,0.9601722282023681,0.9194089993284082,0.9894617990214528
pretrained,12,3,100220.7943052686,-0.009117889827159553,-0.010305192686624998,-0.012965044230057838,0.002203078780198764,0.05365109389533263,0.7151055367929594,0.0007151055367929594,0.0004838410844760282,0.1935364337904113,1.3870728675808226,0.9999999999999999,0.7741457223892212,0.7741457351616452,1.277242400732348e-08,False,0.9451628923416138,0.8209580572873604,3.5734660625457764,14,-0.09363307590995518,0.40290409539427074,0.044604452592985955,-0.09990335788045612,0.1067628285714558,0.05542861883129391,0.5838364384004048,1.0042943009181393,0.992207955075134,1.0190061088156275,1.0559968228752978,1.046711509715994,0.9831994156318481,0.99163179916318
pretrained,12,4,97961.30108135755,-0.02146452981416136,-0.022545153823354536,-0.026047672347627757,-0.02081126828796709,0.060666505589238084,0.621505602129868,0.000621505602129868,0.0004834325052797794,0.19337300211191177,1.3867460042238235,1.0,0.7734920382499695,0.7734920084476471,2.9802322387695312e-08,False,0.9658090472221375,0.838891079561623,3.8421709537506104,15,0.03277114778757095,0.3083069659769535,0.0411471463739872,-0.1012069471180439,-0.09216605499386787,0.23977719619870186,0.5713705457746983,0.9305966410201849,0.9079768850724007,0.9492578825091647,0.9386987589319293,0.9339521599428774,0.9034175334323922,1.038741848868431
pretrained,12,5,97666.13730582832,-0.0015790669281579017,-0.003013065080506583,-0.005711312836811422,-0.023896334579748046,0.052524930900609286,0.9430943386895317,0.0009430943386895317,0.0004942041928214687,0.19768167712858747,1.3953633542571748,0.9999999999999999,0.7907266616821289,0.7907267085143497,4.6832220768067145e-08,False,0.9527507424354553,0.8275487801378892,3.9195046424865723,16,0.026798285277826434,0.250052774058921,-0.0962263329752854,-0.10145534415330207,0.37938111435089794,0.022284351023180132,0.5191651524177618,1.0178593449224487,1.0033726303860246,1.0168301139748919,0.9911858974358975,0.9889143730886851,1.0394736842105263,1.002215657311669
pretrained,12,6,93768.17322047413,-0.038607435099651366,-0.0399111113931766,-0.04566596855516291,-0.06645993587689047,0.06204734516040966,0.872160364474569,0.000872160364474569,0.0004847889739487852,0.1939155895795141,1.387831179159028,0.9999999999999999,0.7756621837615967,0.7756623583180562,1.745564595090343e-07,False,0.9851925373077393,0.8557273651300296,3.9104321002960205,17,0.03465095588139125,0.5588392993169171,-0.09523377514311246,-0.09868181443640164,0.10033588164619037,0.13795924984983035,0.36213020288518494,0.9005749972130336,0.8982312353523753,0.906226913619528,0.9240097008892482,0.9984538074990336,0.9446202531645569,1.0361090641120116
pretrained,12,7,97460.23437517378,0.040590044010011095,0.03937435302294556,0.03670427366706601,-0.02605950663990164,0.07392311139845653,0.6775253840855189,0.0006775253840855189,0.0004914283991924354,0.1965713596769742,1.3931427193539483,0.9999999999999999,0.7862853407859802,0.7862854387078966,9.792191635327185e-08,False,1.099267840385437,0.9548119144261998,5.337229251861572,18,0.16010246319430213,0.40482803327696665,-0.09269496159894128,-0.10387639807803292,0.3111082528318677,0.1028949309672628,0.21763767940657477,1.0878451084988776,1.105887779215494,1.080196082028685,1.0822397200349958,1.0007742934572201,0.9865996649916248,1.0035561877667143
pretrained,12,8,107253.24370600942,0.1027796017505318,0.1004821032251717,0.09009431780475892,0.06762726660175611,0.07184910873797651,1.5909258223005702,0.0015909258223005703,0.000494617944849389,0.1978471779397556,1.395694355879511,0.9999999999999999,0.7913886308670044,0.7913887117590219,8.089201752881081e-08,False,0.9418954849243164,0.8181200232644363,3.6774535179138184,19,-0.10725910855191095,0.14413250344140188,0.030159508011170788,-0.09058806938784464,0.043702443263360424,0.43360536651951925,0.5462473567043031,1.0297288920628345,1.0344408881821956,1.0366536879752946,1.1059013742926436,1.085880077369439,1.2478777589134125,0.9968107725017719
pretrained,12,9,113053.04737068046,0.055559760021616444,0.05407578796002488,0.040836747404365756,0.11545949157727609,0.13990955142308442,0.9128485651952879,0.0009128485651952879,0.0004940032559846128,0.19760130239384513,1.3952026047876902,1.0,0.7904050350189209,0.7904052095753804,1.745564595090343e-07,False,1.0281224250793457,0.8930157918658986,4.208412170410156,20,0.0815856722848756,0.14895387419632503,0.1488781464951379,-0.11435155889817644,-0.08324974349566869,0.5776448590414864,0.24053875037602016,1.0179242518378595,1.0261253529989354,1.0004892614601024,1.0303362573099413,1.0399002493765588,1.1047619047619048,0.9850693210095981
pretrained,12,10,111302.64042689685,-0.014781477996034575,-0.015483058480010303,-0.0186967083435312,0.1015487178340605,0.09571869200631221,0.2070518050874983,0.0002070518050874983,0.0005053083332521576,0.20212333330086305,1.404246666601726,0.9999999999999998,0.8084933161735535,0.8084933332034518,1.7029898380371833e-08,False,1.011364459991455,0.8784600083347022,4.140077590942383,21,0.06640800620828355,0.20106707300458634,0.07886741842542375,-0.11171717409576692,-0.09040615920509612,0.5664637663534708,0.2893170693090984,1.0393135068908235,1.0489629372043836,1.0256175982612805,1.038666193685704,0.984583761562179,0.9562807881773397,0.9945867917719236
pretrained,12,11,108993.33994295941,-0.019447924054640464,-0.02074793980700007,-0.022415848481049785,0.08251274754646465,0.0675975638690787,0.8273435458540914,0.0008273435458540914,0.0004993359105927604,0.19973436423710417,1.3994687284742082,0.9999999999999999,0.7989374399185181,0.7989374569484164,1.7029898380371833e-08,False,0.9723401069641113,0.8445638859754625,3.9555246829986572,22,-0.10161551673497474,0.2205010966530868,0.038451129304511195,-0.09811884750212943,0.03812712963138307,0.36123180549059597,0.541423203157527,0.9342222757517478,0.9192601541484278,0.933144921461059,0.9316939890710383,0.9439805149617257,0.9175788795878945,1.0359216255442671
pretrained,12,12,115415.85713226441,0.061031810248601825,0.058925776498510496,0.04804638223740316,0.13356793005139778,0.060176005350599415,1.495110550629241,0.001495110550629241,0.000491754145228437,0.1967016580913748,1.3934033161827497,1.0,0.7868065237998962,0.7868066323654994,1.0856560317407116e-07,False,0.9443095326423645,0.8202168384704352,4.027165412902832,23,0.015229711708213606,0.3236915370715516,-0.10080321372619697,0.014486970779086866,0.4530409178031342,-0.09589844436517783,0.39025252072938854,1.068930144367124,1.074208932789611,1.0719290343572334,1.0821114369501466,1.0269074824917066,1.0224561403508772,1.0819614711033276
pretrained,12,13,118014.81180232087,0.024309628619422208,0.022518176744795948,0.015798627698304583,0.1526487355883458,0.06564355677286869,1.2530714254826307,0.0012530714254826308,0.0004973956410373961,0.19895825641495843,1.397916512829917,1.0,0.7958330512046814,0.7958330256598338,2.554484757055775e-08,False,1.0139224529266357,0.8806818527676951,4.286089897155762,24,-0.11674393766692709,0.16678495651909284,-0.08221431874803134,0.04787749371358327,0.1153854349894183,0.34895968383976395,0.5199506873531001,1.0131281613727836,1.0211309798074761,1.0099364281396368,1.0027100271002711,1.007896625987078,1.037748798901853,1.0171576561994171
pretrained,12,14,123505.70289767584,0.04780470182424823,0.04652713512395734,0.03465219020928324,0.19032078961689936,0.06039727638540633,0.7251343178961959,0.0007251343178961959,0.000494889019589339,0.19795560783573563,1.3959112156714713,0.9999999999999999,0.7918223738670349,0.7918224313429425,5.747590758886645e-08,False,0.9000170826911926,0.7817449052628954,3.41568922996521,25,-0.1043591049632856,0.5159957933106593,-0.09359650287245003,0.0183723031410149,0.03459787395383629,0.108067460624235,0.5209221768059901,0.9819083802034764,0.9740025585719445,0.9828400247399243,0.9851351351351353,0.9754273504273504,1.0244708994708993,1.1078930617441118
pretrained,12,15,122024.87802980388,-0.01107112580427072,-0.011989931097342366,-0.012638466763261915,0.18049498090401228,0.056253161007496805,0.4443373472562858,0.00044433734725628584,0.00048518590629100796,0.1940743625164032,1.3881487250328064,1.0,0.776297390460968,0.7762974500656128,5.960464477539063e-08,False,0.93897545337677,0.8155837160882707,3.6587183475494385,26,-0.0911800004541874,0.5723164044320583,-0.1028943620622158,0.026294291019439697,0.17934484407305717,0.033710744231939316,0.3824080787599087,1.0171811676906573,1.0045787328777878,1.0194502657857352,1.0099451303155005,1.0087623220153341,1.013557133634603,0.9675380637747775
pretrained,12,16,123577.90909263967,0.013828560290360725,0.012727167508059134,0.007720932929769579,0.1907938827073421,0.051559377471204794,0.5952509423451764,0.0005952509423451764,0.0004917094364230122,0.19668377456920488,1.3933675491384097,0.9999999999999999,0.7867351770401001,0.7867350982768193,7.876328078637584e-08,False,0.8169509768486023,0.7095946024616385,2.9675512313842773,27,0.018312044973884306,0.5619695881115538,-0.09578687458166055,-0.10089689998754434,0.01925738022795745,0.0339294360684497,0.5632153251873595,1.0204317810759416,1.036630597940096,1.0048074160114426,1.0196943972835313,1.0007238508867176,1.024203821656051,0.9902019002375297
pretrained,12,17,125063.9450659422,0.012776665351063698,0.012025094001133496,0.006660371709554623,0.20040903917373465,0.059095695136758525,0.24009256809949875,0.00024009256809949875,0.0005022728323404278,0.20090913293617113,1.4018182658723422,0.9999999999999999,0.8036364316940308,0.8036365317446843,1.0005065353979603e-07,False,0.8175530433654785,0.7101175507936746,2.9836785793304443,28,0.017535374100719175,0.5631010444568736,0.018025940816317282,-0.10232781751879624,-0.09858131541737489,0.03715409950486251,0.5650926740573985,1.034047030048888,1.0449943420211207,1.037165241936394,0.9783549783549785,0.9924050632911392,0.9950248756218906,0.9706146926536732
pretrained,12,18,129671.09784446962,0.03763562439824675,0.03683837716856142,0.02579685279207893,0.22881812784571154,0.05224471759795922,0.2590819410979748,0.00025908194109797476,0.0005095440029565777,0.2038176011826311,1.407635202365262,0.9999999999999999,0.8152703642845154,0.8152704047305241,4.0446008764405406e-08,False,0.816787600517273,0.7094526955832986,2.983262777328491,29,-0.09988074137696198,0.5615968690919024,0.021975361342941008,-0.10393685980566911,0.020872856091175757,0.028142462085400305,0.5712300525712115,1.028589803182445,1.0354429604664128,1.0173620255284004,1.0408441116405716,1.0557580174927113,1.08125,1.0367624343527957
pretrained,12,19,136623.57489407045,0.054589366051592814,0.05361624267220888,0.03622704447076883,0.2680618987057404,0.06033452778520025,0.41944866414581006,0.00041944866414581007,0.0005037283205560276,0.20149132822241106,1.4029826564448222,1.0,0.8059651851654053,0.8059653128896445,1.2772423918505638e-07,False,0.8706737756729126,0.7562576326252315,3.3330907821655273,30,0.010228534096053649,0.5212387916232859,0.012801756017974425,-0.10191103549940247,-0.09958029272300858,0.12573169437902312,0.531490552106074,1.0293303784225487,1.0479104071466634,1.0217829114307377,0.9565075212557227,0.9206075250258889,1.0710982658959536,1.0146007151370682
pretrained,12,20,137003.33483585712,0.00392555179716747,0.0027796077073896086,-0.0005322845930245592,0.27009076005478694,0.051222918841422424,0.6428540700248307,0.0006428540700248308,0.0004992611120854105,0.19970444483416422,1.3994088896683283,0.9999999999999999,0.7988178133964539,0.7988177793366567,3.4059797204832876e-08,False,0.8294516205787659,0.7204525236461355,3.021804094314575,31,-0.09883153385349683,0.5687971716480595,-0.10087291098066739,0.018986635442290983,0.035085138465676985,0.027039394314799986,0.5497961049633366,0.8883429458072976,0.9111819056684046,0.8713745250537601,0.9620512820512821,0.9591301087364079,1.0766324878575284,1.0555066079295152
pretrained,12,21,128057.47918869052,-0.06435050155920097,-0.06529662696082972,-0.054158651230142824,0.2191006676568128,0.06337117664337369,0.5339070728846959,0.0005339070728846959,0.0004778009280562401,0.19112037122249603,1.382240742444992,1.0,0.7644814848899841,0.7644814848899841,0.0,False,0.9507539868354797,0.8258144202603317,3.595673084259033,32,0.07088566571474075,0.5816466808319092,-0.09528103470802307,-0.09583933651447296,0.09950483590364456,0.04141464829444885,0.3976685404777527,0.8748807130139254,0.8987705690454519,0.8625624855383022,0.9506041222459132,0.9378420641125881,0.8997493734335839,0.9897050639955481
pretrained,12,22,139127.4478164115,0.08738133900490208,0.0864453111044734,0.059449091280403724,0.2812345689546677,0.053696200349023566,0.36404503243310116,0.00036404503243310114,0.00049713491329125,0.19885396531650001,1.397707930633,0.9999999999999999,0.7954158782958984,0.7954158612660001,1.7029898380371833e-08,False,0.9472380876541138,0.8227605490335408,3.6492857933044434,33,0.06476647619690212,0.42253783558096203,-0.09590776051793781,-0.1029462047985622,0.11475933556045803,0.03235376094068798,0.5644365570374897,1.1268440206437376,1.154471978877262,1.1108063488991609,1.0661682242990655,1.0220925385577322,1.1103064066852368,1.0447005903851563
pretrained,12,23,143902.7702541111,0.03562879977953903,0.03432336690313598,0.020506166694054348,0.3050863452912357,0.06691219285027275,0.7608476855925151,0.0007608476855925152,0.0005004694312810897,0.2001877725124359,1.4003755450248718,1.0,0.8007510304450989,0.8007510900497437,5.960464477539063e-08,False,0.9716132283210754,0.8439325272080949,3.942519426345825,34,-0.11139921844005585,0.2899720370769501,0.03585907071828842,-0.08878855407238007,0.04306698590517044,0.26669541001319885,0.5645942687988281,1.0452818452385757,1.0675310126503827,1.0426107204951207,0.982468443197756,0.9755301794453507,1.0065228299046662,1.0306781485468246
pretrained,12,24,150097.5483847128,0.04433054806573433,0.04304835910846361,0.02604965008195428,0.3337665999467794,0.05261209147178819,0.7257623491542681,0.0007257623491542681,0.0005027535797229836,0.20110143188919344,1.402202863778387,1.0,0.804405689239502,0.804405727556774,3.831727202197044e-08,False,0.8763638734817505,0.7611999887849676,3.2304954528808594,35,-0.10511307152254243,0.5138575386788165,-0.09598836036665101,0.03442447153585296,0.05224108962076049,0.03566166652100425,0.5649166655327593,1.0183883698313119,1.0599512631895773,1.0169313969075835,1.0549607423269096,1.023829431438127,1.175972083748754,1.0135770234986945
pretrained,13,1,96118.25916354133,-0.03719256347079736,-0.0388174083645868,-0.04385820619765259,-0.04038505139646831,0.06946309602368564,1.1931847972529275,0.0011931847972529274,0.0004958523144679411,0.19834092578717644,1.3966818515743529,0.9999999999999999,0.7933636903762817,0.7933637031487057,1.277242400732348e-08,False,1.015215516090393,0.8818049931612394,4.054308891296387,13,-0.10295076455388752,0.10132681046213421,-0.09539016123328892,0.1231623983808926,0.09154503260340008,0.3025891131588391,0.5797175711819104,1.030263218631604,1.0570596953253422,1.0216260752256048,0.9703275529865124,0.9601722282023681,0.9194089993284082,0.9894617990214528
pretrained,13,2,96895.96775695721,0.009246190369529117,0.008091163949324631,0.005798503274323286,-0.03203468952215416,0.05103717199981726,0.646957984992436,0.000646957984992436,0.0004981420588280473,0.19925682353121893,1.398513647062438,1.0,0.7970272898674011,0.7970272941248759,4.257474817137563e-09,False,0.9991045594215393,0.8678111940023082,4.054529190063477,14,-0.09563598462513515,0.21027367881366185,-0.10362083890608378,0.08424352428742818,0.29876237681933815,0.04000068775245122,0.5659765558583396,1.0042943009181393,0.992207955075134,1.0190061088156275,1.0559968228752978,1.046711509715994,0.9831994156318481,0.99163179916318
pretrained,13,3,94947.76694970565,-0.018384675303484088,-0.02010610815238667,-0.02448113597420118,-0.05321065689697102,0.06610337198768632,1.2682787648269107,0.0012682787648269106,0.00048693428880402026,0.1947737155216081,1.389547431043216,0.9999999999999999,0.779094934463501,0.7790948620864322,7.23770687827141e-08,False,0.9989394545555115,0.8676677857378058,3.9409806728363037,15,0.06566484059606278,0.1539139130285808,0.0784858220389911,-0.09515127007450377,-0.09962244544710433,0.3165288397244045,0.5801803001335688,0.9305966410201849,0.9079768850724007,0.9492578825091647,0.9386987589319293,0.9339521599428774,0.9034175334323922,1.038741848868431
pretrained,13,4,93918.11629490979,-0.00880739264003716,-0.010844390425119421,-0.014612315233497899,-0.06475730077456676,0.06131342711804313,1.5633893954966749,0.001563389395496675,0.0004938230543796505,0.19752922175186022,1.3950584435037205,1.0,0.7901169061660767,0.7901168870074411,1.915863556689601e-08,False,0.9571806788444519,0.8313965740131083,3.964301586151123,16,0.025125019784484587,0.23544150457850524,-0.10293385519513062,0.02757743612996169,0.4778159545468433,-0.0945953665567296,0.43156930671206545,1.0178593449224487,1.0033726303860246,1.0168301139748919,0.9911858974358975,0.9889143730886851,1.0394736842105263,1.002215657311669
pretrained,13,5,90503.20781569227,-0.034966815341083035,-0.0363604873472384,-0.043405712308801574,-0.10493321080560736,0.06459604555521957,0.9425587393343449,0.0009425587393343449,0.0005026551123176302,0.20106204492705207,1.402124089854104,1.0,0.8042481541633606,0.8042481797082082,2.554484757055775e-08,False,0.9877628684043884,0.8579599263539076,4.077601432800293,17,-0.08711619994470052,0.5325767365949494,-0.11394584498235155,0.03561554529837199,0.36428364792040413,0.07151066192558833,0.19707545318773814,0.9005749972130336,0.8982312353523753,0.906226913619528,0.9240097008892482,0.9984538074990336,0.9446202531645569,1.0361090641120116
pretrained,13,6,94006.69226023191,0.0398700586748959,0.03871116316312695,0.03718800476277239,-0.06375405405369716,0.07982303978275615,0.6221106350421906,0.0006221106350421905,0.0004929726916764463,0.19718907667057853,1.3943781533411572,1.0,0.7887563109397888,0.7887563066823144,4.257474373048353e-09,False,1.0216840505599976,0.8874234908135399,4.347610950469971,18,0.1234119279044015,0.4235637454049928,-0.1080846594912665,-0.08910441717931203,0.4589496521013124,0.050773550357137404,0.14049020090273448,1.0878451084988776,1.105887779215494,1.080196082028685,1.0822397200349958,1.0007742934572201,0.9865996649916248,1.0035561877667143
pretrained,13,7,103770.51760485016,0.10650947104583874,0.10386308793409893,0.09655577631413254,0.03633515271850141,0.07066860916132059,1.8883957713842392,0.0018883957713842392,0.0005061185519610132,0.20244742078440528,1.4048948415688105,1.0,0.8097896575927734,0.809789683137621,2.554484757055775e-08,False,1.0022289752960205,0.8705250271492245,4.083006381988525,19,-0.11620593390294481,0.0745145274060113,-0.08624148688146047,0.10890748032501765,0.10341884621552058,0.3706734819071633,0.5449330849306924,1.0297288920628345,1.0344408881821956,1.0366536879752946,1.1059013742926436,1.085880077369439,1.2478777589134125,0.9968107725017719
pretrained,13,8,109469.97458751562,0.05666799569320169,0.0549236634278778,0.042477024122486336,0.08650750695063747,0.15390660219299448,1.1507088648421422,0.0011507088648421422,0.000501440739525216,0.2005762958100864,1.4011525916201726,0.9999999999999999,0.8023052215576172,0.8023051832403452,3.831727202197044e-08,False,1.014525055885315,0.881205267047161,4.1606268882751465,20,-0.09250977528946741,-0.10806652052061899,0.2713943730507578,0.06327046560389654,0.08090330766780035,0.5646958957825388,0.22031225370509283,1.0179242518378595,1.0261253529989354,1.0004892614601024,1.0303362573099413,1.0399002493765588,1.1047619047619048,0.9850693210095981
pretrained,13,9,107377.89294193931,-0.017856798654558803,-0.019111008780803185,-0.022530804860072577,0.06870960809343352,0.09465812005737247,0.7744759981121335,0.0007744759981121336,0.0005033535776393755,0.2013414310557502,1.4026828621115004,0.9999999999999999,0.805365800857544,0.8053657242230008,7.663454315576246e-08,False,0.9983081817626953,0.8671194691568144,4.07512903213501,21,0.06460979421223911,0.048366951090948906,0.23280146558369907,-0.10521114777241436,-0.09613028328333584,0.5615660085209778,0.29399721164788517,1.0393135068908235,1.0489629372043836,1.0256175982612805,1.038666193685704,0.984583761562179,0.9562807881773397,0.9945867917719236
pretrained,13,10,105637.25834883215,-0.014460726889607534,-0.016210362723808935,-0.01928662254983378,0.05336430002960668,0.07882628972013886,1.2667424135974474,0.0012667424135974475,0.0005101433928523744,0.20405735714094977,1.4081147142818995,1.0,0.8162294626235962,0.816229428563799,3.4059797204832876e-08,False,1.0037789344787598,0.8718713045897023,4.156483173370361,22,-0.12457789799996782,-0.07947945914098195,0.12160636165312358,0.07893875667027064,0.10243445315531322,0.3564240080969674,0.5446537775652749,0.9342222757517478,0.9192601541484278,0.933144921461059,0.9316939890710383,0.9439805149617257,0.9175788795878945,1.0359216255442671
pretrained,13,11,111403.32998706595,0.05705219764279312,0.05458369261338891,0.045213059426237746,0.1023607641566,0.07566809401511146,1.8460562452673912,0.0018460562452673912,0.0004919473520879234,0.1967789408351694,1.3935578816703387,0.9999999999999999,0.7871158123016357,0.7871157633406773,4.896095839868053e-08,False,0.9754294157028198,0.8472472254516956,4.015917778015137,23,0.024414104010377607,0.2617263221847159,-0.09723403810390405,0.04956552253237792,0.5352647924529654,-0.09954490273126534,0.3258081996547324,1.068930144367124,1.074208932789611,1.0719290343572334,1.0821114369501466,1.0269074824917066,1.0224561403508772,1.0819614711033276
pretrained,13,12,113056.4957569604,0.016950921117182105,0.014839464584105233,0.009562193359852571,0.1154864713393221,0.07127027645739059,1.5653272824628013,0.0015653272824628012,0.0005130931176245212,0.2052372470498085,1.410474494099617,1.0,0.8209488987922668,0.820948988199234,8.940696716308594e-08,False,1.059229850769043,0.9200353585124006,5.0643839836120605,24,-0.13032549992203712,-0.07491174712777138,0.05791086703538895,0.20122016593813896,0.2439788244664669,0.2501369081437588,0.4519904814660549,1.0131281613727836,1.0211309798074761,1.0099364281396368,1.0027100271002711,1.007896625987078,1.037748798901853,1.0171576561994171
pretrained,13,13,117880.09107301015,0.04416987501772729,0.042665353138302775,0.033709580765665235,0.15168032964901546,0.04968555088056223,0.93602133755173,0.00093602133755173,0.0005058961840612549,0.20235847362450196,1.4047169472490038,0.9999999999999999,0.8094337582588196,0.8094338944980075,1.3623918793115308e-07,False,1.053572654724121,0.9151215804616917,4.663318634033203,25,-0.11459069166864672,0.3419105314782688,-0.08776778195585525,0.12103404636893952,0.15250030692134584,0.09946952547345841,0.4874440633824893,0.9819083802034764,0.9740025585719445,0.9828400247399243,0.9851351351351353,0.9754273504273504,1.0244708994708993,1.1078930617441118
pretrained,13,14,117408.28854107785,-0.0025656409927733437,-0.004002393683595673,-0.006585833856849264,0.14827137638572407,0.06353761187115767,0.9544478112033434,0.0009544478112033434,0.00048703899607062336,0.19481559842824936,1.3896311968564987,1.0,0.779262363910675,0.7792623937129974,2.9802322387695312e-08,False,0.9494389295578003,0.8246721760221658,3.756326198577881,26,-0.09002135321497917,0.5517799220979214,-0.10479424521327019,0.050143640488386154,0.3952854834496975,0.02054021507501602,0.17706633731722832,1.0171811676906573,1.0045787328777878,1.0194502657857352,1.0099451303155005,1.0087623220153341,1.013557133634603,0.9675380637747775
pretrained,13,15,118852.34110067798,0.013616893534795782,0.012299408990148919,0.0073390823275314605,0.15861985490642083,0.06018792386330595,0.8065271175333432,0.0008065271175333432,0.0004941038401531323,0.1976415360612529,1.3952830721225058,0.9999999999999999,0.7905661463737488,0.7905661442450116,2.1287371865241766e-09,False,0.8253685832023621,0.7169060424421817,2.997602701187134,27,-0.09829210090850082,0.5593212808349303,-0.09934943515275207,0.02295573268617901,0.027480580178754654,0.026547666905181733,0.5613362754562071,1.0204317810759416,1.036630597940096,1.0048074160114426,1.0196943972835313,1.0007238508867176,1.024203821656051,0.9902019002375297
pretrained,13,16,118883.35193527327,0.0007897533848613136,0.00026091900511260313,-0.0025592324544839867,0.15883932971165227,0.055574145194308415,0.025685207652194092,2.5685207652194094e-05,0.0005028715144310678,0.20114860577242716,1.4022972115448542,0.9999999999999999,0.8045943975448608,0.8045944230897084,2.554484757055775e-08,False,0.8172076344490051,0.7098175324208255,2.9780399799346924,28,-0.1003443891448634,0.5633607437568051,-0.10080421662756375,0.020332994471703253,0.02076778427830764,0.030160379196916304,0.5665267040686948,1.034047030048888,1.0449943420211207,1.037165241936394,0.9783549783549785,0.9924050632911392,0.9950248756218906,0.9706146926536732
pretrained,13,17,123258.52835444309,0.03760169740173058,0.03680226329378655,0.02711757494895844,0.1886971121994958,0.054804150777702,0.2647779839379447,0.00026477798393794474,0.0005059823526867798,0.20239294107471195,1.4047858821494237,0.9999999999999998,0.8095716834068298,0.8095717642988474,8.089201752881081e-08,False,0.8191626071929932,0.711515600170796,2.9872992038726807,29,-0.10281826449292047,0.5591398339186395,0.02229386115712778,-0.09957467658179148,0.025866353086062832,0.024373843467661305,0.5707190494452203,1.028589803182445,1.0354429604664128,1.0173620255284004,1.0408441116405716,1.0557580174927113,1.08125,1.0367624343527957
pretrained,13,18,128747.4430062609,0.04550739028208728,0.044531723079102914,0.03188440945691281,0.22328554521166633,0.05408047110515415,0.4357010631689001,0.0004357010631689001,0.0004979343579283783,0.19917374317135134,1.3983474863427028,1.0,0.7966950535774231,0.7966949726854056,8.089201752881081e-08,False,0.8838803768157959,0.7677287406273342,3.37408185005188,30,-0.10040117906672616,0.5029609267200743,0.01701634270804267,0.014808221587112952,-0.09877256410462518,0.1254243914570127,0.5389638606991087,1.0293303784225487,1.0479104071466634,1.0217829114307377,0.9565075212557227,0.9206075250258889,1.0710982658959536,1.0146007151370682
pretrained,13,19,128809.41756588219,0.0014486613586004449,0.00048136536286991216,-0.002496663889668486,0.22365924875909815,0.05740734874200622,0.46788277104496956,0.00046788277104496955,0.0004984807462564537,0.1993922985025815,1.398784597005163,1.0,0.7975690364837646,0.7975691940103262,1.575265615727517e-07,False,0.8592153191566467,0.7463049437529462,3.1631484031677246,31,-0.09812769772750993,0.5614394348646914,-0.10126460077507157,0.025014866941741515,0.06421018657939773,0.02122094189482074,0.5275068682219302,0.8883429458072976,0.9111819056684046,0.8713745250537601,0.9620512820512821,0.9591301087364079,1.0766324878575284,1.0555066079295152
pretrained,13,20,119814.82913381663,-0.0687631194657855,-0.06982865540452499,-0.06164416858475747,0.1653787705333719,0.06727380718062467,0.6641769276133607,0.0006641769276133607,0.0004806939725364957,0.1922775890145983,1.3845551780291967,1.0,0.7691103219985962,0.7691103560583934,3.4059797204832876e-08,False,0.9838697910308838,0.8545784423120367,3.873011589050293,32,0.08136777526565961,0.5811853925032275,-0.10003577971032687,-0.09224180930427142,0.1817643562597888,0.035284984324659624,0.3126750806612628,0.8748807130139254,0.8987705690454519,0.8625624855383022,0.9506041222459132,0.9378420641125881,0.8997493734335839,0.9897050639955481
pretrained,13,21,129849.22582609126,0.08479999607741395,0.08374920504262118,0.06190599154538091,0.2298760399701475,0.05182555782789346,0.4676817107413497,0.0004676817107413497,0.0005014372896403074,0.20057491585612297,1.401149831712246,1.0,0.8022996187210083,0.8022996634244919,4.470348358154297e-08,False,0.9485597014427185,0.8239084881847374,3.738006830215454,33,0.053748300299048424,0.4235227946192026,-0.10180054418742657,-0.0987743716686964,0.15365620888769627,0.023131676018238068,0.5465159360319376,1.1268440206437376,1.154471978877262,1.1108063488991609,1.0661682242990655,1.0220925385577322,1.1103064066852368,1.0447005903851563
pretrained,13,22,132682.5472989149,0.02320956730228274,0.021820087526885468,0.012967037303367583,0.24632137356607842,0.06956592585126678,0.8523077278264931,0.0008523077278264931,0.0005065772017197951,0.202630880687918,1.405261761375836,0.9999999999999999,0.8105234503746033,0.810523522751672,7.23770687827141e-08,False,1.018304467201233,0.8844880220058527,4.191141128540039,34,-0.11265211339507786,0.24257543150867733,-0.08997876729284016,0.07990063194717678,0.07485012177910122,0.236368114394801,0.5689365810581616,1.0452818452385757,1.0675310126503827,1.0426107204951207,0.982468443197756,0.9755301794453507,1.0065228299046662,1.0306781485468246
pretrained,13,23,138194.89411697807,0.04255270825734736,0.0415453797826526,0.027340565747298182,0.2763842641295211,0.05444649632289016,0.463194132915565,0.000463194132915565,0.0005034864268132619,0.20139457072530476,1.4027891414506093,0.9999999999999999,0.8055782318115234,0.8055782829012186,5.10896951411155e-08,False,0.9348930716514587,0.81203780437562,3.575406551361084,35,-0.10550214616315706,0.4526163014982428,-0.0958924245621477,0.07111464174730436,0.08925635101539747,0.030525148979255123,0.5578821274851049,1.0183883698313119,1.0599512631895773,1.0169313969075835,1.0549607423269096,1.023829431438127,1.175972083748754,1.0135770234986945
pretrained,13,24,150135.7892988262,0.08759505498383757,0.08640619653965276,0.054338411988828716,0.33393629548939374,0.06427238742087843,0.5883841812610626,0.0005883841812610626,0.0005053213185497693,0.20212852741990772,1.4042570548398152,0.9999999999999999,0.8085139393806458,0.8085141096796304,1.7029898469189675e-07,False,0.9983848929405212,0.8671860996392745,4.090038299560547,36,-0.10784831164138658,0.36068291696054594,0.041905515960284634,0.08874320717794554,-0.09428021577852114,0.16929073365671293,0.5415061536644186,1.0551013292304916,1.0682486990147664,1.0238423367924046,1.11468200270636,1.0955492037566352,1.1479440440864774,1.0770221535291085
pretrained,14,1,100093.53132226045,0.002797584233036998,0.0009353132226044281,-0.0012438399351050997,0.000934439229237638,0.04356558328685475,1.357087998517922,0.001357087998517922,0.0005017141891377313,0.20068567565509254,1.401371351310185,0.9999999999999999,0.8027426600456238,0.8027427026203702,4.257474639501879e-08,False,0.9766465425491333,0.8483044083979562,3.8904590606689453,14,-0.09866174470101086,0.31653472621526035,-0.10202393095408169,0.057003764701741066,0.21178115744675907,0.036566483122961846,0.5787995441683701,1.0042943009181393,0.992207955075134,1.0190061088156275,1.0559968228752978,1.046711509715994,0.9831994156318481,0.99163179916318
pretrained,14,2,98343.24296955825,-0.01636093528886373,-0.017486528146029467,-0.020345959994605853,-0.016846678840503504,0.05129683849729422,0.6651271166546002,0.0006651271166546002,0.0004798430310828346,0.19193721243313383,1.3838744248662675,0.9999999999999999,0.7677488327026367,0.7677488497325351,1.7029898380371833e-08,False,0.9941898584365845,0.8635423389663676,3.90655779838562,15,-0.09467958871807372,0.2944524266890117,0.07113443102155412,0.05556128706250871,-0.09725762371506011,0.1855213471821376,0.5852677204779215,0.9305966410201849,0.9079768850724007,0.9492578825091647,0.9386987589319293,0.9339521599428774,0.9034175334323922,1.038741848868431
pretrained,14,3,97352.44643728713,-0.008309878428785722,-0.010074881632465837,-0.013062462650309713,-0.027195552444780002,0.054271780920664286,1.2827185530747685,0.0012827185530747685,0.0004986602280821118,0.19946409123284475,1.3989281824656896,1.0,0.797856330871582,0.7978563649313792,3.4059797204832876e-08,False,0.9372655153274536,0.8140984827698416,3.842442750930786,16,0.018720838640417375,0.2303454423589366,-0.10120161675981112,0.019578866128410616,0.4307012254638331,-0.09826247447303363,0.5001177186412471,1.0178593449224487,1.0033726303860246,1.0168301139748919,0.9911858974358975,0.9889143730886851,1.0394736842105263,1.002215657311669
pretrained,14,4,94502.14917100195,-0.027929422863504083,-0.02927812675073649,-0.03432208429580835,-0.05817699255759434,0.06681288365988032,0.893250479229859,0.000893250479229859,0.0004951676234070744,0.19806704936282976,1.3961340987256594,0.9999999999999999,0.7922682166099548,0.7922681974513188,1.915863601098522e-08,False,0.9524102210998535,0.8272530070638449,3.8835599422454834,17,-0.09172849490174226,0.5455949963735682,-0.1063385544610875,0.022045804719839773,0.2597708465265376,0.03064627253583499,0.34000912920704907,0.9005749972130336,0.8982312353523753,0.906226913619528,0.9240097008892482,0.9984538074990336,0.9446202531645569,1.0361090641120116
pretrained,14,5,97769.00404078452,0.03579024044159507,0.034569106612286626,0.03180365418574947,-0.02281905171382137,0.07108573316047004,0.6850462433482919,0.000685046243348292,0.000494588560291699,0.1978354241166796,1.395670848233359,1.0,0.7913417816162109,0.7913416964667181,8.514949279003758e-08,False,1.0234971046447754,0.8889982895823622,4.50437068939209,18,0.08602409384080342,0.41163275710174013,-0.10550584324768611,-0.09232958086899348,0.41730854979583193,0.03704639098473958,0.2458236323935645,1.0878451084988776,1.105887779215494,1.080196082028685,1.0822397200349958,1.0007742934572201,0.9865996649916248,1.0035561877667143
pretrained,14,6,107010.02996769518,0.09690757668111871,0.094518973754256,0.08451537159588922,0.065508158158739,0.07623676553342316,1.6705175744635716,0.0016705175744635716,0.0005094358191958495,0.20377432767833983,1.4075486553566796,1.0,0.8150971531867981,0.8150973107133592,1.5752656112866248e-07,False,1.0092693567276,0.8766402247616828,4.102051734924316,19,-0.11775101082665579,0.09779262436287742,-0.08602331685168405,0.10931776357548575,0.09966499997036796,0.33026160193341114,0.5667373378361975,1.0297288920628345,1.0344408881821956,1.0366536879752946,1.1059013742926436,1.085880077369439,1.2478777589134125,0.9968107725017719
pretrained,14,7,112777.73860978983,0.05570127616410003,0.05389876672154781,0.039511793923281247,0.11330018465790237,0.16560465151764242,1.2099938190409116,0.0012099938190409116,0.0004988702732537474,0.19954810930149897,1.3990962186029978,0.9999999999999999,0.7981923222541809,0.7981924372059956,1.1495181473364369e-07,False,1.010772705078125,0.8779460165477054,4.139660358428955,20,-0.09825331664511136,-0.1012947926563876,0.2680864562945706,0.057041880275521956,0.07436259889176913,0.5616510441260678,0.23840612971356936,1.0179242518378595,1.0261253529989354,1.0004892614601024,1.0303362573099413,1.0399002493765588,1.1047619047619048,0.9850693210095981
pretrained,14,8,110534.56518729175,-0.018647941916937638,-0.019890214595093436,-0.02242679033158241,0.09530561928245507,0.08864449912270216,0.7631857341953686,0.0007631857341953687,0.0005034948779003961,0.20139795116015846,1.402795902320317,0.9999999999999999,0.8055918216705322,0.8055918046406338,1.7029898380371833e-08,False,0.9891079068183899,0.8591282118762051,4.022223949432373,21,0.05019742090787205,0.050592704010861245,0.22209342781986507,-0.10594594265733448,-0.09545200850282398,0.5588536358305386,0.3196607625910214,1.0393135068908235,1.0489629372043836,1.0256175982612805,1.038666193685704,0.984583761562179,0.9562807881773397,0.9945867917719236
pretrained,14,9,108739.32291625741,-0.014744173217752454,-0.016241455946313654,-0.01838276330462005,0.08036948071662864,0.06893249477587245,1.0114244978342737,0.0010114244978342737,0.0005094206918563162,0.20376827674252648,1.407536553485053,1.0,0.8150731325149536,0.815073106970106,2.554484757055775e-08,False,1.0025147199630737,0.8707732218134935,4.161838531494141,22,-0.12930105307272505,0.08770608476230077,0.12597874126264028,-0.07446722366980144,0.10323845169373921,0.3287545474512237,0.5580904515726226,0.9342222757517478,0.9192601541484278,0.933144921461059,0.9316939890710383,0.9439805149617257,0.9175788795878945,1.0359216255442671
pretrained,14,10,114804.6201680348,0.058069861836206105,0.05577832461260046,0.04564290467990712,0.12895491615551613,0.05885061517960742,1.6716981109763895,0.0016716981109763896,0.0004964217530297382,0.1985687012118953,1.3971374024237906,0.9999999999999999,0.7942748069763184,0.7942748048475812,2.1287371865241766e-09,False,0.9564670920372009,0.8307767603876122,3.9347455501556396,23,0.018949197871344414,0.24597053256418022,-0.09666375789259163,0.03540503632809433,0.5227005484380892,-0.10190494331930366,0.375543386010187,1.068930144367124,1.074208932789611,1.0719290343572334,1.0821114369501466,1.0269074824917066,1.0224561403508772,1.0819614711033276
pretrained,14,11,116497.30359915932,0.016801029959003788,0.014744035811860234,0.008686335403676162,0.14161103381347595,0.07939564508567315,1.5126204160707337,0.0015126204160707337,0.0005124341935983727,0.20497367743934905,1.409947354878698,0.9999999999999999,0.8198946714401245,0.8198947097573961,3.831727157788123e-08,False,1.0455586910247803,0.9081607400360983,4.846120834350586,24,-0.13314406680209295,-0.0718296106372561,0.062105520495346594,0.1870556016053472,0.23628374827759605,0.2297828633870397,0.4897459436740194,1.0131281613727836,1.0211309798074761,1.0099364281396368,1.0027100271002711,1.007896625987078,1.037748798901853,1.0171576561994171
pretrained,14,12,121733.22448261079,0.0465692009192078,0.04494456714180339,0.03440676673623417,0.17853157652712404,0.05027551954827833,1.0445621332951953,0.0010445621332951954,0.0005089864294443811,0.20359457177775245,1.4071891435555048,1.0,0.8143782019615173,0.8143782871110097,8.514949234594837e-08,False,1.001260757446289,0.8696840438103873,4.114473819732666,25,-0.11604759416409899,0.40394495853355955,-0.08754697761365346,0.08972715267113276,0.11986957171133586,0.07089692034891673,0.5191559685128075,0.9819083802034764,0.9740025585719445,0.9828400247399243,0.9851351351351353,0.9754273504273504,1.0244708994708993,1.1078930617441118
pretrained,14,13,120912.74963064822,-0.005258379362196308,-0.006739941831408358,-0.008938252246834665,0.17295735722271077,0.067280658848428,1.0017129459551404,0.0010017129459551405,0.000488791573526604,0.19551662941064157,1.391033258821283,0.9999999999999999,0.7820665240287781,0.7820665176425661,6.38621200366174e-09,False,0.9500165581703186,0.8251738978601781,3.8381354808807373,26,0.017598728516272116,0.5536683805819069,-0.1033710978393044,0.03586816867547374,0.33735629996018746,-0.09214553157133717,0.2510250516768012,1.0171811676906573,1.0045787328777878,1.0194502657857352,1.0099451303155005,1.0087623220153341,1.013557133634603,0.9675380637747775
pretrained,14,14,122379.36462953938,0.013537351068689363,0.01212953144619755,0.007459925751837493,0.18286877609869168,0.04902986248286821,0.8901626116463115,0.0008901626116463115,0.000499818990273135,0.19992759610925404,1.3998551922185078,0.9999999999999998,0.7997103929519653,0.7997103844370157,8.514949634275126e-09,False,0.8173335790634155,0.7099269265229532,2.9736580848693848,27,-0.10069526253002031,0.5620884347174848,-0.09923233357923372,0.02160622285945074,0.024830930999347134,0.024506577423640652,0.5668954301093305,1.0204317810759416,1.036630597940096,1.0048074160114426,1.0196943972835313,1.0007238508867176,1.024203821656051,0.9902019002375297
pretrained,14,15,123250.90879302165,0.007890923284726403,0.007121659489903065,0.002887916839134948,0.18864695620271232,0.05780526529771398,0.256648987531662,0.00025664898753166197,0.0005068835469761065,0.20275341879044262,1.405506837580885,0.9999999999999998,0.8110136985778809,0.81101367516177,2.3416110828122783e-08,False,0.8128800392150879,0.7060586309608233,2.966012716293335,28,-0.10173606207328184,0.5653832546834434,0.02023434186620371,-0.10101735671716078,0.020170816353389187,0.027543655729719563,0.5694213501576866,1.034047030048888,1.0449943420211207,1.037165241936394,0.9783549783549785,0.9924050632911392,0.9950248756218906,0.9706146926536732
pretrained,14,16,127804.22581326214,0.03749114591738212,0.03694347623746119,0.026030049383257044,0.2175532587935517,0.057525064151646564,0.01926438084670476,1.926438084670476e-05,0.000508753891502108,0.20350155660084318,1.407003113201686,0.9999999999999998,0.8140063285827637,0.8140062264033721,1.0217939161449863e-07,False,0.8164709806442261,0.7091776830558483,2.980057716369629,29,-0.10240371365632331,0.5608180926314421,0.023084224866969233,-0.10109784294451987,0.024167066173894053,0.023224765168769007,0.5722074077597685,1.028589803182445,1.0354429604664128,1.0173620255284004,1.0408441116405716,1.0557580174927113,1.08125,1.0367624343527957
pretrained,14,17,133390.56621931482,0.04463654960322683,0.04371013845985816,0.0299789384916997,0.25032179685342626,0.05579199136349728,0.3844121667955602,0.00038441216679556016,0.0005028075744797077,0.20112302979188307,1.402246059583766,0.9999999999999999,0.804492175579071,0.804492119167532,5.641153899560436e-08,False,0.8690217137336731,0.7548226698572832,3.264176845550537,30,-0.1012271832940834,0.5207466590883476,0.01877114323100873,0.015153449560914717,-0.09989584649779967,0.09800302569887467,0.5484487522127373,1.0293303784225487,1.0479104071466634,1.0217829114307377,0.9565075212557227,0.9206075250258889,1.0710982658959536,1.0146007151370682
pretrained,14,18,133595.16600151744,0.0024474802413498864,0.0015338399708584305,-0.0012487681549189509,0.2514699222061362,0.04793787015257735,0.4120576437562704,0.0004120576437562704,0.0004997675559882607,0.19990702239530428,1.3998140447906084,0.9999999999999999,0.7996280193328857,0.7996280895812169,7.024833115210072e-08,False,0.8446753025054932,0.7336756457561914,3.0944149494171143,31,-0.09886581211217813,0.5638655299054725,-0.10104121028312615,0.02280393109789916,0.053002251844320974,0.02026981168559619,0.5399654978620154,0.8883429458072976,0.9111819056684046,0.8713745250537601,0.9620512820512821,0.9591301087364079,1.0766324878575284,1.0555066079295152
pretrained,14,19,124757.36987808853,-0.06516002901700235,-0.06615356219796553,-0.05618984301768306,0.19844414724581927,0.063281361147323,0.5821160120623452,0.0005821160120623452,0.0004812333759452615,0.1924933503781046,1.3849867007562093,1.0,0.7699734568595886,0.7699734015124187,5.534716995825306e-08,False,0.9622694253921509,0.835816603104048,3.719752073287964,32,0.06869554466434888,0.5800979206604617,-0.09900165402463504,-0.09349169635346957,0.14668432569929532,0.03181244007178716,0.3652031192822116,0.8748807130139254,0.8987705690454519,0.8625624855383022,0.9506041222459132,0.9378420641125881,0.8997493734335839,0.9897050639955481
pretrained,14,20,135255.1739517932,0.08511106347546371,0.08414576296344656,0.059331692480506876,0.26065674917810266,0.05761818903553041,0.3881763565753188,0.0003881763565753188,0.000501806391403079,0.2007225565612316,1.4014451131224632,1.0,0.8028901815414429,0.8028902262449265,4.470348358154297e-08,False,0.9467150568962097,0.822306250289494,3.691953659057617,33,0.057136720046401024,0.4190028849989176,-0.10030402801930904,-0.10041852854192257,0.1398321334272623,0.025459520518779755,0.559291297569871,1.1268440206437376,1.154471978877262,1.1108063488991609,1.0661682242990655,1.0220925385577322,1.1103064066852368,1.0447005903851563
pretrained,14,21,138361.439425209,0.02429574842541271,0.0229659641303106,0.014148882837722468,0.27725527852682696,0.04899293022003664,0.7955342398158141,0.0007955342398158141,0.0005035517284912724,0.20142069139650895,1.4028413827930177,0.9999999999999998,0.8056827783584595,0.8056827655860355,1.277242400732348e-08,False,1.0140231847763062,0.8807693473406226,4.1423139572143555,34,-0.11390781615461626,0.25735294606004444,-0.08751287524189269,0.07945900942598069,0.07475948865924562,0.21549436237130845,0.5743548848799296,1.0452818452385757,1.0675310126503827,1.0426107204951207,0.982468443197756,0.9755301794453507,1.0065228299046662,1.0306781485468246
pretrained,14,22,144106.8444882131,0.04250401455032793,0.041524611820114465,0.026224328849691485,0.3060704343701087,0.051816539871805484,0.43899642782551895,0.00043899642782551897,0.0005009165752146925,0.20036663008587702,1.400733260171754,1.0,0.8014665842056274,0.8014665203435078,6.386211959252819e-08,False,0.9235973358154297,0.8022264528903715,3.497694492340088,35,-0.10567023179360799,0.46153114416769575,-0.09469639829226903,0.06525230088404246,0.0818419201033456,0.02962182887962886,0.5621194360511643,1.0183883698313119,1.0599512631895773,1.0169313969075835,1.0549607423269096,1.023829431438127,1.175972083748754,1.0135770234986945
pretrained,14,23,156303.5196439017,0.08579284806807008,0.08463633492915879,0.051160623020682666,0.36021914139985534,0.059761680181278976,0.5595693119934626,0.0005595693119934626,0.0005061307416430542,0.2024522966572217,1.4049045933144433,0.9999999999999999,0.8098092079162598,0.8098091866288866,2.1287373197509396e-08,False,0.9913438558578491,0.8610703325355131,4.00418758392334,36,-0.10713229434830804,0.37411871446030476,0.04440751565354209,0.08639983726399283,-0.09532000230891366,0.14915503455059867,0.5483711947287833,1.0551013292304916,1.0682486990147664,1.0238423367924046,1.11468200270636,1.0955492037566352,1.1479440440864774,1.0770221535291085
pretrained,14,24,154170.51195895713,-0.012499927170988356,-0.013646574880745388,-0.012921149674010073,0.35136752982553665,0.08139076199382773,0.6804051846265793,0.0006804051846265792,0.00048143163855586746,0.19257265542234697,1.3851453108446938,1.0,0.7702906131744385,0.7702906216893877,8.514949190185916e-09,False,1.0137790441513062,0.8805572894881308,4.1533002853393555,37,-0.09713023262364526,0.07366979015724998,0.12379052383559089,0.09225194049733024,-0.09544242279870171,0.39412045372383936,0.5087399472083365,1.0700646851823017,1.0958744957492952,1.07574187376562,1.0303490136570561,1.039508013417816,0.9737813884785819,0.9787132265008371
pretrained,15,1,98367.31884872739,-0.014700754842568053,-0.01632681151272608,-0.02003412622499242,-0.01659780067588712,0.06872651098210597,1.1807948223182132,0.0011807948223182133,0.0004708860362214702,0.18835441448858808,1.376708828977176,0.9999999999999999,0.7534176707267761,0.7534176579543521,1.277242400732348e-08,False,1.0120043754577637,0.8790158318465069,3.982631206512451,15,-0.08813300941671645,0.10731941248689378,0.08589332337890351,0.11902998174939836,-0.10022140507187163,0.2944638186267444,0.5816478782466479,0.9305966410201849,0.9079768850724007,0.9492578825091647,0.9386987589319293,0.9339521599428774,0.9034175334323922,1.038741848868431
pretrained,15,2,97301.15344370742,-0.00893595975131145,-0.010838614059000218,-0.014157675601091834,-0.027737045870211308,0.06036860813535292,1.4206751510500908,0.0014206751510500908,0.0005009796949369568,0.2003918779747827,1.4007837559495653,0.9999999999999998,0.8015673756599426,0.8015675118991306,1.3623918793115308e-07,False,0.9514750242233276,0.8264407053779081,3.7415010929107666,16,0.033159086214644556,0.1331283019057342,-0.10539717067565238,0.05313252444778169,0.4630151854029723,-0.09499470729913032,0.5179567800036498,1.0178593449224487,1.0033726303860246,1.0168301139748919,0.9911858974358975,0.9889143730886851,1.0394736842105263,1.002215657311669
pretrained,15,3,94190.60814607875,-0.030483406718312067,-0.031968226352303564,-0.037789366663631266,-0.06167697574381892,0.07698873580047304,1.041959002614021,0.001041959002614021,0.0004907200778169293,0.1962880311267717,1.3925760622535432,0.9999999999999999,0.7851520776748657,0.7851521245070865,4.6832220768067145e-08,False,1.0322034358978271,0.8965605128240066,4.5720696449279785,17,-0.08222544406141555,0.4653096401265689,-0.11406258706535616,0.09643012817416871,0.3443119430116245,0.05050585206065858,0.23973046775375093,0.9005749972130336,0.8982312353523753,0.906226913619528,0.9240097008892482,0.9984538074990336,0.9446202531645569,1.0361090641120116
pretrained,15,4,96520.2968247002,0.02602721222114157,0.024733768307434234,0.02291424374674849,-0.03605151755407077,0.05422428885999318,0.7627570363027708,0.0007627570363027709,0.0004986713773437909,0.19946855093751636,1.3989371018750327,1.0,0.7978741526603699,0.7978742037500655,5.108969558520471e-08,False,1.0627555847167969,0.9230977721087376,5.0710649490356445,18,0.1512660655592169,0.26576721402151243,-0.12036972013967379,-0.07909883079784258,0.4034054848764624,0.05332941668374197,0.3257003697965826,1.0878451084988776,1.105887779215494,1.080196082028685,1.0822397200349958,1.0007742934572201,0.9865996649916248,1.0035561877667143
pretrained,15,5,106082.94858999921,0.10167360290363758,0.09907399873279155,0.08969545130737912,0.05734143583724505,0.07395004167873397,1.8537764783416475,0.0018537764783416474,0.0005086983261363847,0.2034793304545539,1.4069586609091078,0.9999999999999999,0.8139173984527588,0.8139173218182156,7.663454315576246e-08,False,1.0162845849990845,0.8827335746168774,4.255136013031006,19,-0.11259458373699871,-0.0908847467175552,0.05249674831117901,0.19384576965655598,0.09702985574092182,0.3190721331962517,0.5410348235496453,1.0297288920628345,1.0344408881821956,1.0366536879752946,1.1059013742926436,1.085880077369439,1.2478777589134125,0.9968107725017719
pretrained,15,6,111738.55167436933,0.054900971257882736,0.05331302682986783,0.039935366516339124,0.10505373032378329,0.15553855940398228,0.9990732754979814,0.0009990732754979815,0.0005073627217539719,0.20294508870158878,1.4058901774031773,0.9999999999999999,0.8117802739143372,0.8117803548063547,8.089201752881081e-08,False,1.0191497802734375,0.8852222516113311,4.295096397399902,20,-0.08372887862580164,-0.11921621007578714,0.29818292813641684,0.08690166579825537,0.06977433817727224,0.5440568860088075,0.2040292705808367,1.0179242518378595,1.0261253529989354,1.0004892614601024,1.0303362573099413,1.0399002493765588,1.1047619047619048,0.9850693210095981
pretrained,15,7,109662.17216255573,-0.01769717014887151,-0.018582480985297023,-0.021796140887302643,0.08810852431623528,0.09701869759509267,0.3887552235807693,0.0003887552235807693,0.0005129117545272623,0.20516470181090493,1.41032940362181,1.0,0.8206589221954346,0.8206588072436198,1.1495181473364369e-07,False,0.9911218881607056,0.8608775338434528,4.13216495513916,21,0.051384265933718004,-0.11792772689035963,0.30995966068335945,0.04953536710568837,-0.0872369749205453,0.5441491114241737,0.25013629666396553,1.0393135068908235,1.0489629372043836,1.0256175982612805,1.038666193685704,0.984583761562179,0.9562807881773397,0.9945867917719236
pretrained,15,8,107796.08773353134,-0.015386395245853945,-0.017016664837335438,-0.019124232472094355,0.07232254803906268,0.06676512389843511,1.1442160989556993,0.0011442160989556993,0.0005129017095480646,0.20516068381922584,1.4103213676384516,1.0,0.8206427097320557,0.8206427352769032,2.554484757055775e-08,False,1.0638062953948975,0.9240104078078895,4.695656776428223,22,-0.11070000699588228,-0.09446067682334355,0.1793627632515771,0.13664964267185756,0.104209337915693,0.26472223230770653,0.5202167076723916,0.9342222757517478,0.9192601541484278,0.933144921461059,0.9316939890710383,0.9439805149617257,0.9175788795878945,1.0359216255442671
pretrained,15,9,113754.15721304137,0.05756662537065105,0.05527166713358089,0.045789336574218784,0.1209112488722699,0.05598728517976846,1.6741455474070142,0.0016741455474070142,0.0004982489493808576,0.19929957975234308,1.398599159504686,0.9999999999999999,0.7971982359886169,0.7971983190093721,8.30207551594242e-08,False,0.9812743663787842,0.8523240851028316,3.9672164916992188,23,0.026994901576212454,0.16540921186762195,-0.09498654598636289,0.08637729739504199,0.5437173143561398,-0.1043130337659802,0.3768008545573268,1.068930144367124,1.074208932789611,1.0719290343572334,1.0821114369501466,1.0269074824917066,1.0224561403508772,1.0819614711033276
pretrained,15,10,115106.6242500131,0.013801358382247164,0.011889385584729073,0.006677462181837913,0.13124026830290247,0.07303114497589333,1.3751123462404524,0.0013751123462404525,0.0005126124913139004,0.20504499652556016,1.4100899930511201,0.9999999999999999,0.8201799988746643,0.8201799861022403,1.277242400732348e-08,False,1.087154746055603,0.9442906143737589,5.296689033508301,24,-0.11644563291754045,-0.0885993636080197,0.07450567718063081,0.2905276396444866,0.2536102512053081,0.17535060431276048,0.4110508241823741,1.0131281613727836,1.0211309798074761,1.0099364281396368,1.0027100271002711,1.007896625987078,1.037748798901853,1.0171576561994171
pretrained,15,11,119980.50040045106,0.04358674345331681,0.042342273367793615,0.03290819167699788,0.16653123077302934,0.0476554158625797,0.6844940717731203,0.0006844940717731203,0.0005087107047438621,0.20348428189754486,1.4069685637950897,1.0,0.8139370083808899,0.8139371275901794,1.1920928955078125e-07,False,1.0616868734359741,0.9221695012847194,4.911506175994873,25,-0.12400128692388535,0.1840183436870575,-0.07948299497365952,0.26774923503398895,0.19882464408874512,0.07221190631389618,0.4806801527738571,0.9819083802034764,0.9740025585719445,0.9828400247399243,0.9851351351351353,0.9754273504273504,1.0244708994708993,1.1078930617441118
pretrained,15,12,119612.24412836127,-0.001177890326440445,-0.0030693010185878222,-0.0063759145985929876,0.16396518827382323,0.07619744198773751,1.4000694432428906,0.0014000694432428906,0.0004953669557081803,0.1981467822832721,1.3962935645665442,0.9999999999999999,0.7925870418548584,0.7925871291330884,8.727822997656176e-08,False,0.9674824476242065,0.8403445766828896,3.898932456970215,26,0.018650783491986123,0.5282421002962759,-0.10547608483050552,0.0836681689002684,0.4119835386851004,-0.09267069745276657,0.1556021909096411,1.0171811676906573,1.0045787328777878,1.0194502657857352,1.0099451303155005,1.0087623220153341,1.013557133634603,0.9675380637747775
pretrained,15,13,120987.93535105947,0.013122259433654637,0.011501257523618413,0.006652337407941095,0.17347130761559593,0.057075638676632096,1.1009741622422422,0.0011009741622422422,0.0005003134280975375,0.20012537123901503,1.4002507424780302,1.0,0.8005014061927795,0.8005014849560603,7.876328078637584e-08,False,0.8435047268867493,0.7326588966924494,3.077169179916382,27,-0.10172274575701781,0.5428976355386632,-0.09840262548199721,0.03372036798724107,0.0318177877260106,0.02639067119785718,0.565298908789243,1.0204317810759416,1.036630597940096,1.0048074160114426,1.0196943972835313,1.0007238508867176,1.024203821656051,0.9902019002375297
pretrained,15,14,121591.54367481683,0.00577839406186631,0.0049889959854751975,0.0011398232398226286,0.17757438570367223,0.059265096965073545,0.2811709525329727,0.0002811709525329727,0.0005040000432303975,0.20160001729215898,1.403200034584318,1.0,0.8064000606536865,0.8064000691686362,8.514949634275126e-09,False,0.822002112865448,0.7139819634605562,2.9959347248077393,28,-0.10237731891019006,0.5575414885367667,0.02231577118592601,0.024829950981906462,-0.09922269838196893,0.02756125373499732,0.5693515528525626,1.034047030048888,1.0449943420211207,1.037165241936394,0.9783549783549785,0.9924050632911392,0.9950248756218906,0.9706146926536732
pretrained,15,15,125455.97300447979,0.03258936172292293,0.03178205665352807,0.022363889140148207,0.20290762085573089,0.059386920238208935,0.273540628275701,0.000273540628275701,0.0005085910204797983,0.20343640819191933,1.4068728163838387,1.0,0.8137457370758057,0.8137456327676773,1.043081283569336e-07,False,0.829677164554596,0.7206484286543946,3.029838800430298,29,-0.103837376460433,0.5493915174156427,0.026356525719165802,0.026130259037017822,0.028364546597003937,-0.09959903173148632,0.573193559423089,1.028589803182445,1.0354429604664128,1.0173620255284004,1.0408441116405716,1.0557580174927113,1.08125,1.0367624343527957
pretrained,15,16,130831.0315486013,0.043816243805192334,0.04284418202973539,0.02997689033257705,0.23565534249531728,0.055416626140186886,0.42907122895121574,0.00042907122895121573,0.0005026202276349068,0.2010480910539627,1.4020961821079254,1.0,0.804192304611206,0.8041923642158508,5.960464477539063e-08,False,0.8993875980377197,0.7811981418400032,3.412733793258667,30,-0.10130391642451286,0.48526592925190926,0.02661961503326893,0.02338406629860401,-0.09974417462944984,0.11214003339409828,0.5536384470760822,1.0293303784225487,1.0479104071466634,1.0217829114307377,0.9565075212557227,0.9206075250258889,1.0710982658959536,1.0146007151370682
pretrained,15,17,130840.30232823374,0.0010796238013623949,7.086070882955653e-05,-0.0025870424823260475,0.23570950066185203,0.05282401297721608,0.5053330611969743,0.0005053330611969743,0.0005028501671871969,0.2011400668748788,1.4022801337497577,1.0,0.8045603036880493,0.8045602674995154,3.618853394726784e-08,False,0.8699859380722046,0.7556601844763653,3.230675220489502,31,-0.09985099653048177,0.5551717289324318,-0.10128907034439702,0.028907001816800643,0.07604070087628703,0.0182730582143579,0.5227475770350014,0.8883429458072976,0.9111819056684046,0.8713745250537601,0.9620512820512821,0.9591301087364079,1.0766324878575284,1.0555066079295152
pretrained,15,18,122691.50113921582,-0.061241307444822146,-0.06228051329761797,-0.05402900139536859,0.18494762007572285,0.06534241618478813,0.6237742054675307,0.0006237742054675307,0.00048383895041687145,0.1935355801667486,1.387071160333497,0.9999999999999999,0.774142324924469,0.7741423206669942,4.257474817137563e-09,False,0.9806029200553894,0.8517408742365425,3.8657100200653076,32,0.07572367840579577,0.5781685715275151,-0.09913253730961255,0.03415633418730327,0.18195042067340442,-0.09440304285713605,0.32353657537272995,0.8748807130139254,0.8987705690454519,0.8625624855383022,0.9506041222459132,0.9378420641125881,0.8997493734335839,0.9897050639955481
pretrained,15,19,131738.21667440332,0.07479333364987695,0.07373547027452498,0.05363879294671462,0.24091882731983294,0.0466482859479094,0.4801997020840645,0.0004801997020840645,0.0005045331615422453,0.20181326461689814,1.4036265292337962,0.9999999999999999,0.8072531223297119,0.8072530584675923,6.386211959252819e-08,False,0.9728182554244995,0.8449792004512168,3.8741912841796875,33,0.07181319275072642,0.3698098106043679,-0.10148506185838155,0.03026123770645686,0.16629259714058467,-0.10032820275851659,0.5636364264147622,1.1268440206437376,1.154471978877262,1.1108063488991609,1.0661682242990655,1.0220925385577322,1.1103064066852368,1.0447005903851563
pretrained,15,20,133834.17181021406,0.017350745817360957,0.01591000082376226,0.008582858604951303,0.2528066737558866,0.06609975662204738,0.9075021616050176,0.0009075021616050176,0.0005096748897007534,0.20386995588030135,1.4077399117606026,1.0,0.8154797554016113,0.8154798235212053,6.811959396557654e-08,False,1.03592848777771,0.8997960517764795,4.300190448760986,34,-0.11746767269713537,0.1757062439407621,-0.08640228318316598,0.1312515501465116,0.09592594844954352,0.22514700038092475,0.5758392129625594,1.0452818452385757,1.0675310126503827,1.0426107204951207,0.982468443197756,0.9755301794453507,1.0065228299046662,1.0306781485468246
pretrained,15,21,139250.2602385055,0.04149020100488632,0.04046865127967325,0.026777951773889294,0.28186848750787474,0.045677239561976724,0.48098551535180645,0.00048098551535180644,0.0005003497363733395,0.20013989454933578,1.4002797890986716,0.9999999999999999,0.8005595207214355,0.8005595781973431,5.747590758886645e-08,False,0.9694109559059143,0.8420196576929904,3.8194594383239746,35,-0.10706737610910622,0.3922654989042452,-0.09307251844022957,0.10593014237071785,0.1094591545739344,0.031056968761341897,0.5614281299390963,1.0183883698313119,1.0599512631895773,1.0169313969075835,1.0549607423269096,1.023829431438127,1.175972083748754,1.0135770234986945
pretrained,15,22,151329.38230696841,0.08797759855816234,0.08674398200602296,0.05430854037629591,0.3391897959567949,0.06025536145248448,0.6277441148247037,0.0006277441148247037,0.0005067612816180502,0.2027045126472201,1.4054090252944402,1.0,0.8108180165290833,0.8108180505888805,3.4059797204832876e-08,False,1.0300137996673584,0.8946586189594705,4.312551975250244,36,-0.10856628471187185,0.2949971849364894,0.06012761167117528,0.15047590381332807,-0.09413822793534823,0.14718313461967877,0.5499206776065486,1.0551013292304916,1.0682486990147664,1.0238423367924046,1.11468200270636,1.0955492037566352,1.1479440440864774,1.0770221535291085
pretrained,15,23,149487.42289740153,-0.011059265970630783,-0.012171855732751924,-0.011503514842044163,0.3310474014350123,0.06722240640523208,0.6428143392716137,0.0006428143392716137,0.00048285077192953657,0.19314030877181465,1.3862806175436293,0.9999999999999999,0.7725613117218018,0.7725612350872586,7.663454315576246e-08,False,1.025498390197754,0.8907365841271048,4.330461502075195,37,-0.097982259201152,0.048505010349409905,0.14891768087233814,0.12882863570536884,-0.09515804957066265,0.3692162095436028,0.49767277230109486,1.0700646851823017,1.0958744957492952,1.07574187376562,1.0303490136570561,1.039508013417816,0.9737813884785819,0.9787132265008371
pretrained,15,24,144172.24120709373,-0.03451332793070139,-0.035556046035764455,-0.027599593194071643,0.30638520173688133,0.058747869918812985,0.5862664878368378,0.0005862664878368378,0.0004943093551056727,0.19772374204226906,1.3954474840845381,0.9999999999999999,0.7908951640129089,0.7908949681690762,1.958438327065437e-07,False,1.0096919536590576,0.8770072877924853,4.172230243682861,38,-0.11152668829475132,0.046799997133868065,0.24619289700474056,0.2568608469196728,-0.08619705374751774,0.09133240793432507,0.5565375930496624,0.9607720184563087,0.9483673729353325,0.9771948490503586,0.9664212076583212,0.9602007888131946,0.943875616230565,0.9630987292277614
pretrained,16,1,98929.50290520533,-0.008803750378082564,-0.010704970947946646,-0.014190087422417874,-0.010820807376546115,0.06738560091743516,1.4150747720684325,0.0014150747720684325,0.0005048742571047376,0.201949702841895,1.40389940568379,1.0,0.8077988624572754,0.8077988113675798,5.108969558520471e-08,False,0.9462816715240479,0.8219298165381591,3.6761980056762695,16,0.03658620534198623,0.11844634530799728,-0.1053255620811667,0.05366548044340949,0.4509017270590578,-0.09662414076072831,0.5423499446894442,1.0178593449224487,1.0033726303860246,1.0168301139748919,0.9911858974358975,0.9889143730886851,1.0394736842105263,1.002215657311669
pretrained,16,2,96249.10348117605,-0.025628255913270337,-0.02709403509888908,-0.031245246308534237,-0.038970716434335806,0.06190674501489089,1.01484491782529,0.0010148449178252902,0.0004906203331691879,0.19624813326767518,1.3924962665353502,0.9999999999999999,0.784992516040802,0.7849925330707004,1.7029898380371833e-08,False,1.0338528156280518,0.8979931458548058,4.649782657623291,17,-0.08339206342186248,0.4454567411116191,-0.1128560698458127,0.09414510216031755,0.3123955705336162,0.04330830063138688,0.30094241883073536,0.9005749972130336,0.8982312353523753,0.906226913619528,0.9240097008892482,0.9984538074990336,0.9446202531645569,1.0361090641120116
pretrained,16,3,99406.31307819608,0.034134440843852865,0.032802483169492636,0.030654627527987144,-0.005972326137243522,0.046875255382102805,0.7897126302123069,0.0007897126302123069,0.0004991103070122856,0.19964412280491425,1.3992882456098283,0.9999999999999999,0.7985764741897583,0.7985764912196567,1.7029898380371833e-08,False,1.0575618743896484,0.9185865726373686,4.947591304779053,18,0.14858306358967507,0.22054862390671456,-0.1187914966472558,0.05429325784955705,0.3787137509456703,-0.08085262615765845,0.3975054265132972,1.0878451084988776,1.105887779215494,1.080196082028685,1.0822397200349958,1.0007742934572201,0.9865996649916248,1.0035561877667143
pretrained,16,4,108881.65223374435,0.0977628125642458,0.09531928971246195,0.08403148529880014,0.08157161515768929,0.07024911992265344,1.7170274992074286,0.0017170274992074285,0.0005113650086734975,0.20454600346939902,1.409092006938798,1.0,0.8181840777397156,0.818184013877596,6.386211959252819e-08,False,1.0219700336456299,0.8876718925655555,4.2725043296813965,19,-0.10948424360581804,-0.09506175986358098,0.060763355876718245,0.20162013598850795,0.0938776923077447,0.3001420838492257,0.5481427354472024,1.0297288920628345,1.0344408881821956,1.0366536879752946,1.1059013742926436,1.085880077369439,1.2478777589134125,0.9968107725017719
pretrained,16,5,114564.97223970122,0.053796566488999664,0.052197224136129705,0.037842407675829366,0.12713285705885136,0.15437668450665393,1.0101480696882519,0.001010148069688252,0.0005087003404540676,0.20348013618162705,1.406960272363254,0.9999999999999998,0.8139205574989319,0.8139205447265079,1.277242400732348e-08,False,1.0184342861175537,0.8846007812838623,4.323370456695557,20,-0.08315493379320418,-0.12032520238842287,0.3030285888484546,0.08840684379850114,0.06374427463327134,0.5366215759090014,0.2116788529923984,1.0179242518378595,1.0261253529989354,1.0004892614601024,1.0303362573099413,1.0399002493765588,1.1047619047619048,0.9850693210095981
pretrained,16,6,112460.95433260541,-0.01748870933903579,-0.018365280992637345,-0.020234538787806088,0.11080249502197803,0.07808353501865525,0.37756258142845966,0.00037756258142845965,0.0005150102797363486,0.2060041118945394,1.4120082237890788,0.9999999999999999,0.8240163922309875,0.8240164475781575,5.534716995825306e-08,False,0.9868485331535339,0.8571657448457962,4.137144565582275,21,0.04616060161164828,-0.1204263599855559,0.3213912514703614,0.04904873722365924,-0.08557775190898351,0.5373282400625092,0.25207528152636116,1.0393135068908235,1.0489629372043836,1.0256175982612805,1.038666193685704,0.984583761562179,0.9562807881773397,0.9945867917719236
pretrained,16,7,110590.23471336007,-0.014994401842764349,-0.01663439217946394,-0.018749147579310205,0.0957610293604042,0.0741536383547275,1.1526346685630935,0.0011526346685630936,0.0005137082561850547,0.2054833024740219,1.4109666049480438,1.0,0.8219330906867981,0.8219332098960876,1.1920928955078125e-07,False,1.0674701929092407,0.9271928287533661,4.732573986053467,22,-0.10925563424825668,-0.09622766822576523,0.19587013125419617,0.14515338838100433,0.10181096196174622,0.24194826185703278,0.5207005590200424,0.9342222757517478,0.9192601541484278,0.933144921461059,0.9316939890710383,0.9439805149617257,0.9175788795878945,1.0359216255442671
pretrained,16,8,116799.53767563861,0.05815895072892929,0.05614693719000141,0.04463495094962898,0.14383222750668967,0.06872494393312965,1.4028419974659172,0.0014028419974659173,0.0005003964674792121,0.20015858699168482,1.4003171739833695,1.0,0.8006342053413391,0.800634347966739,1.4262539993481482e-07,False,0.9737365245819092,0.8457767989071466,3.903297185897827,23,-0.09432398075503964,0.14856353109436374,0.02672606972711425,0.08539324706154208,0.5435091078813588,-0.10583460623664517,0.39596663122730597,1.068930144367124,1.074208932789611,1.0719290343572334,1.0821114369501466,1.0269074824917066,1.0224561403508772,1.0819614711033276
pretrained,16,9,118172.89935766664,0.013392711446897243,0.011758280121296094,0.006097396316567336,0.15378229235675978,0.07705337067005538,1.1019688860646317,0.0011019688860646317,0.0005121642697070325,0.20486570788281303,1.409731415765626,1.0,0.8194628953933716,0.819462831531252,6.386211959252819e-08,False,1.0865654945373535,0.9437787970081012,5.256396770477295,24,-0.11492099187203814,-0.08994471601077489,0.0792796430843217,0.2966155750410897,0.25162992307118004,0.16111790069511958,0.41622266599110197,1.0131281613727836,1.0211309798074761,1.0099364281396368,1.0027100271002711,1.007896625987078,1.037748798901853,1.0171576561994171
pretrained,16,10,123303.19896478007,0.04464672328825947,0.04341350373054542,0.03279495694462791,0.18899103316400012,0.04827567725224871,0.6714877528803689,0.0006714877528803689,0.0005097231002790588,0.20388924011162354,1.407778480223247,0.9999999999999999,0.8155570030212402,0.8155569604464938,4.257474639501879e-08,False,1.0515272617340088,0.9133449746838329,4.807315349578857,25,-0.12634883288826265,0.17199764187846864,-0.07754040722336089,0.2772408181003162,0.1982511037162372,0.06637549187455857,0.49002418454204283,0.9819083802034764,0.9740025585719445,0.9828400247399243,0.9851351351351353,0.9754273504273504,1.0244708994708993,1.1078930617441118
pretrained,16,11,122870.84286658313,-0.0016020165366906758,-0.003506446725039414,-0.0069883108207666215,0.18613726684871035,0.08269089010953694,1.412621864250728,0.001412621864250728,0.0004966857164566006,0.19867428658264025,1.3973485731652804,1.0,0.794697105884552,0.7946971463305608,4.0446008764405406e-08,False,0.9707576632499695,0.8431893928295139,3.9367010593414307,26,0.018352248306785307,0.5264443741845233,-0.10490062220820359,0.08246511832943984,0.4054142223404987,-0.09377366437443665,0.16599832342139312,1.0171811676906573,1.0045787328777878,1.0194502657857352,1.0099451303155005,1.0087623220153341,1.013557133634603,0.9675380637747775
pretrained,16,12,124275.66477226383,0.013040173733781302,0.011433321957480924,0.006452569623569198,0.19533723530466873,0.05494797664778373,1.0857641148780073,0.0010857641148780074,0.0005016630528760809,0.20066522115043234,1.4013304423008643,0.9999999999999998,0.8026608228683472,0.8026608846017287,6.173338151782559e-08,False,0.8438031673431396,0.7329181187792235,3.0800530910491943,27,-0.1026618036308459,0.5413775962910481,-0.09800341751958644,0.034191868933183794,0.031819466235382204,0.026306008653981333,0.5669702810368367,1.0204317810759416,1.036630597940096,1.0048074160114426,1.0196943972835313,1.0007238508867176,1.024203821656051,0.9902019002375297
pretrained,16,13,124894.02542629238,0.005766065291719302,0.00497571793449425,0.0009145630163949169,0.19932118723312242,0.06138777824117543,0.28143902814814054,0.00028143902814814053,0.0005046861765107939,0.20187447060431757,1.4037489412086352,1.0,0.8074977397918701,0.8074978824172705,1.4262540037890403e-07,False,0.8222225308418274,0.7141734160822639,2.997252941131592,28,-0.1022181987230267,0.5569816649492298,0.022963284381798316,0.024948092975786734,-0.09965627188129086,0.026932756283453513,0.5700486720140492,1.034047030048888,1.0449943420211207,1.037165241936394,0.9783549783549785,0.9924050632911392,0.9950248756218906,0.9706146926536732
pretrained,16,14,128857.96211038489,0.0325474790199336,0.03173840118102267,0.0220073794709219,0.22395171891407073,0.052463044200528185,0.27411065410290447,0.0002741106541029045,0.0005097709662680116,0.2039083865072046,1.407816773014409,0.9999999999999999,0.8156334161758423,0.8156335460288182,1.2985297592749134e-07,False,0.8306267261505127,0.7214732073770623,3.0346617698669434,29,-0.10377425460943154,0.548549281965409,0.027189685563955984,0.026213940765176497,0.028214471946869574,-0.10013413189777307,0.5737410062657935,1.028589803182445,1.0354429604664128,1.0173620255284004,1.0408441116405716,1.0557580174927113,1.08125,1.0367624343527957
pretrained,16,15,134345.1081541479,0.04354506474572872,0.04258290255329733,0.028780771312237434,0.25564837176460664,0.05831763076596957,0.4194566485072886,0.0004194566485072886,0.0005029817404491561,0.20119269617966246,1.4023853923593248,0.9999999999999998,0.8047707080841064,0.8047707847186496,7.663454315576246e-08,False,0.8979707956314087,0.779967522905987,3.3958957195281982,30,-0.10130972628082549,0.48727636571441374,0.028052741395575648,0.02389299284134591,-0.09988296989883697,0.10626660819564546,0.5557039880326815,1.0293303784225487,1.0479104071466634,1.0217829114307377,0.9565075212557227,0.9206075250258889,1.0710982658959536,1.0146007151370682
pretrained,16,16,134388.9491164102,0.0013253980853680236,0.00032633091643341494,-0.0022166534178947204,0.2558911974720619,0.04918958250699967,0.4950049950608185,0.0004950049950608185,0.0005032378435134888,0.2012951374053955,1.402590274810791,1.0,0.8051806092262268,0.805180549621582,5.960464477539063e-08,False,0.8671126365661621,0.7531644664985282,3.2159605026245117,31,-0.10011854395270348,0.5554693974554539,-0.10117659345269203,0.028371712192893028,0.07375659421086311,0.018015636131167412,0.5256817974150181,0.8883429458072976,0.9111819056684046,0.8713745250537601,0.9620512820512821,0.9591301087364079,1.0766324878575284,1.0555066079295152
pretrained,16,17,126128.39837062774,-0.060444017168898245,-0.06146748523665446,-0.05241600799773327,0.20715714072456182,0.07363902500466368,0.6057576638247285,0.0006057576638247285,0.0004841464278953417,0.19365857115813667,1.3873171423162733,0.9999999999999999,0.7746343612670898,0.7746342846325467,7.663454315576246e-08,False,0.9762117266654968,0.8479267321201417,3.8351731300354004,32,0.07302992631282124,0.5776969252952507,-0.09891386489783016,0.033291610223906365,0.17407680143203053,-0.09474470626030651,0.3355633078941277,0.8748807130139254,0.8987705690454519,0.8625624855383022,0.9506041222459132,0.9378420641125881,0.8997493734335839,0.9897050639955481
pretrained,16,18,135384.0008016616,0.07442408724091476,0.07338238295737587,0.05179162152701535,0.2613602832841332,0.048230420651120445,0.4654383467776434,0.0004654383467776434,0.0005045786260494164,0.20183145041976658,1.403662900839533,0.9999999999999999,0.8073256611824036,0.8073258016790659,1.4049666230420144e-07,False,0.9752529859542847,0.8470939805192309,3.882197618484497,33,0.0748071681175913,0.3637578051005091,-0.10118679595845087,0.031506554356643124,0.16525468336684362,-0.10064465446131571,0.5665052394781793,1.1268440206437376,1.154471978877262,1.1108063488991609,1.0661682242990655,1.0220925385577322,1.1103064066852368,1.0447005903851563
pretrained,16,19,137502.7831791673,0.017086193700124763,0.015650168151033927,0.00826376035032731,0.27274199337696936,0.062358994850177214,0.9034444838762283,0.0009034444838762284,0.0005094547144004277,0.2037818857601711,1.407563771520342,0.9999999999999999,0.8151276111602783,0.8151275430406839,6.811959440966575e-08,False,1.0356948375701904,0.8995931057848369,4.297049045562744,34,-0.11821777267115458,0.17281576352460043,-0.08556411308901651,0.13418697672230856,0.097499423793384,0.2221988673721041,0.5770808543477739,1.0452818452385757,1.0675310126503827,1.0426107204951207,0.982468443197756,0.9755301794453507,1.0065228299046662,1.0306781485468246
pretrained,16,20,143059.55908130293,0.041431991316351224,0.040412097658380386,0.025816027432440335,0.30099043613598386,0.048648306531483346,0.48004283915672974,0.00048004283915672975,0.0004997555472488914,0.1999022188995566,1.3998044377991132,1.0,0.7996088862419128,0.7996088755982265,1.0643686376710093e-08,False,0.9695104360580444,0.8421060650552484,3.818389415740967,35,-0.10731267423502039,0.390122031260814,-0.0925895446645362,0.10669765381940774,0.10930947719940118,0.031121774975742617,0.5626512816441911,1.0183883698313119,1.0599512631895773,1.0169313969075835,1.0549607423269096,1.023829431438127,1.175972083748754,1.0135770234986945
pretrained,16,21,155422.32212433298,0.0876480491241085,0.08641689602862601,0.05248913426264959,0.35659177759547855,0.06224414393690204,0.6258285258497511,0.0006258285258497512,0.0005067533041749681,0.20270132166998725,1.4054026433399744,1.0,0.8108051419258118,0.8108052866799489,1.44754137121339e-07,False,1.030538558959961,0.89511441908968,4.309135913848877,36,-0.10841998032161165,0.293015678014074,0.06245992013386317,0.1527904463665826,-0.0942813413483756,0.1428937805550439,0.5515414966004235,1.0551013292304916,1.0682486990147664,1.0238423367924046,1.11468200270636,1.0955492037566352,1.1479440440864774,1.0770221535291085
pretrained,16,22,153586.54519104311,-0.010699548730392694,-0.011811539733792564,-0.01192081116815701,0.34890129942299253,0.08460665991341969,0.6419761021222387,0.0006419761021222387,0.00048267356253096043,0.19306942501238417,1.3861388500247682,0.9999999999999999,0.7722776532173157,0.7722777000495364,4.6832220768067145e-08,False,1.026606559753418,0.8916991279731808,4.343246936798096,37,-0.09805551011647498,0.04778084691081727,0.15246298323784555,0.13019151400242532,-0.09501391489590919,0.3635142983070442,0.49911978255425177,1.0700646851823017,1.0958744957492952,1.07574187376562,1.0303490136570561,1.039508013417816,0.9737813884785819,0.9787132265008371
pretrained,16,23,148142.94638922907,-0.03440659637457255,-0.03544320106323673,-0.02709653555274458,0.32497629865372624,0.06343069566956576,0.5798133909702301,0.0005798133909702301,0.0004943048687917847,0.19772194751671388,1.3954438950334276,0.9999999999999998,0.790887713432312,0.7908877900668552,7.663454315576246e-08,False,1.0081093311309814,0.8756326393307268,4.162655353546143,38,-0.11155432675565996,0.046067541199071055,0.24960916276488984,0.25671180124793735,-0.08616762076105391,0.08881972517286027,0.5565137171319552,0.9607720184563087,0.9483673729353325,0.9771948490503586,0.9664212076583212,0.9602007888131946,0.943875616230565,0.9630987292277614
pretrained,16,24,144944.10568474527,-0.019865082840009984,-0.021592932923577668,-0.017077647147202578,0.31007887814699486,0.043604532809424064,1.264342337846756,0.0012643423378467561,0.0005000829803092139,0.2000331921236856,1.400066384247371,0.9999999999999999,0.800132691860199,0.8001327684947421,7.663454315576246e-08,False,0.9642297029495239,0.8375192785563799,3.877655267715454,39,-0.09432661001171386,0.3753640332392284,0.031568670379264,0.0442666576376983,0.19947933937822068,-0.10570658211197173,0.5493544914892741,0.972334225393994,0.9770852563241543,0.9539229191567941,1.0146296860713198,1.00336071695295,1.0297308155885898,0.9807155544278103
pretrained,17,1,97080.7693407364,-0.02753922282457333,-0.029192306592636053,-0.03328151447739858,-0.030070122837795088,0.06422783279206985,1.2136645732181413,0.0012136645732181413,0.00048767951982361924,0.1950718079294477,1.3901436158588953,1.0,0.7802871465682983,0.7802872317177907,8.514949234594837e-08,False,1.0457994937896729,0.9083698986601381,4.753415107727051,17,-0.08198825216719083,0.43192984216979574,-0.11308355576225687,0.10585137509873935,0.348025128777538,0.05381671765020915,0.25544874423316544,0.9005749972130336,0.8982312353523753,0.906226913619528,0.9240097008892482,0.9984538074990336,0.9446202531645569,1.0361090641120116
pretrained,17,2,100346.94244625232,0.03497974320194275,0.033643873320082784,0.030513149413831563,0.003457429173172266,0.0602880519427158,0.7924888538462777,0.0007924888538462777,0.0004990656434425287,0.19962625737701145,1.399252514754023,1.0,0.7985050678253174,0.7985050295080458,3.831727157788123e-08,False,1.0596011877059937,0.9203578976776897,4.973814010620117,18,0.15244135739547865,0.22614837171775953,-0.1193822276379381,0.05574783789260046,0.4189016270850386,-0.08024402973907335,0.34638706328613417,1.0878451084988776,1.105887779215494,1.080196082028685,1.0822397200349958,1.0007742934572201,0.9865996649916248,1.0035561877667143
pretrained,17,3,109966.28229700075,0.09839828233357295,0.09586081664521795,0.08365803174311048,0.09063034676468806,0.07029771696810636,1.8029449582099915,0.0018029449582099915,0.0005098783730396203,0.20395134921584812,1.407902698431696,0.9999999999999999,0.8158052563667297,0.815805396863392,1.4049666230420144e-07,False,1.0276494026184082,0.8926049297766957,4.337734222412109,19,-0.10901994524257524,-0.09493140397327288,0.061281898191996975,0.20361815126878874,0.09997022630912916,0.29948089750749723,0.5396001759384359,1.0297288920628345,1.0344408881821956,1.0366536879752946,1.1059013742926436,1.085880077369439,1.2478777589134125,0.9968107725017719
pretrained,17,4,115696.27630837343,0.05371205500376153,0.05210682667162381,0.037834041949174925,0.1356679472253457,0.14407117022965418,1.0153715291193552,0.0010153715291193553,0.0005091932442571436,0.20367729770285745,1.407354595405715,1.0,0.8147093057632446,0.8147091908114299,1.1495181473364369e-07,False,1.019033670425415,0.8851213998787495,4.332029342651367,20,-0.08302780666521617,-0.12064949103764128,0.30777479282447273,0.08849347702094487,0.06519811174699239,0.5346816288573402,0.20752928725310735,1.0179242518378595,1.0261253529989354,1.0004892614601024,1.0303362573099413,1.0399002493765588,1.1047619047619048,0.9850693210095981
pretrained,17,5,113585.06697618826,-0.017369668687654216,-0.018247858959246188,-0.021650773786572014,0.11960257926366513,0.111708116497829,0.37954582061086367,0.00037954582061086367,0.0005145675635763577,0.2058270254305431,1.411654050861086,0.9999999999999999,0.823307991027832,0.823308101722172,1.1069433991650612e-07,False,0.9845666289329529,0.855183708023336,4.1326680183410645,21,0.044850626162120266,-0.1218580369438444,0.32760717081172125,0.04909621285540716,-0.0839689884866987,0.5353286724005426,0.2489443432007517,1.0393135068908235,1.0489629372043836,1.0256175982612805,1.038666193685704,0.984583761562179,0.9562807881773397,0.9945867917719236
pretrained,17,6,111665.78602575042,-0.015256059064238103,-0.016897299984338532,-0.01858873709756594,0.10447054949364931,0.06913414655100239,1.1545539945363998,0.0011545539945363999,0.0005135041422077588,0.20540165688310352,1.4108033137662068,0.9999999999999999,0.8216065764427185,0.8216066275324136,5.10896951411155e-08,False,1.0694670677185059,0.928927292174797,4.761740207672119,22,-0.10913330210106714,-0.09626835478203638,0.20050969081265585,0.14432271676404135,0.10395210342747824,0.23913308339459555,0.5174840624843324,0.9342222757517478,0.9192601541484278,0.933144921461059,0.9316939890710383,0.9439805149617257,0.9175788795878945,1.0359216255442671
pretrained,17,7,117934.37697110987,0.05813346780458395,0.05613707804746837,0.044118575949371006,0.15207081625998853,0.06963381633936415,1.3882842856858457,0.0013882842856858457,0.0005002066213637591,0.20008264854550362,1.4001652970910072,1.0,0.8003304600715637,0.8003305941820145,1.341104507446289e-07,False,0.9738357663154602,0.8458629991816581,3.895317554473877,23,-0.09461384825408459,0.14307384379208088,0.02777356281876564,0.08731239475309849,0.5442325938493013,-0.10546880029141903,0.39769025333225727,1.068930144367124,1.074208932789611,1.0719290343572334,1.0821114369501466,1.0269074824917066,1.0224561403508772,1.0819614711033276
pretrained,17,8,119320.24057568861,0.013371191069003086,0.011751141950054445,0.0058009211667584505,0.16191922244267665,0.08094970031859336,1.0881240777671337,0.0010881240777671337,0.0005118281207978726,0.20473124831914902,1.409462496638298,1.0,0.8189250230789185,0.8189249932765961,2.9802322387695312e-08,False,1.0886155366897583,0.9455594409970182,5.282236099243164,24,-0.11468426138162613,-0.09004698693752289,0.08232345432043076,0.29461217671632767,0.2533617988228798,0.16057953983545303,0.41385427862405777,1.0131281613727836,1.0211309798074761,1.0099364281396368,1.0027100271002711,1.007896625987078,1.037748798901853,1.0171576561994171
pretrained,17,9,124501.81953874159,0.044657699388831684,0.04342581726330108,0.03180890464297894,0.19679888719310878,0.06141520214906391,0.6711691213505608,0.0006711691213505609,0.0005087475425430706,0.20349901701722828,1.4069980340344566,1.0,0.8139960169792175,0.8139960680689131,5.108969558520471e-08,False,1.0497040748596191,0.9117613746857812,4.804180145263672,25,-0.12759831441300257,0.1691937159214701,-0.07590070260422571,0.2749099444065775,0.2027705620442118,0.06642665820462362,0.4901981364403452,0.9819083802034764,0.9740025585719445,0.9828400247399243,0.9851351351351353,0.9754273504273504,1.0244708994708993,1.1078930617441118
pretrained,17,10,124047.96087067087,-0.0017466886489611033,-0.0036453978725146108,-0.006829768255996975,0.19386018683324135,0.07782135792259091,1.4075028917619161,0.0014075028917619162,0.0004963397474161217,0.1985358989664487,1.3970717979328973,1.0,0.794143557548523,0.7941435958657945,3.831727157788123e-08,False,0.9706730246543884,0.8431158766794801,3.9410810470581055,26,0.017976841756275702,0.5254543934549605,-0.1046856503401484,0.08088546884911399,0.4046861742224012,-0.09385024862630029,0.16953302068369727,1.0171811676906573,1.0045787328777878,1.0194502657857352,1.0099451303155005,1.0087623220153341,1.013557133634603,0.9675380637747775
pretrained,17,11,125462.27558447288,0.013003094902538814,0.011401353991433494,0.006765253859315383,0.20294766268071796,0.04644443976322433,1.0812576290752205,0.0010812576290752205,0.0005011744251740831,0.20046977006963324,1.4009395401392661,0.9999999999999998,0.8018789291381836,0.8018790802785323,1.5114034868091153e-07,False,0.8440235257148743,0.7331095196289946,3.0807573795318604,27,-0.10334716018821513,0.5407553163490124,-0.0971226098814181,0.03402054283235753,0.03224628764603818,0.02631272162709916,0.5671349016151257,1.0204317810759416,1.036630597940096,1.0048074160114426,1.0196943972835313,1.0007238508867176,1.024203821656051,0.9902019002375297
pretrained,17,12,126084.88418400168,0.00575260642842057,0.0049625163948952,0.0007068491202856398,0.206883516234466,0.06458008866924793,0.28140708591256836,0.00028140708591256836,0.0005044725896524532,0.2017890358609813,1.4035780717219626,0.9999999999999999,0.807155966758728,0.8071561434439252,1.766851971396477e-07,False,0.8224562406539917,0.7143764138458432,2.9979164600372314,28,-0.10248186412666527,0.5566591995635203,0.023292497066514817,0.024870459256427613,-0.09930717173431602,0.02686456803764614,0.5701023119368723,1.034047030048888,1.0449943420211207,1.037165241936394,0.9783549783549785,0.9924050632911392,0.9950248756218906,0.9706146926536732
pretrained,17,13,130086.41332604959,0.03254619480152554,0.03173678722826345,0.021531958688569115,0.23128021256640197,0.05729475286733715,0.27410950085946495,0.00027410950085946493,0.0005100926863295692,0.20403707453182768,1.408074149063655,0.9999999999999998,0.8161482214927673,0.81614829812731,7.663454271167325e-08,False,0.8313373327255249,0.7220904324057263,3.037835121154785,29,-0.10395637367452895,0.5480242275765963,0.027650836589080935,0.02617108608995164,0.028387091787798052,-0.10008070085729873,0.5738038324884005,1.028589803182445,1.0354429604664128,1.0173620255284004,1.0408441116405716,1.0557580174927113,1.08125,1.0367624343527957
pretrained,17,14,135614.5395077222,0.043456184676592846,0.04249579983281482,0.02861091984162904,0.2626159380624098,0.05449611308757573,0.41762780557785695,0.000417627805577857,0.0005031842924654484,0.20127371698617935,1.4025474339723587,1.0,0.8050948977470398,0.8050948679447174,2.9802322387695312e-08,False,0.8982180953025818,0.7801823246711209,3.395275831222534,30,-0.10164011642336845,0.4871518947184086,0.028936367481946945,0.02386956661939621,-0.0996336005628109,0.10513141378760338,0.5561844743788242,1.0293303784225487,1.0479104071466634,1.0217829114307377,0.9565075212557227,0.9206075250258889,1.0710982658959536,1.0146007151370682
pretrained,17,15,135668.88767416432,0.001398127154471851,0.00040075471729950074,-0.002279552874976661,0.26291132982405085,0.051498892732354445,0.49328819981643135,0.0004932881998164313,0.0005031880483563456,0.20127521934253828,1.4025504386850767,1.0,0.8051008582115173,0.8051008773701533,1.915863601098522e-08,False,0.8662236928939819,0.7523923398354269,3.211989402770996,31,-0.10040609032980033,0.5552858090294259,-0.10086912901273795,0.027936512072171488,0.07357561348804406,0.017857793186392107,0.5266194915665048,0.8883429458072976,0.9111819056684046,0.8713745250537601,0.9620512820512821,0.9591301087364079,1.0766324878575284,1.0555066079295152
pretrained,17,16,127382.1568685555,-0.060063711680013676,-0.06108055389612277,-0.05134934149010482,0.2149606941952702,0.06797411722648315,0.5987214313021728,0.0005987214313021728,0.00048368452116847037,0.19347380846738815,1.3869476169347763,1.0,0.773895263671875,0.7738952338695526,2.9802322387695312e-08,False,0.9737552404403687,0.8457930552952527,3.819690704345703,32,0.07042237371206284,0.5773628950119019,-0.09863057732582092,0.03271465003490448,0.1730140894651413,-0.09484323114156723,0.3399598002433777,0.8748807130139254,0.8987705690454519,0.8625624855383022,0.9506041222459132,0.9378420641125881,0.8997493734335839,0.9897050639955481
pretrained,17,17,136679.52077763193,0.07402729381123163,0.07298796108995309,0.0510990142511058,0.2683614967988288,0.04603576704905638,0.46387335870947155,0.0004638733587094716,0.0005042919117425169,0.20171676469700678,1.4034335293940134,0.9999999999999999,0.8068670034408569,0.8068670587880269,5.534716995825306e-08,False,0.9761760830879211,0.847895772502029,3.8873486518859863,33,0.0749526774244649,0.36030956410935944,-0.10088516718574933,0.031840269054685316,0.16724807822278567,-0.10083159751125745,0.5673661758857114,1.1268440206437376,1.154471978877262,1.1108063488991609,1.0661682242990655,1.0220925385577322,1.1103064066852368,1.0447005903851563
pretrained,17,18,138800.5313460471,0.016951915640738946,0.015518129975491401,0.008185571199485377,0.27954166291563043,0.05989189834632475,0.901659379048007,0.000901659379048007,0.0005092208513191768,0.20368834052767074,1.4073766810553414,1.0,0.8147532939910889,0.8147533621106828,6.811959396557654e-08,False,1.0354338884353638,0.8993664482462116,4.296243190765381,34,-0.11888607697827475,0.1714628328170095,-0.08480226354939599,0.13483144236462455,0.09910387439387183,0.2207167137946401,0.5775734771575247,1.0452818452385757,1.0675310126503827,1.0426107204951207,0.982468443197756,0.9755301794453507,1.0065228299046662,1.0306781485468246
pretrained,17,19,144403.44158747888,0.04138522696985936,0.0403666339537494,0.02595356313908313,0.3074957293215169,0.04001006533606724,0.47915804971541687,0.0004791580497154169,0.0004994341797594512,0.1997736719037805,1.399547343807561,1.0,0.7990946769714355,0.7990946876151219,1.0643686376710093e-08,False,0.9696817398071289,0.8422548576011619,3.819350242614746,35,-0.10758008568414618,0.388861330758248,-0.09219358621963433,0.10662988067737647,0.10997841001621314,0.03116860293916293,0.5631354475127799,1.0183883698313119,1.0599512631895773,1.0169313969075835,1.0549607423269096,1.023829431438127,1.175972083748754,1.0135770234986945
pretrained,17,20,156857.41687457755,0.08747487735661275,0.08624431073240113,0.05229303952388881,0.3624783450312743,0.05379152371737132,0.6257047078439167,0.0006257047078439168,0.0005065176715808256,0.20260706863233024,1.4052141372646605,0.9999999999999999,0.8104283213615417,0.810428274529321,4.6832220768067145e-08,False,1.0309360027313232,0.895459634363219,4.308501720428467,36,-0.10849597092185703,0.2919233835169247,0.06406455699886593,0.15311040942158016,-0.09411109771047321,0.14128228489841732,0.552226433796542,1.0551013292304916,1.0682486990147664,1.0238423367924046,1.11468200270636,1.0955492037566352,1.1479440440864774,1.0770221535291085
pretrained,17,21,155036.97381287604,-0.010493933095474417,-0.011605718734722936,-0.011059061720380901,0.35499257021943464,0.07146573817082498,0.6417427808046341,0.0006417427808046341,0.00048246527888945174,0.19298611155578071,1.3859722231115614,0.9999999999999999,0.7719443440437317,0.7719444462231229,1.0217939117040942e-07,False,1.0270211696624756,0.8920592535644731,4.34877872467041,37,-0.09826759781156269,0.04736988459314617,0.15506663386310848,0.12999344830002102,-0.09471851374421802,0.36092322532619747,0.49963291947330746,1.0700646851823017,1.0958744957492952,1.07574187376562,1.0303490136570561,1.039508013417816,0.9737813884785819,0.9787132265008371
pretrained,17,22,149550.61468747788,-0.034354295955955405,-0.03538742398326222,-0.026477126388719328,0.33133006367794515,0.05629239694459669,0.5761437352214542,0.0005761437352214542,0.0004943121064986502,0.19772484259946008,1.3954496851989202,1.0,0.7908995151519775,0.7908993703978404,1.44754137121339e-07,False,1.0074002742767334,0.8750167603724155,4.159268856048584,38,-0.11171314918569158,0.045672509287084856,0.25205929524132187,0.25555558449455673,-0.08601169341376849,0.08799428439566068,0.556443169180836,0.9607720184563087,0.9483673729353325,0.9771948490503586,0.9664212076583212,0.9602007888131946,0.943875616230565,0.9630987292277614
pretrained,17,23,146326.379604911,-0.019834338736360313,-0.02155949067347329,-0.01702965164449449,0.3165962263946849,0.04591628722468428,1.2614547439983914,0.0012614547439983915,0.0005001575792474407,0.20006303169897627,1.4001260633979524,0.9999999999999999,0.8002521395683289,0.8002521267959049,1.277242400732348e-08,False,0.9655874967575073,0.838698643273119,3.885355234146118,39,-0.094380507511752,0.37215760882411686,0.03242474954043115,0.04451095472489083,0.20089793737445558,-0.10568252418722426,0.5500717812350817,0.972334225393994,0.9770852563241543,0.9539229191567941,1.0146296860713198,1.00336071695295,1.0297308155885898,0.9807155544278103
pretrained,17,24,149962.36916792337,0.025997488613574093,0.024848489881521996,0.01384381333833437,0.3331660432223301,0.054520069786217526,0.6319834802831921,0.000631983480283192,0.0004885286052844355,0.1954114421137742,1.3908228842275485,1.0,0.7816457152366638,0.781645768455097,5.3218433215818095e-08,False,0.8358567357063293,0.7260159359578473,3.0378148555755615,40,0.026382471301725913,0.5629117981131588,-0.09420348996562619,0.020099934988788176,0.04005163615303378,-0.10120795214814801,0.5459656015570675,1.1075456274694473,1.1179570958597118,1.1183717604729042,1.0432562331030337,1.0900632675846669,0.9914163090128755,0.9314359637774902
pretrained,18,1,101112.55402880491,0.01282693102252197,0.011125540288049018,0.008673790114772578,0.011003124582215196,0.04658668934885238,1.189072661101818,0.001189072661101818,0.0004921833558806352,0.19687334235225407,1.393746684704508,0.9999999999999999,0.7874933481216431,0.7874933694090158,2.1287372753420186e-08,False,1.0178794860839844,0.8841188880975845,4.255001068115234,18,0.12890772255403654,0.15061825247747557,-0.10534052816884859,-0.09153281418340548,0.3492978188608374,0.04485786067587988,0.5231916877840246,1.0878451084988776,1.105887779215494,1.080196082028685,1.0822397200349958,1.0007742934572201,0.9865996649916248,1.0035561877667143
pretrained,18,2,109066.47475238408,0.0808166906199459,0.0786640274294057,0.06852698613599817,0.08312797101921443,0.07195720602002131,1.4757357420665878,0.0014757357420665878,0.0005179508748863424,0.20718034995453696,1.4143606999090739,1.0,0.8287214040756226,0.8287213998181477,4.257474817137563e-09,False,1.0410346984863281,0.9042312500448558,4.329710483551025,19,-0.10913497528859545,-0.09804537466594151,0.118474614407335,0.18889824726751872,0.09813627281359263,0.2279055831687791,0.5737656322973115,1.0297288920628345,1.0344408881821956,1.0366536879752946,1.1059013742926436,1.085880077369439,1.2478777589134125,0.9968107725017719
pretrained,18,3,114406.6256119408,0.050604205390620605,0.04896234953665268,0.03563791164108406,0.12592474898094685,0.14317732641296718,1.059438366975103,0.001059438366975103,0.0005045570060610771,0.20182280242443085,1.4036456048488617,1.0,0.8072912693023682,0.8072912096977234,5.960464477539063e-08,False,1.0083458423614502,0.8758380703753282,4.278216361999512,20,-0.08605644106864929,-0.11576636135578156,0.33538947999477386,0.06873131543397903,0.05244471877813339,0.5176313668489456,0.22762592136859894,1.0179242518378595,1.0261253529989354,1.0004892614601024,1.0303362573099413,1.0399002493765588,1.1047619047619048,0.9850693210095981
pretrained,18,4,112348.6997780117,-0.01714404127496505,-0.017987820398701837,-0.020309550666455543,0.1099140426405586,0.08597688652134568,0.3475100046822005,0.0003475100046822005,0.0005113559508962292,0.20454238035849168,1.4090847607169832,0.9999999999999999,0.8181694746017456,0.8181695214339664,4.6832220768067145e-08,False,0.9697960019111633,0.8423541044037075,4.098145484924316,21,0.03135837774191583,-0.12015294496502199,0.34374233867440906,0.03767979304705346,-0.08438943539346969,0.5161486246756144,0.2756132462194988,1.0393135068908235,1.0489629372043836,1.0256175982612805,1.038666193685704,0.984583761562179,0.9562807881773397,0.9945867917719236
pretrained,18,5,110806.34044519601,-0.012105965552030029,-0.013728323833415157,-0.015802039664879013,0.09752456765360595,0.0682512935585274,1.1324447361486298,0.00113244473614863,0.0005111443889992579,0.20445775559970314,1.4089155111994063,0.9999999999999999,0.8178309202194214,0.8178310223988126,1.0217939117040942e-07,False,1.0536274909973145,0.9151692106434037,4.541003704071045,22,-0.11099309261356083,-0.09346466298614231,0.25938206378902706,0.1297670102545193,0.0993208906480244,0.17663800184215817,0.5393497890659741,0.9342222757517478,0.9192601541484278,0.933144921461059,0.9316939890710383,0.9439805149617257,0.9175788795878945,1.0359216255442671
pretrained,18,6,117102.53726378984,0.05874993303223608,0.05682162945998459,0.04540447357360498,0.1460475380244236,0.06236993594425352,1.320985758943217,0.001320985758943217,0.0005019770190119743,0.20079080760478973,1.4015816152095795,1.0,0.8031632304191589,0.8031632304191589,0.0,False,0.9390051960945129,0.8156095502846559,3.6344261169433594,23,-0.094516072422266,0.11172010377049446,0.028174038976430893,0.060418032109737396,0.5381519831717014,-0.10627473518252373,0.46232664957642555,1.068930144367124,1.074208932789611,1.0719290343572334,1.0821114369501466,1.0269074824917066,1.0224561403508772,1.0819614711033276
pretrained,18,7,118419.89167505661,0.01284475301891086,0.01124958042795643,0.005872481589858718,0.15554727685109426,0.07254514473623876,1.0646999637995447,0.0010646999637995446,0.0005114844015666417,0.20459376062665668,1.4091875212533134,1.0,0.8183749318122864,0.8183750425066267,1.1069434036059533e-07,False,1.0742676258087158,0.9330970039520654,4.965761184692383,24,-0.11525408817189081,-0.08933967245476587,0.1052479754601206,0.2787588174854006,0.22759979324681417,0.1200947772179331,0.47289239721638815,1.0131281613727836,1.0211309798074761,1.0099364281396368,1.0027100271002711,1.007896625987078,1.037748798901853,1.0171576561994171
pretrained,18,8,123455.77065418218,0.04379724370892135,0.042525617173709174,0.03223008436243652,0.18999331120685525,0.044318999866489454,0.7092195131949015,0.0007092195131949015,0.0005097928616617407,0.20391714466469626,1.4078342893293925,1.0,0.8156685829162598,0.815668578658785,4.257474817137563e-09,False,1.0411322116851807,0.9043159489332045,4.568154335021973,25,-0.12499579361506868,0.2050810647862298,0.06720235624483653,0.2296731514590127,0.16887915560177394,-0.07892135104962758,0.5330814165728432,0.9819083802034764,0.9740025585719445,0.9828400247399243,0.9851351351351353,0.9754273504273504,1.0244708994708993,1.1078930617441118
pretrained,18,9,122543.60367813938,-0.005618349345991258,-0.007388613518908849,-0.00949518932937585,0.18396393611330475,0.06931628471650693,1.2817747710006577,0.0012817747710006577,0.0005000781174749135,0.20003124698996544,1.4000624939799309,1.0,0.800125002861023,0.8001249879598618,1.4901161193847656e-08,False,0.9649851322174072,0.8381754360813998,3.9910545349121094,26,0.015693217515945435,0.53193867392838,-0.10180228762328625,0.048543473705649376,0.3422199208289385,-0.09822895936667919,0.26163596101105213,1.0171811676906573,1.0045787328777878,1.0194502657857352,1.0099451303155005,1.0087623220153341,1.013557133634603,0.9675380637747775
pretrained,18,10,123669.62821855723,0.010616178761079453,0.009188766338024124,0.004761609426728887,0.19139402745455558,0.05336963829043892,0.909085535045181,0.000909085535045181,0.0005043308090950761,0.20173232363803045,1.403464647276061,1.0,0.8069292902946472,0.806929294552122,4.257474817137563e-09,False,0.8337829113006592,0.7242146349662095,3.0408122539520264,27,-0.1015683566885335,0.5462987492127078,0.028510275696005144,0.02777997351118497,0.027637235288109102,-0.10016396694949695,0.5715060899300235,1.0204317810759416,1.036630597940096,1.0048074160114426,1.0196943972835313,1.0007238508867176,1.024203821656051,0.9902019002375297
pretrained,18,11,124309.12176560333,0.005957309090040441,0.0051709830154573755,0.0012666614797586869,0.19555380506541187,0.05786232262195197,0.2748010685401303,0.0002748010685401303,0.0005071740224957466,0.20286960899829865,1.4057392179965973,1.0,0.8114783763885498,0.8114784359931946,5.960464477539063e-08,False,0.8184865713119507,0.7109284028653853,2.985708475112915,28,-0.10153350979089737,0.558736614882946,0.0250548105686903,0.022808238863945007,-0.10133609920740128,0.024116503074765205,0.5721534416079521,1.034047030048888,1.0449943420211207,1.037165241936394,0.9783549783549785,0.9924050632911392,0.9950248756218906,0.9706146926536732
pretrained,18,12,128232.45578317679,0.032370180013124195,0.031561111218944005,0.02169830071319509,0.2201662255530218,0.05828239548829665,0.27195239812135696,0.00027195239812135695,0.0005120551306754351,0.20482205227017403,1.409644104540348,1.0,0.8192880749702454,0.8192882090806961,1.341104507446289e-07,False,0.8282251358032227,0.719387212505822,3.027927875518799,29,-0.10309017263352871,0.5501654613763094,0.029653754085302353,0.024160262197256088,0.025987140834331512,-0.10173187963664532,0.5748554337769747,1.028589803182445,1.0354429604664128,1.0173620255284004,1.0408441116405716,1.0557580174927113,1.08125,1.0367624343527957
pretrained,18,13,133614.94627490264,0.0428868869448209,0.041974478760875344,0.028842824406311786,0.2515807341324109,0.051433683461546295,0.3702048371945107,0.0003702048371945107,0.0005050651037267277,0.2020260414906911,1.4040520829813823,1.0,0.8081040382385254,0.8081041659627646,1.2772423918505638e-07,False,0.8811054229736328,0.7653184463449589,3.28224515914917,30,-0.1014594967876162,0.5072703872408186,0.032074163534811545,0.022045138158968497,-0.10056654470307488,0.07931945366518836,0.5613168988909041,1.0293303784225487,1.0479104071466634,1.0217829114307377,0.9565075212557227,0.9206075250258889,1.0710982658959536,1.0146007151370682
pretrained,18,14,133840.35040162486,0.002623932029691689,0.0016869679104496438,-0.0016203924082858322,0.2528411671075095,0.057616507667688464,0.42931311098592617,0.0004293131109859262,0.0005056358408182859,0.20225433632731438,1.4045086726546288,1.0,0.8090174198150635,0.8090173453092575,7.450580596923828e-08,False,0.8489911556243896,0.7374243481446747,3.125910758972168,31,-0.10150124691426754,0.5597072932869196,-0.10075308941304684,0.024698501452803612,0.058999741449952126,0.017613999545574188,0.5412348005920649,0.8883429458072976,0.9111819056684046,0.8713745250537601,0.9620512820512821,0.9591301087364079,1.0766324878575284,1.0555066079295152
pretrained,18,15,126142.0737739485,-0.056573353728817444,-0.05751835380418202,-0.04873215115106772,0.20724309496287585,0.0626815801286819,0.5192243632461343,0.0005192243632461343,0.0004829454222427948,0.19317816889711792,1.3863563377942358,0.9999999999999999,0.7727125883102417,0.7727126755884717,8.727822997656176e-08,False,0.9475104808807373,0.8229971467840017,3.634035587310791,32,0.0594263191201857,0.5760311375239066,-0.09734081822846619,0.028548820210354653,0.13409792285944733,-0.09583735066865173,0.3950739691832236,0.8748807130139254,0.8987705690454519,0.8625624855383022,0.9506041222459132,0.9378420641125881,0.8997493734335839,0.9897050639955481
pretrained,18,16,136174.09344433178,0.0808283435262589,0.07952952865164598,0.055718692235294506,0.2656459281597481,0.05368281923155439,0.7000079303979874,0.0007000079303979874,0.000502399363155876,0.2009597452623504,1.4019194905247008,0.9999999999999999,0.8038389682769775,0.8038389810494015,1.277242400732348e-08,False,0.9761587977409363,0.8478807586404024,3.8546743392944336,33,0.07968984012092861,0.3596983871289662,0.03504200492586407,-0.1000024878552982,0.15256127927984509,-0.10095725740705219,0.5739682338067463,1.1268440206437376,1.154471978877262,1.1108063488991609,1.0661682242990655,1.0220925385577322,1.1103064066852368,1.0447005903851563
pretrained,18,17,138436.79630594162,0.01823141936028705,0.016616250597877746,0.009193073125822487,0.277648698406725,0.05619394242308894,1.0829606226512363,0.0010829606226512363,0.0005045479908585548,0.20181919634342194,1.4036383926868439,1.0,0.807276725769043,0.8072767853736877,5.960464477539063e-08,False,1.0314890146255493,0.8959399743913975,4.260199069976807,34,-0.1204233467578888,0.18818210810422897,-0.08139584958553314,0.13045115023851395,0.09914828836917877,0.2026490643620491,0.5813885852694511,1.0452818452385757,1.0675310126503827,1.0426107204951207,0.982468443197756,0.9755301794453507,1.0065228299046662,1.0306781485468246
pretrained,18,18,141307.74672230383,0.021949501660031068,0.02073834770068994,0.012291665368123697,0.2923247145358653,0.04768701522033143,0.6888874545693398,0.0006888874545693397,0.0004969560913741588,0.19878243654966354,1.397564873099327,1.0,0.7951298356056213,0.7951297461986542,8.940696716308594e-08,False,0.9581121206283569,0.8322056140670364,3.719355821609497,35,-0.10685141012072563,0.40442557260394096,0.03212717920541763,0.09484856203198433,0.10025358572602272,-0.09193102642893791,0.5671275369822979,1.0183883698313119,1.0599512631895773,1.0169313969075835,1.0549607423269096,1.023829431438127,1.175972083748754,1.0135770234986945
pretrained,18,19,153218.48124562833,0.08549821866795382,0.08428932453881188,0.05195684956762965,0.34733721945926666,0.061113107115434454,0.6081567066056388,0.0006081567066056388,0.0005061406429324832,0.20245625717299326,1.4049125143459864,0.9999999999999999,0.8098250031471252,0.8098250286919728,2.554484757055775e-08,False,1.025452733039856,0.8906969268236358,4.232029914855957,36,-0.10703842661210469,0.30554887333086556,0.0697726873414857,0.14473299362829753,-0.09541783056088857,0.1246173871415002,0.5577843157308442,1.0551013292304916,1.0682486990147664,1.0238423367924046,1.11468200270636,1.0955492037566352,1.1479440440864774,1.0770221535291085
pretrained,18,20,151637.36185696523,-0.009202442994063809,-0.01031937776571712,-0.01043783180271408,0.3405319192091534,0.07265063105201605,0.6465260833501816,0.0006465260833501816,0.00048141857343060633,0.19256742937224253,1.385134858744485,0.9999999999999999,0.7702696919441223,0.7702697174889699,2.554484757055775e-08,False,1.0292819738388062,0.8940229631213615,4.35459566116333,37,-0.09796006551810674,0.04941197165421077,0.16677541711500712,0.12579065241983958,-0.09460736385413579,0.3409888712423188,0.5096005169408662,1.0700646851823017,1.0958744957492952,1.07574187376562,1.0303490136570561,1.039508013417816,0.9737813884785819,0.9787132265008371
pretrained,18,21,146312.7069697455,-0.03410691318311909,-0.03511439939348404,-0.027169609528037552,0.3165323636539785,0.0634010794572539,0.5500612024750029,0.0005500612024750029,0.0004935449947203909,0.19741799788815637,1.3948359957763128,1.0,0.7896720767021179,0.7896719915526256,8.514949234594837e-08,False,1.004861831665039,0.8728118971346417,4.131135940551758,38,-0.11110720464161467,0.047114926789488115,0.26440609565802986,0.24604977241584233,-0.0863107932465417,0.08140245399304799,0.5584447490317481,0.9607720184563087,0.9483673729353325,0.9771948490503586,0.9664212076583212,0.9602007888131946,0.943875616230565,0.9630987292277614
pretrained,18,22,143109.4664361248,-0.02019459687860503,-0.02189311236161484,-0.017531831035152948,0.30123420560278735,0.0446734596792356,1.234577480171408,0.001234577480171408,0.0005004500970244407,0.2001800388097763,1.4003600776195526,1.0,0.8007200360298157,0.8007201552391052,1.1920928955078125e-07,False,0.9673845767974854,0.8402595671629209,3.871068000793457,39,-0.09446128830313683,0.36973654106259346,0.038055550307035446,0.044244639575481415,0.19171041622757912,-0.10571875050663948,0.5564328916370869,0.972334225393994,0.9770852563241543,0.9539229191567941,1.0146296860713198,1.00336071695295,1.0297308155885898,0.9807155544278103
pretrained,18,23,146569.3787953196,0.025325891068542106,0.02417668408217466,0.013405711439013836,0.3177292499844223,0.06178665885242248,0.6330701884414469,0.0006330701884414469,0.0004883795923420361,0.19535183693681446,1.3907036738736287,0.9999999999999998,0.7814072370529175,0.7814073477472574,1.1069433991650612e-07,False,0.8303465843200684,0.7212298792748378,3.0154547691345215,40,0.025536681658455296,0.5625386174236024,-0.09336813432829721,0.019551391846367283,0.036891211888619824,-0.10198370260851725,0.5508339341197694,1.1075456274694473,1.1179570958597118,1.1183717604729042,1.0432562331030337,1.0900632675846669,0.9914163090128755,0.9314359637774902
pretrained,18,24,156879.4925061301,0.07230306215518656,0.07034289014220585,0.041161364174145225,0.3625680552472945,0.07354882177453956,1.334587864045586,0.0013345878640455859,0.000495086849800178,0.1980347399200712,1.3960694798401423,1.0,0.7921388745307922,0.7921389596802846,8.514949234594837e-08,False,1.031760811805725,0.8961760544224918,4.177089214324951,41,-0.09731160423585347,0.15570731886795589,0.24261470564774104,0.13154983946255275,-0.10072313568421773,0.0857391996043069,0.5824236763375146,1.03712146290818,1.0565291374240031,1.0326546656799105,1.0463576158940397,0.9351314441789006,1.1279024006296734,1.0611111111111111
pretrained,19,1,108006.99984048783,0.0818178306933739,0.08006999840487827,0.07057898839988097,0.07413408253458675,0.07110188269411559,1.1007852405309677,0.0011007852405309677,0.0005161651356944016,0.20646605427776066,1.412932108555521,0.9999999999999999,0.8258641958236694,0.8258642171110422,2.1287372753420186e-08,False,1.0474622249603271,0.9098141286047455,4.408631324768066,19,-0.11005149675267084,-0.09641455752508982,0.11121627794844763,0.1868701587830271,0.11628572749240057,0.22736318515879766,0.5647307048950876,1.0297288920628345,1.0344408881821956,1.0366536879752946,1.1059013742926436,1.085880077369439,1.2478777589134125,0.9968107725017719
pretrained,19,2,113245.65706612536,0.05015497186187012,0.04850294178501713,0.035400878306975546,0.11696392964889668,0.14857937614668762,1.070826306939125,0.0010708263069391251,0.0005035421571561268,0.20141686286245075,1.4028337257249013,0.9999999999999999,0.805667519569397,0.8056674514498026,6.811959440966575e-08,False,1.01304030418396,0.8799156281053712,4.315001964569092,20,-0.08709857506411417,-0.11431828779833658,0.3398363377366747,0.06829875069005148,0.056930312088557644,0.5112033571515764,0.22514810519559042,1.0179242518378595,1.0261253529989354,1.0004892614601024,1.0303362573099413,1.0399002493765588,1.1047619047619048,0.9850693210095981
pretrained,19,3,110576.50971020859,-0.022961923732571,-0.023569533923567865,-0.025591105140345495,0.09564879320143838,0.08551937385774376,0.11345577239990234,0.00011345577239990234,0.0005086276627012661,0.20345106508050648,1.4069021301610127,0.9999999999999999,0.8138043284416199,0.8138042603220255,6.811959440966575e-08,False,0.9741197824478149,0.8461096924597644,4.116954803466797,21,-0.08490411458270891,-0.11854695049779757,0.35227582337600843,0.038370390555688305,0.03435944872243063,0.5112555074904646,0.26718989493591444,1.0393135068908235,1.0489629372043836,1.0256175982612805,1.038666193685704,0.984583761562179,0.9562807881773397,0.9945867917719236
pretrained,19,4,109002.78533679059,-0.012827287473489046,-0.01423199536268871,-0.01611011579542422,0.08259225036290863,0.06107145913788939,0.9127091456736837,0.0009127091456736837,0.0005112648382782936,0.20450593531131744,1.4090118706226349,1.0,0.818023681640625,0.8180237412452698,5.960464477539063e-08,False,1.0601511001586914,0.9208355455651628,4.624647617340088,22,-0.11134932935237885,-0.0931566059589386,0.25395649671554565,0.1288171112537384,0.110414519906044,0.1796654760837555,0.5316523313522339,0.9342222757517478,0.9192601541484278,0.933144921461059,0.9316939890710383,0.9439805149617257,0.9175788795878945,1.0359216255442671
pretrained,19,5,115174.56196087426,0.05852373411564127,0.05662035703963397,0.04568432801608995,0.13175272128257953,0.06952285807161905,1.298102270279612,0.0012981022702796118,0.0005016593608473029,0.20066374433892115,1.4013274886778422,1.0,0.8026549816131592,0.8026549773556844,4.257474817137563e-09,False,0.9459723830223083,0.8216611719589159,3.6700806617736816,23,-0.09559467009135655,0.10938152351549693,0.030306306268487654,0.06750195899180003,0.5411728663103921,-0.10506907424756459,0.4523010892527444,1.068930144367124,1.074208932789611,1.0719290343572334,1.0821114369501466,1.0269074824917066,1.0224561403508772,1.0819614711033276
pretrained,19,6,116480.9092870963,0.012903550021584831,0.01134232511052069,0.00635526148735748,0.14149021833676623,0.06764471133658428,1.0323705864804131,0.0010323705864804132,0.0005101546964475087,0.2040618785790035,1.408123757158007,1.0,0.8162475824356079,0.816247514316014,6.811959396557654e-08,False,1.0807504653930664,0.9387279268691602,5.0784149169921875,24,-0.11520029497998102,-0.08886158359902246,0.10687927263123648,0.2714382197175707,0.24283630507332937,0.12515688793999807,0.4577511932168688,1.0131281613727836,1.0211309798074761,1.0099364281396368,1.0027100271002711,1.007896625987078,1.037748798901853,1.0171576561994171
pretrained,19,7,121321.61060963495,0.04279663182850202,0.041557894355095826,0.031526723633232695,0.17574453967842119,0.05455195416844529,0.682226361972945,0.000682226361972945,0.0005063791306955475,0.202551652278219,1.4051033045564378,0.9999999999999998,0.8102065324783325,0.8102066091128757,7.663454315576246e-08,False,1.042818546295166,0.9057806805647228,4.635430812835693,25,-0.12724589769329347,0.1860590779355594,0.069748831646783,0.22978680367980683,0.1930132263473102,-0.07530575458492553,0.5239437126687594,0.9819083802034764,0.9740025585719445,0.9828400247399243,0.9851351351351353,0.9754273504273504,1.0244708994708993,1.1078930617441118
pretrained,19,8,120508.44982278884,-0.004910744626219987,-0.00670252218677303,-0.009015628722178811,0.17018267061726466,0.0690751932204458,1.3039099542157988,0.0013039099542157988,0.0004983330557921103,0.19933322231684414,1.398666444633688,0.9999999999999999,0.7973328828811646,0.7973328892673761,6.38621155957253e-09,False,0.9641598463058472,0.8374586018466337,3.9825034141540527,26,0.014869415334292813,0.5264760881130184,-0.10174751734094961,0.05054798642439501,0.36243588025016443,-0.09758570497589453,0.2450038521949734,1.0171811676906573,1.0045787328777878,1.0194502657857352,1.0099451303155005,1.0087623220153341,1.013557133634603,0.9675380637747775
pretrained,19,9,121605.61645652543,0.010566761654591916,0.009104478858951381,0.004792748798673061,0.17766956071679096,0.05388282601706476,0.9460515294756209,0.0009460515294756208,0.000501989143501435,0.20079565740057403,1.401591314801148,0.9999999999999999,0.8031825423240662,0.8031826296022961,8.727822997656176e-08,False,0.8374593257904053,0.7274079280183814,3.053143262863159,27,-0.10223754096244064,0.543558467445629,0.028865415869014588,0.028342988608138886,0.029694481087582436,-0.09855811643813339,0.570334304390209,1.0204317810759416,1.036630597940096,1.0048074160114426,1.0196943972835313,1.0007238508867176,1.024203821656051,0.9902019002375297
pretrained,19,10,122223.32527794746,0.005866262928314381,0.005079607664690844,0.001167144966186336,0.181825565843586,0.059777203212174015,0.27655061015060955,0.00027655061015060953,0.0005058228144688266,0.20232912578753065,1.404658251575061,0.9999999999999998,0.8093164563179016,0.8093165031501219,4.6832220323977936e-08,False,0.8201090097427368,0.7123376349808217,2.9904348850250244,28,-0.10272990380014693,0.5574476697615214,0.025505499648196345,0.02321366566632474,-0.09959922198738372,0.0245153640529939,0.571646926658494,1.034047030048888,1.0449943420211207,1.037165241936394,0.9783549783549785,0.9924050632911392,0.9950248756218906,0.9706146926536732
pretrained,19,11,126088.49860239212,0.03243163459246223,0.031623859976439794,0.022280681965614727,0.20690625149451325,0.05600007370625042,0.2719532400369644,0.00027195324003696444,0.0005107530964804548,0.2043012385921819,1.4086024771843635,0.9999999999999998,0.8172047734260559,0.817204954368727,1.8094267106860684e-07,False,0.8314363956451416,0.7221764773644278,3.0390374660491943,29,-0.10341689017202174,0.547557748588068,0.03028558168028081,0.02460368882332528,0.027465738090021258,-0.10088434842016017,0.5743884814104863,1.028589803182445,1.0354429604664128,1.0173620255284004,1.0408441116405716,1.0557580174927113,1.08125,1.0367624343527957
pretrained,19,12,131360.38426198118,0.042735944932780434,0.04181099559455803,0.028910733803807563,0.23873547902720027,0.05836987457758916,0.3838605013276847,0.0003838605013276847,0.0005035739631525109,0.20142958526100435,1.4028591705220086,1.0,0.8057182431221008,0.8057183410440172,9.792191635327185e-08,False,0.8898937702178955,0.7729519077714248,3.3282530307769775,30,-0.1022556397531714,0.4974584159042154,0.03454197464244704,0.023002958723476935,-0.09917394550783296,0.0856282588626657,0.5607979771281992,1.0293303784225487,1.0479104071466634,1.0217829114307377,0.9565075212557227,0.9206075250258889,1.0710982658959536,1.0146007151370682
pretrained,19,13,131535.42664963866,0.002292852272873791,0.0013325355939000083,-0.001611194966469498,0.23974854115642386,0.05248514191386166,0.4533785906221186,0.0004533785906221186,0.0005052005512905973,0.20208022051623892,1.4041604410324775,0.9999999999999998,0.8083208203315735,0.808320882064955,6.173338151782559e-08,False,0.8551167249679565,0.7427449500735284,3.158954381942749,31,-0.102086801347988,0.5566893776080437,-0.09999341916825091,0.025135775761944895,0.06598273265574658,0.01710365686033452,0.537168677630169,0.8883429458072976,0.9111819056684046,0.8713745250537601,0.9620512820512821,0.9591301087364079,1.0766324878575284,1.0555066079295152
pretrained,19,14,123903.19907936237,-0.05706643660791555,-0.058024121445287125,-0.05006246549523032,0.19291833670938485,0.06464522096382634,0.5358350894280842,0.0005358350894280842,0.0004803250490554741,0.19213001962218967,1.3842600392443791,0.9999999999999999,0.7685200572013855,0.7685200784887583,2.1287372753420186e-08,False,0.9516373872756958,0.8265817321333251,3.6723010540008545,32,0.055861090442964,0.5750985715006078,-0.09652596978204592,0.02826886730534689,0.15094265075666563,-0.09560404984014376,0.3819588396166052,0.8748807130139254,0.8987705690454519,0.8625624855383022,0.9506041222459132,0.9378420641125881,0.8997493734335839,0.9897050639955481
pretrained,19,15,133555.93096616663,0.07921340505457919,0.07790542906500342,0.05579673084103154,0.2512500247904922,0.05069914480151589,0.7111583490456853,0.0007111583490456853,0.0005015482753515243,0.20061931014060974,1.4012386202812195,1.0,0.8024771809577942,0.802477240562439,5.960464477539063e-08,False,0.9768937230110168,0.8485191066192168,3.8752148151397705,33,0.07440854981541634,0.3528035245835781,0.033787332475185394,-0.09940138831734657,0.1674727164208889,-0.10121792182326317,0.572147186845541,1.1268440206437376,1.154471978877262,1.1108063488991609,1.0661682242990655,1.0220925385577322,1.1103064066852368,1.0447005903851563
pretrained,19,16,135669.66037099043,0.01744624409802431,0.01582654839461428,0.008978047155488663,0.2629155278597387,0.0537491182751571,1.0885140927774564,0.0010885140927774564,0.0005046769950006689,0.20187079800026755,1.403741596000535,1.0,0.8074833154678345,0.8074831920010701,1.234667643679188e-07,False,1.032701849937439,0.8969934297582196,4.278163909912109,34,-0.12170600465365816,0.18037797936371394,-0.08016479334660939,0.13398692437580653,0.10570789554289409,0.20104781218937465,0.5807501865284783,1.0452818452385757,1.0675310126503827,1.0426107204951207,0.982468443197756,0.9755301794453507,1.0065228299046662,1.0306781485468246
pretrained,19,17,138455.62494067938,0.021739933310680692,0.020534912242506476,0.012353718281041294,0.2777469312435338,0.04955370205507554,0.6836481307234082,0.0006836481307234083,0.0004964292821075235,0.1985717128430094,1.397143425686019,1.0,0.7942869067192078,0.7942868513720378,5.534716995825306e-08,False,0.9657255411148071,0.8388185470783854,3.7776176929473877,35,-0.10713269242218562,0.3922567175967353,0.03235014847346715,0.09944571873971395,0.10856496862002782,-0.09143902042082377,0.5659541594130653,1.0183883698313119,1.0599512631895773,1.0169313969075835,1.0549607423269096,1.023829431438127,1.175972083748754,1.0135770234986945
pretrained,19,18,150197.02389161332,0.08603097246963931,0.08480261423806001,0.05357885503431057,0.33420784640737633,0.05764120259063962,0.6263421539749419,0.0006263421539749418,0.0005053506392453397,0.2021402556981359,1.4042805113962717,1.0,0.8085609674453735,0.8085610227925435,5.534716995825306e-08,False,1.0307087898254395,0.8952622797407339,4.280166149139404,36,-0.1081616761428969,0.2916755942361695,0.07311805763414927,0.15214997210672923,-0.093978579555239,0.1282598940389497,0.5569367376821381,1.0551013292304916,1.0682486990147664,1.0238423367924046,1.11468200270636,1.0955492037566352,1.1479440440864774,1.0770221535291085
pretrained,19,19,148685.39209586708,-0.00895508998890715,-0.010064325887289782,-0.010530791867960354,0.32743897305309233,0.0752383702735271,0.6390815866844994,0.0006390815866844995,0.0004808042145201138,0.19232168580804554,1.3846433716160909,0.9999999999999999,0.7692867517471313,0.7692867432321817,8.514949634275126e-09,False,1.029626727104187,0.8943224120029076,4.371657848358154,37,-0.09885152322905405,0.04669343786580221,0.17163738714797155,0.12770566450698034,-0.09347016257899149,0.33946278797728674,0.5068224083100046,1.0700646851823017,1.0958744957492952,1.07574187376562,1.0303490136570561,1.039508013417816,0.9737813884785819,0.9787132265008371
pretrained,19,20,143472.8645329708,-0.03405481543966493,-0.035057428906905885,-0.02743313122970112,0.30300408843499815,0.05996493223213881,0.5451408284051077,0.0005451408284051077,0.0004933592650507177,0.19734370602028709,1.3946874120405741,1.0,0.7893746495246887,0.7893748240811482,1.745564595090343e-07,False,1.003368854522705,0.871515113665595,4.131655216217041,38,-0.11205682105251719,0.045062978352819166,0.2661127229886395,0.24750386976769992,-0.0852868849677699,0.08172813111117908,0.5569360037999493,0.9607720184563087,0.9483673729353325,0.9771948490503586,0.9664212076583212,0.9602007888131946,0.943875616230565,0.9630987292277614
pretrained,19,21,140385.655912881,-0.019815418396928464,-0.0215177178635082,-0.017340018490843444,0.28767651260569727,0.04024885323085115,1.2389330746872083,0.0012389330746872082,0.0004992899245449475,0.199715969817979,1.3994319396359578,0.9999999999999999,0.79886394739151,0.7988638792719156,6.811959440966575e-08,False,0.9723016023635864,0.8445304413043908,3.9148776531219482,39,-0.09434847054736956,0.35744754703981535,0.03829566495759146,0.04555572303278105,0.20408673318369047,-0.10536749927060945,0.5543303016041006,0.972334225393994,0.9770852563241543,0.9539229191567941,1.0146296860713198,1.00336071695295,1.0297308155885898,0.9807155544278103
pretrained,19,22,143811.7173277768,0.025574926545433918,0.024404640150856416,0.013962521074172046,0.30464636777767407,0.0601466819560951,0.6541483710919107,0.0006541483710919107,0.00048760595731437204,0.19504238292574883,1.3900847658514977,1.0,0.7801694869995117,0.7801695317029953,4.470348358154297e-08,False,0.8326948285102844,0.7232695382627823,3.0250473022460938,40,0.025091756135225296,0.561780983582139,-0.09297540597617626,0.0197609830647707,0.03926690109074116,-0.10206697694957256,0.5491417590528727,1.1075456274694473,1.1179570958597118,1.1183717604729042,1.0432562331030337,1.0900632675846669,0.9914163090128755,0.9314359637774902
pretrained,19,23,153897.42952507193,0.07210827523268959,0.07013136609938186,0.042170848820949715,0.3502165675632115,0.06798701929175467,1.3510225181068694,0.0013510225181068694,0.0004946250521710942,0.19785002086843767,1.3957000417368752,1.0,0.7914001941680908,0.7914000834737505,1.1069434036059533e-07,False,1.0315167903900146,0.8959641001138733,4.174410820007324,41,-0.09798958258969445,0.14847840262310844,0.24645449114697318,0.13486784590142112,-0.09986043827874322,0.08607946974890571,0.5819698114480292,1.03712146290818,1.0565291374240031,1.0326546656799105,1.0463576158940397,0.9351314441789006,1.1279024006296734,1.0611111111111111
pretrained,19,24,153499.93897928388,-0.0011946206581275876,-0.002582827712033331,-0.004422443297565137,0.34853394297768514,0.05479637424077531,0.8941930724041803,0.0008941930724041804,0.0004966411074357374,0.19865644297429497,1.39731288594859,0.9999999999999999,0.7946257591247559,0.7946257718971799,1.277242400732348e-08,False,1.0225547552108765,0.8881797752640282,4.390800952911377,42,-0.11549616392169682,0.3424268609711102,-0.08316027905259815,0.2065335458942822,0.0816219395824841,0.06438689891781124,0.5036871976086071,0.9888633335144615,1.0141533291379978,0.9796166893478648,1.0192625206384152,0.910551296093465,1.0568736915561758,0.9814136125654451
pretrained,20,1,104767.58217863906,0.04956783606153303,0.047675821786390626,0.03794991710115532,0.04550627283265796,0.1511271146300527,1.301040031015873,0.001301040031015873,0.0005032470210322313,0.2012988084128925,1.4025976168257848,0.9999999999999999,0.8051952123641968,0.8051952336515695,2.1287372753420186e-08,False,1.01237952709198,0.8793416844157411,4.324624061584473,20,-0.08675977853792055,-0.11453902987497194,0.3388656425688948,0.06798960747463362,0.054217756858893795,0.5077652979109968,0.2324605035994734,1.0179242518378595,1.0261253529989354,1.0004892614601024,1.0303362573099413,1.0399002493765588,1.1047619047619048,0.9850693210095981
pretrained,20,2,102319.07032210799,-0.022765980018738863,-0.023370892079537686,-0.027399662296934617,0.022665083984905077,0.09116946898363473,0.110898956656456,0.00011089895665645599,0.0005082970059343746,0.20331880237374989,1.4066376047474995,0.9999999999999999,0.813275158405304,0.8132752094949991,5.10896951411155e-08,False,0.9733687043190002,0.8454573142861196,4.123946189880371,21,-0.08436685321586473,-0.11895194915788515,0.353465167007276,0.03841147678239004,0.03295424314481871,0.5075703832720007,0.2709175321672644,1.0393135068908235,1.0489629372043836,1.0256175982612805,1.038666193685704,0.984583761562179,0.9562807881773397,0.9945867917719236
pretrained,20,3,100874.68859842599,-0.012706371517125725,-0.014116446906084934,-0.01710627808597352,0.008671041373996768,0.06224470950130423,0.9177912973931858,0.0009177912973931858,0.0005114525050989219,0.20458100203956878,1.4091620040791375,1.0,0.8183240294456482,0.818324008158275,2.1287373197509396e-08,False,1.0606276988983154,0.9212495139705642,4.625528812408447,22,-0.11078386860234396,-0.09379713343722482,0.25574540985482075,0.13431362701313834,0.10987800253289084,0.17281150711434226,0.5318324555243765,0.9342222757517478,0.9192601541484278,0.933144921461059,0.9316939890710383,0.9439805149617257,0.9175788795878945,1.0359216255442671
pretrained,20,4,106586.81928415927,0.058533102113007995,0.05662600564223608,0.049622902952778214,0.06179769063751572,0.07007492621481488,1.3016893528401852,0.0013016893528401852,0.0005015763973018954,0.20063055892075815,1.4012611178415162,1.0,0.8025221824645996,0.8025222356830324,5.3218432771728885e-08,False,0.9474116563796997,0.8229113089130468,3.6814138889312744,23,-0.09544724146170278,0.11061043372111659,0.029996211507490683,0.06887420346694331,0.5409784846540009,-0.10518331745905538,0.45017122557120665,1.068930144367124,1.074208932789611,1.0719290343572334,1.0821114369501466,1.0269074824917066,1.0224561403508772,1.0819614711033276
pretrained,20,5,107774.9734046478,0.012711121310167606,0.011147289397208882,0.0064855264950009475,0.07214080559738267,0.07715176929732005,1.0350641315536842,0.0010350641315536842,0.0005103327360536372,0.20413309442145486,1.4082661888429098,1.0,0.8165323734283447,0.8165323776858195,4.257474817137563e-09,False,1.078906536102295,0.9371263102371565,5.05460786819458,24,-0.1150492025273187,-0.08908389189413615,0.10698239824601583,0.2766214641077178,0.24274270555802754,0.11951499006577901,0.45827153644391466,1.0131281613727836,1.0211309798074761,1.0099364281396368,1.0027100271002711,1.007896625987078,1.037748798901853,1.0171576561994171
pretrained,20,6,112237.04102526212,0.042622768383552945,0.04140170467833215,0.03476143603137741,0.10902854274737905,0.04252602237237944,0.6653416710240501,0.0006653416710240501,0.0005064908681171282,0.20259634724685127,1.4051926944937025,0.9999999999999999,0.8103853464126587,0.8103853889874051,4.257474639501879e-08,False,1.0439802408218384,0.9067897156099048,4.640017509460449,25,-0.1262761705688068,0.1795712358185223,0.06975798521723064,0.2379983759352139,0.1929815060326031,-0.07632017667804447,0.5222872442432812,0.9819083802034764,0.9740025585719445,0.9828400247399243,0.9851351351351353,0.9754273504273504,1.0244708994708993,1.1078930617441118
pretrained,20,7,111498.96432965234,-0.004767574757366444,-0.006576052690516421,-0.009209665159820527,0.10313068286136784,0.06623610547618625,1.3190390222838946,0.0013190390222838947,0.0004997552718435015,0.1999021087374006,1.399804217474801,0.9999999999999999,0.7996084094047546,0.7996084349496022,2.554484757055775e-08,False,0.9653228521347046,0.8384687758744219,3.9908461570739746,26,0.014841311212096892,0.525298182453428,-0.10182748309203557,0.05248339527419635,0.3656565887587411,-0.09807462564536504,0.24162263103893825,1.0171811676906573,1.0045787328777878,1.0194502657857352,1.0099451303155005,1.0087623220153341,1.013557133634603,0.9675380637747775
pretrained,20,8,112514.93624961707,0.010583846976905509,0.009111940420907905,0.0055930223079874875,0.11122911025654736,0.05010810174384062,0.9548266152186052,0.0009548266152186052,0.0005027263744601182,0.20109054978404728,1.4021810995680943,0.9999999999999998,0.8043621778488159,0.8043621991361887,2.1287372753420186e-08,False,0.8376436233520508,0.727568006846483,3.054701805114746,27,-0.10206574095146997,0.5440120633159364,0.028463534212538166,0.028702517173119946,0.029881394601293965,-0.0990248088325773,0.5700310404811586,1.0204317810759416,1.036630597940096,1.0048074160114426,1.0196943972835313,1.0007238508867176,1.024203821656051,0.9902019002375297
pretrained,20,9,113086.52739250481,0.005867879470992987,0.005080135686338139,0.0018547325766625645,0.11572136570330438,0.05275045740188913,0.27731224202684,0.00027731224202684,0.0005061429432992424,0.20245717731969698,1.4049143546393938,0.9999999999999999,0.8098286986351013,0.8098287092787877,1.0643686376710093e-08,False,0.8198066353797913,0.7120749959462291,2.9896862506866455,28,-0.10292355849274568,0.5578818903969867,0.025279641683612547,0.023503119658146582,-0.0995336188269513,0.02422713727823325,0.5715653883027179,1.034047030048888,1.0449943420211207,1.037165241936394,0.9783549783549785,0.9924050632911392,0.9950248756218906,0.9706146926536732
pretrained,20,10,116663.76210976708,0.03243727881196956,0.03163272230339409,0.02434791416278682,0.1428358027241433,0.05533045716104225,0.26954296816672596,0.000269542968166726,0.0005100396515003273,0.20401586060013094,1.408031721200262,1.0,0.816063404083252,0.816063442400524,3.831727202197044e-08,False,0.8305432796478271,0.7214007266657615,3.0346827507019043,29,-0.10306595372302194,0.5484298456992422,0.02957858783858161,0.024598111265471984,0.027407110535672713,-0.100949906877109,0.5740022052611624,1.028589803182445,1.0354429604664128,1.0173620255284004,1.0408441116405716,1.0557580174927113,1.08125,1.0367624343527957
pretrained,20,11,121531.22339701603,0.042644525610204376,0.041722135470560584,0.03183287111575764,0.1771661865583153,0.04995025436828668,0.38035561729754735,0.00038035561729754736,0.0005046999893550362,0.20187999574201448,1.4037599914840289,1.0,0.8075199127197266,0.8075199829680577,7.024833115210072e-08,False,0.8893997669219971,0.7725228219605234,3.3244364261627197,30,-0.10247769339808396,0.49883030966988634,0.034528868805084906,0.023789156760488234,-0.09940230234393052,0.08368936048022338,0.5610423000263316,1.0293303784225487,1.0479104071466634,1.0217829114307377,0.9565075212557227,0.9206075250258889,1.0710982658959536,1.0146007151370682
pretrained,20,12,121679.99001697783,0.0021840258884571195,0.0012241020521599477,-0.0014111115359828844,0.1781721876699106,0.04834225295156414,0.4529334641993045,0.0004529334641993045,0.000505357456526586,0.2021429826106344,1.4042859652212687,0.9999999999999999,0.808571994304657,0.8085719304425374,6.386211959252819e-08,False,0.8565582633018494,0.7439970543612517,3.1665186882019043,31,-0.101984120373215,0.5564307650285107,-0.1001588622374194,0.025628299053226195,0.06713125907949039,0.016974453415189467,0.5359782060342175,0.8883429458072976,0.9111819056684046,0.8713745250537601,0.9620512820512821,0.9591301087364079,1.0766324878575284,1.0555066079295152
pretrained,20,13,114599.95136754045,-0.05722540660843811,-0.05818572674479605,-0.05449730235184116,0.12739928065690054,0.07448790677662172,0.5385283582976885,0.0005385283582976885,0.00048060131658400813,0.19224052663360325,1.3844810532672063,0.9999999999999999,0.768962025642395,0.7689621065344125,8.089201752881081e-08,False,0.9529479742050171,0.8277200934762426,3.6813724040985107,32,0.0562939058457102,0.5752774413142885,-0.09653016073363169,0.028556668332644863,0.15271366494042532,-0.09571036589997156,0.37939884620053427,0.8748807130139254,0.8987705690454519,0.8625624855383022,0.9506041222459132,0.9378420641125881,0.8997493734335839,0.9897050639955481
pretrained,20,14,123602.43345970701,0.07984921563028502,0.07855572349497919,0.0610262155352823,0.19095443996578865,0.05057887547211627,0.6967534806047166,0.0006967534806047167,0.0005018096497016294,0.20072385988065178,1.4014477197613036,0.9999999999999999,0.8028954863548279,0.8028954395226071,4.6832220768067145e-08,False,0.9733899831771851,0.8454757968675013,3.8540546894073486,33,0.07219395999397549,0.36047086332525524,0.0325552246400288,-0.09924690957580296,0.16432352576936993,-0.10147695030484882,0.5711802861520222,1.1268440206437376,1.154471978877262,1.1108063488991609,1.0661682242990655,1.0220925385577322,1.1103064066852368,1.0447005903851563
pretrained,20,15,125609.88306136077,0.01785224046906486,0.016241181872104216,0.009929201517498577,0.2038842998432716,0.06001316719968772,1.0793503650597163,0.0010793503650597164,0.0005047056238566126,0.20188224954264503,1.40376449908529,1.0,0.807529091835022,0.80752899817058,9.36644419802235e-08,False,1.033576488494873,0.8977531311565266,4.281234264373779,34,-0.12101476213761736,0.18686076679400035,-0.08086748740502767,0.13443912246397563,0.10488987394741603,0.1951664803283555,0.5805260060088975,1.0452818452385757,1.0675310126503827,1.0426107204951207,0.982468443197756,0.9755301794453507,1.0065228299046662,1.0306781485468246
pretrained,20,16,128201.67623259164,0.021828679031806075,0.020633672351758836,0.013644782892257888,0.21997899763359074,0.04899829796122491,0.673675911767142,0.000673675911767142,0.000496486970888717,0.19859478835548677,1.3971895767109734,1.0,0.7943790555000305,0.7943791534219469,9.792191635327185e-08,False,0.9643937349319458,0.8376617549260228,3.7698097229003906,35,-0.10698837148291726,0.39501030636685236,0.03164058072226386,0.09957899791853767,0.10704383147614341,-0.09160641687256951,0.5653210718716895,1.0183883698313119,1.0599512631895773,1.0169313969075835,1.0549607423269096,1.023829431438127,1.175972083748754,1.0135770234986945
pretrained,20,17,139065.3717307142,0.08596475494626499,0.08473910651849015,0.05805935168130934,0.2809137260018998,0.057507533739994086,0.6237822771072388,0.0006237822771072388,0.0005054814421704837,0.2021925768681935,1.404385153736387,1.0,0.8087701201438904,0.8087703074727739,1.873288835163578e-07,False,1.0297329425811768,0.8944146695940063,4.273322582244873,36,-0.10811257468802588,0.2939031858529363,0.07201429350035529,0.15326771033661704,-0.09408000218016763,0.12622229648487907,0.5567850906934058,1.0551013292304916,1.0682486990147664,1.0238423367924046,1.11468200270636,1.0955492037566352,1.1479440440864774,1.0770221535291085
pretrained,20,18,137675.69229752154,-0.00888297982347841,-0.009992994056662985,-0.010948737624539118,0.27365536841538574,0.07380760076050133,0.6393265894481115,0.0006393265894481115,0.00048126387809004106,0.19250555123601643,1.3850111024720326,0.9999999999999999,0.7700222134590149,0.7700222049440653,8.514949634275126e-09,False,1.0304737091064453,0.8950580912226119,4.378220081329346,37,-0.09881367800491198,0.04721390562398092,0.17074197264654295,0.12960764499647276,-0.09369187323110445,0.33747088643057005,0.5074711415384496,1.0700646851823017,1.0958744957492952,1.07574187376562,1.0303490136570561,1.039508013417816,0.9737813884785819,0.9787132265008371
pretrained,20,19,132847.40723687693,-0.03407008941426948,-0.03506998933559402,-0.02942692533711496,0.24725666778206312,0.06056449407584693,0.5424731586660658,0.0005424731586660659,0.0004932311922311782,0.1972924768924713,1.3945849537849426,1.0,0.7891699075698853,0.7891699075698853,0.0,False,1.003516674041748,0.8716435080684709,4.132578372955322,38,-0.11191987618803978,0.04533103108406067,0.2640477083623409,0.2499571107327938,-0.08537260070443153,0.08122337982058525,0.5567332468926907,0.9607720184563087,0.9483673729353325,0.9771948490503586,0.9664212076583212,0.9602007888131946,0.943875616230565,0.9630987292277614
pretrained,20,20,129987.48699670947,-0.019824663162949174,-0.02152785891461173,-0.01895096661335722,0.23069518220218066,0.047789620669495166,1.2405249731881278,0.0012405249731881278,0.0004986304390643324,0.19945217562573297,1.3989043512514658,0.9999999999999999,0.7978086471557617,0.7978087025029317,5.534716995825306e-08,False,0.971808910369873,0.8441024944760955,3.9114949703216553,39,-0.09414499572345189,0.35991501488855904,0.03759779461792537,0.04599781760147639,0.20253102162054606,-0.10530717990228108,0.553410526897226,0.972334225393994,0.9770852563241543,0.9539229191567941,1.0146296860713198,1.00336071695295,1.0297308155885898,0.9807155544278103
pretrained,20,21,133170.45721843143,0.025651780536344537,0.024486743264777067,0.01566353009689282,0.24908270130832355,0.05447978018500144,0.64910895803145,0.00064910895803145,0.00048743609338998796,0.19497443735599518,1.3899488747119904,1.0,0.7798977494239807,0.7798977494239807,0.0,False,0.8332540988922119,0.7237553143443084,3.027024269104004,40,0.025157194584608078,0.5618441738188267,-0.09299038723111153,0.019926972687244415,0.03947373107075691,-0.10198405012488365,0.5485723651945591,1.1075456274694473,1.1179570958597118,1.1183717604729042,1.0432562331030337,1.0900632675846669,0.9914163090128755,0.9314359637774902
pretrained,20,22,142514.23577730102,0.07213521170494586,0.07016404954999556,0.045659176006064,0.298315712429849,0.07147670230922906,1.3457373795764787,0.0013457373795764786,0.0004944935786936964,0.19779743147747858,1.395594862954957,1.0,0.7911898493766785,0.7911897259099141,1.234667643679188e-07,False,1.0322844982147217,0.8966309226578417,4.181075096130371,41,-0.09800306281873158,0.1514038411634309,0.2425164548414094,0.13650428929499217,-0.099794368658747,0.08548690059355327,0.5818859455840928,1.03712146290818,1.0565291374240031,1.0326546656799105,1.0463576158940397,0.9351314441789006,1.1279024006296734,1.0611111111111111
pretrained,20,23,142148.71361289237,-0.0011842520422629121,-0.0025648115952416894,-0.004437793133321361,0.2965113967029922,0.052669548129291255,0.8863805064133234,0.0008863805064133235,0.0004967720301023551,0.19870881204094207,1.397417624081884,1.0,0.7948352098464966,0.7948352481637682,3.831727157788123e-08,False,1.0230053663253784,0.8885711711050532,4.396267890930176,42,-0.11536920922143118,0.3414134372557912,-0.08333960281951089,0.20819492531674247,0.08169565243380408,0.06418310744421821,0.503221689590386,0.9888633335144615,1.0141533291379978,0.9796166893478648,1.0192625206384152,0.910551296093465,1.0568736915561758,0.9814136125654451
pretrained,20,24,140987.664065138,-0.007050623669440204,-0.008167851247083524,-0.008458382411343652,0.2907180875498526,0.05330146516408142,0.6228156430380685,0.0006228156430380685,0.0005029784874724491,0.20119139498897964,1.4023827899779593,0.9999999999999999,0.8047654628753662,0.8047655799559186,1.1708055236425707e-07,False,0.9317644238471985,0.8093202954212021,3.583238363265991,43,0.025825483990567055,0.5114356691816023,-0.09465239542935577,0.08176726501967224,0.07875039082552704,-0.10653899955962387,0.5034125859716109,1.026091448048592,1.0093070419373205,1.0316766856435173,1.0105291576673865,1.057337610264635,0.9290194783757015,0.9554547879434515
pretrained,21,1,97649.93274122148,-0.021623551335032465,-0.02350067258778521,-0.02864303131955712,-0.024066245544749565,0.09153571549615107,1.4109614741589342,0.0014109614741589342,0.0005094897919999702,0.2037959167999881,1.4075918335999762,0.9999999999999999,0.8151836395263672,0.8151836671999524,2.7673585201171136e-08,False,0.9701835513114929,0.8426907255357636,4.152985095977783,21,-0.08070825013731209,-0.12308766666267601,0.36962505456592354,0.04011167239929947,0.0296320787497929,0.49206247207309517,0.2723646390118769,1.0393135068908235,1.0489629372043836,1.0256175982612805,1.038666193685704,0.984583761562179,0.9562807881773397,0.9945867917719236
pretrained,21,2,96244.29111739174,-0.012989922956204047,-0.014394701402967391,-0.01759188640478292,-0.03902266658109954,0.05270930736865888,0.913557130843401,0.000913557130843401,0.0005107232449310167,0.2042892979724067,1.4085785959448134,0.9999999999999999,0.8171572089195251,0.8171571918896268,1.7029898380371833e-08,False,1.0584875345230103,0.9193905908134423,4.6064324378967285,22,-0.10515880371843067,-0.09913049425397602,0.28723663304533276,0.14558325920786175,0.10503021095480236,0.14212288175310406,0.5243163130113057,0.9342222757517478,0.9192601541484278,0.933144921461059,0.9316939890710383,0.9439805149617257,0.9175788795878945,1.0359216255442671
pretrained,21,3,101702.98435259126,0.05860776535557388,0.05671706001285215,0.05259771351677336,0.016744684174529567,0.06339274477711498,1.2849330167685236,0.0012849330167685237,0.00050269394580807,0.20107757832322803,1.4021551566464558,0.9999999999999999,0.8043102025985718,0.8043103132929117,1.1069433991650612e-07,False,0.9441481828689575,0.8200766918379412,3.647871255874634,23,-0.09479991612689836,0.0956913876746382,0.03246229248387472,0.07349206986171858,0.5423159498189176,-0.10627766219632967,0.4571158784840788,1.068930144367124,1.074208932789611,1.0719290343572334,1.0821114369501466,1.0269074824917066,1.0224561403508772,1.0819614711033276
pretrained,21,4,102776.8476998765,0.012105845293280515,0.010558818446883445,0.006811299141757677,0.02701822211929772,0.06924477606020951,1.0199517511895724,0.0010199517511895724,0.0005097404175571033,0.20389616702284133,1.4077923340456826,0.9999999999999999,0.8155845999717712,0.8155846680913652,6.811959396557654e-08,False,1.0770924091339111,0.9355505795734746,5.016288757324219,24,-0.11210680859429495,-0.09178935842854638,0.11705662948744636,0.2901393089975629,0.2371277127947126,0.10171017689364295,0.4578623388494764,1.0131281613727836,1.0211309798074761,1.0099364281396368,1.0027100271002711,1.007896625987078,1.037748798901853,1.0171576561994171
pretrained,21,5,107053.54485135783,0.04277027799782496,0.04161148397905645,0.036482460930636666,0.06588800829670394,0.04774650493539109,0.6052692830562592,0.0006052692830562592,0.0005066135392657348,0.20264541570629394,1.4052908314125878,1.0,0.810581624507904,0.8105816628251756,3.831727157788123e-08,False,1.046623945236206,0.9090860080877912,4.623923301696777,25,-0.12356635289532797,0.1468976278390203,0.0794046063508306,0.2596729089106832,0.19486027849572043,-0.07907906281096597,0.5218099941100394,0.9819083802034764,0.9740025585719445,0.9828400247399243,0.9851351351351353,0.9754273504273504,1.0244708994708993,1.1078930617441118
pretrained,21,6,106350.87651715355,-0.004701608060781237,-0.006563709171704013,-0.00960752196609142,0.059716259283760675,0.06871545906296314,1.3710133539778846,0.0013710133539778847,0.0005016362973089729,0.20065451892358915,1.4013090378471784,1.0,0.8026179671287537,0.8026180756943568,1.0856560317407116e-07,False,0.9689645767211914,0.8416319376594671,4.0248260498046875,26,0.014788403574909487,0.5198671123278993,-0.10138437391391822,0.05630792437919549,0.3690427145255464,-0.09927014500967093,0.2406483641160386,1.0171811676906573,1.0045787328777878,1.0194502657857352,1.0099451303155005,1.0087623220153341,1.013557133634603,0.9675380637747775
pretrained,21,7,107309.15137507032,0.010491064461446209,0.009010502680363075,0.005844856765406921,0.06811302933077101,0.05103826563206833,0.9632618235690253,0.0009632618235690253,0.000503002991899848,0.2012011967599392,1.4024023935198784,1.0,0.8048047423362732,0.8048047870397568,4.470348358154297e-08,False,0.8412495255470276,0.7307000536976056,3.06935977935791,27,-0.10137437842786312,0.5409079138189554,0.02955656684935093,0.029874006286263466,0.030565176159143448,-0.09982681833207607,0.5702975336462259,1.0204317810759416,1.036630597940096,1.0048074160114426,1.0196943972835313,1.0007238508867176,1.024203821656051,0.9902019002375297
pretrained,21,8,107850.35978965378,0.005836761663787549,0.005043450699668828,0.0015477764187322952,0.07278937042922018,0.06257129359433741,0.2827537347163472,0.0002827537347163472,0.0005062649252691439,0.20250597010765758,1.405011940215315,0.9999999999999998,0.8100239634513855,0.8100238804306299,8.302075560351341e-08,False,0.8206913471221924,0.7128434468018288,2.993116855621338,28,-0.10295659010963781,0.557108829862305,0.025758355057665272,0.02399211855871336,-0.09954937999801977,0.023947633004614277,0.5716990336243595,1.034047030048888,1.0449943420211207,1.037165241936394,0.9783549783549785,0.9924050632911392,0.9950248756218906,0.9706146926536732
pretrained,21,9,111260.8921153771,0.03242639630908428,0.03162281824905411,0.02558119989538611,0.10121159287217996,0.056820450951473325,0.26904626829283584,0.00026904626829283586,0.0005095961157764707,0.20383844631058828,1.4076768926211767,1.0,0.8153539299964905,0.8153537852423534,1.44754137121339e-07,False,0.8313702940940857,0.7221190622866902,3.037346839904785,29,-0.10267635860613414,0.5476954164249557,0.029777692098702707,0.02484788692423276,0.02759742124804429,-0.10116208770445415,0.5739200296146529,1.028589803182445,1.0354429604664128,1.0173620255284004,1.0408441116405716,1.0557580174927113,1.08125,1.0367624343527957
pretrained,21,10,115886.40838797035,0.042493956744577455,0.04157360402787913,0.03332416821516821,0.13708603630880534,0.05100550442914341,0.3778412358037065,0.0003778412358037065,0.0005053861545664923,0.20215446182659697,1.4043089236531938,0.9999999999999998,0.8086179494857788,0.8086178473063876,1.0217939117040942e-07,False,0.8903221487998962,0.7733239926800817,3.3266570568084717,30,-0.10255426008786475,0.4983472989073821,0.03556228961263383,0.02474554787789071,-0.09960020173873221,0.08185183416519845,0.5616474912634917,1.0293303784225487,1.0479104071466634,1.0217829114307377,0.9565075212557227,0.9206075250258889,1.0710982658959536,1.0146007151370682
pretrained,21,11,116022.48865154569,0.0021355218659644404,0.001174255596219309,-0.0013165184215979922,0.138098129403745,0.04657223033075302,0.45409527580652914,0.00045409527580652915,0.0005055829071040664,0.20223316284162657,1.4044663256832532,1.0,0.8089326620101929,0.8089326513665065,1.0643686376710093e-08,False,0.8573979139328003,0.7447263656327489,3.171252965927124,31,-0.10199197248688766,0.5561616434050458,-0.10024119035473891,0.02595117262431554,0.06786517931946687,0.016836715329970636,0.5354184521628278,0.8883429458072976,0.9111819056684046,0.8713745250537601,0.9620512820512821,0.9591301087364079,1.0766324878575284,1.0555066079295152
pretrained,21,12,109271.7011035743,-0.057226158675208194,-0.058185164155944435,-0.056404441573902196,0.08484997497006141,0.06312574280437232,0.537038725401674,0.0005370387254016739,0.0004806958870696171,0.19227835482784683,1.3845567096556937,0.9999999999999999,0.769113302230835,0.7691134193113873,1.1708055236425707e-07,False,0.9530189037322998,0.8277817020808484,3.681614398956299,32,0.05643450867916855,0.575256932792919,-0.09647906172488419,0.028610890997307625,0.15244092446352753,-0.09579929310296265,0.379535097894924,0.8748807130139254,0.8987705690454519,0.8625624855383022,0.9506041222459132,0.9378420641125881,0.8997493734335839,0.9897050639955481
pretrained,21,13,117887.20932205606,0.08013300639664167,0.07884482561789219,0.06404817480305054,0.15173155276913886,0.056668059920537965,0.6914558272276606,0.0006914558272276606,0.000501869006880692,0.20074760275227682,1.4014952055045538,1.0,0.8029904365539551,0.8029904110091075,2.554484757055775e-08,False,0.9722952842712402,0.8445249534791065,3.845959186553955,33,0.07187112367578916,0.3630882198257106,0.03231337985822133,-0.09916812234691211,0.16237637347408704,-0.10157948040536471,0.5710985059184688,1.1268440206437376,1.154471978877262,1.1108063488991609,1.0661682242990655,1.0220925385577322,1.1103064066852368,1.0447005903851563
pretrained,21,14,119827.97227982445,0.018068413573613773,0.016462879806293573,0.011093480094653038,0.16547031467345374,0.05290563619323702,1.0736724276627814,0.0010736724276627814,0.0005046115789030279,0.20184463156121116,1.4036892631224223,1.0,0.8073785305023193,0.8073785262448445,4.257474817137563e-09,False,1.0337507724761963,0.8979045122992722,4.280756950378418,34,-0.120748225067343,0.19020455011299678,-0.08109640649386815,0.13460791536739894,0.10445296445063182,0.1920273346560342,0.5805518669741494,1.0452818452385757,1.0675310126503827,1.0426107204951207,0.982468443197756,0.9755301794453507,1.0065228299046662,1.0306781485468246
pretrained,21,15,122306.06005490787,0.02187073995795563,0.020680378111519238,0.014596083148191207,0.1823790255764418,0.0462525550959372,0.6691189269934381,0.0006691189269934381,0.0004964450294417995,0.1985780117767198,1.3971560235534395,0.9999999999999998,0.7943120002746582,0.794312047106879,4.6832220768067145e-08,False,0.9633777141571045,0.8367792504939976,3.7625021934509277,35,-0.10688882161464011,0.39685609351311407,0.03143067445073808,0.09912218313132012,0.1059744001499244,-0.09168919016207969,0.5651946605316229,1.0183883698313119,1.0599512631895773,1.0169313969075835,1.0549607423269096,1.023829431438127,1.175972083748754,1.0135770234986945
pretrained,21,16,132658.60640176327,0.08586652151739127,0.08464459031880978,0.06087447888052094,0.2461853571931477,0.0586370547236993,0.6203003908906664,0.0006203003908906664,0.0005056383992944444,0.20225535971777778,1.4045107194355555,1.0,0.8090213537216187,0.809021438871111,8.514949234594837e-08,False,1.028739333152771,0.893551631410159,4.264993190765381,36,-0.10810302517243792,0.29634493270090645,0.07137455471924373,0.15260712483099528,-0.09415233454533986,0.12503218331507274,0.5568965641515595,1.0551013292304916,1.0682486990147664,1.0238423367924046,1.11468200270636,1.0955492037566352,1.1479440440864774,1.0770221535291085
pretrained,21,17,131333.97968416035,-0.00887424487684052,-0.009985230159822556,-0.011453465798014532,0.2385824274838404,0.07701072177414432,0.6400469137089593,0.0006400469137089593,0.00048151451562132157,0.19260580624852863,1.385211612497057,0.9999999999999999,0.770423173904419,0.7704232249941141,5.10896951411155e-08,False,1.0307214260101318,0.8952732553913023,4.377895355224609,37,-0.09884594274418695,0.04787679868085043,0.17000933842999594,0.1297197129045214,-0.09375986350434168,0.336771302989551,0.5082286532436098,1.0700646851823017,1.0958744957492952,1.07574187376562,1.0303490136570561,1.039508013417816,0.9737813884785819,0.9787132265008371
pretrained,21,18,126725.7467598701,-0.034089112988051506,-0.03508789526802125,-0.03065134745297189,0.21089437184783089,0.059265836339247605,0.5413027618612563,0.0005413027618612563,0.0004932637140154839,0.19730548560619354,1.394610971212387,1.0,0.789222002029419,0.7892219424247742,5.960464477539063e-08,False,1.0038455724716187,0.8719291856148698,4.133770942687988,38,-0.11190484091639519,0.045795224606990814,0.26317906752228737,0.2501751221716404,-0.08540064468979836,0.08126039430499077,0.5568956770002842,0.9607720184563087,0.9483673729353325,0.9771948490503586,0.9664212076583212,0.9602007888131946,0.943875616230565,0.9630987292277614
pretrained,21,19,123993.16395616582,-0.019860299552282412,-0.021562964697948828,-0.019489266073687485,0.19350392546356754,0.04197639378848272,1.2401504239865713,0.0012401504239865713,0.0004985259766025203,0.19941039064100813,1.3988207812820161,0.9999999999999999,0.7976416945457458,0.7976415625640323,1.3198171355810473e-07,False,0.9712526798248291,0.8436193587633383,3.9066500663757324,39,-0.09415166292871749,0.3617345222405025,0.037414764719349985,0.045959783451897745,0.20098209168229783,-0.10525872771229064,0.5533192285469599,0.972334225393994,0.9770852563241543,0.9539229191567941,1.0146296860713198,1.00336071695295,1.0297308155885898,0.9807155544278103
pretrained,21,20,127027.57926407378,0.025633564715475954,0.02447244034341023,0.016423319578157854,0.21276937985165378,0.05684269619856783,0.6453910661595207,0.0006453910661595207,0.00048735474635447774,0.19494189854179111,1.389883797083582,0.9999999999999998,0.7797674536705017,0.779767594167164,1.4049666230420144e-07,False,0.8330579996109009,0.7235849846727512,3.0260798931121826,40,0.02506495373589651,0.5619032803390707,-0.09299332914607866,0.019956016114779873,0.03936138110501425,-0.10194856939571245,0.5486562672470296,1.1075456274694473,1.1179570958597118,1.1183717604729042,1.0432562331030337,1.0900632675846669,0.9914163090128755,0.9314359637774902
pretrained,21,21,135942.06256759842,0.0721446274781703,0.0701775421933577,0.048143788133916905,0.2643925058127311,0.06958675654320835,1.3419254156095641,0.0013419254156095642,0.0004944798323724951,0.19779193294899805,1.395583865897996,1.0,0.7911676168441772,0.791167731795992,1.1495181473364369e-07,False,1.0325253009796143,0.8968400812818815,4.183269023895264,41,-0.09807262143918447,0.1531588403241975,0.24098662712744304,0.13654815831354686,-0.09971931150981359,0.08522276261023112,0.5818755445735795,1.03712146290818,1.0565291374240031,1.0326546656799105,1.0463576158940397,0.9351314441789006,1.1279024006296734,1.0611111111111111
pretrained,21,22,135595.92772117464,-0.0011691379086540277,-0.0025461938702869835,-0.004773209304357288,0.26251472532693165,0.05790857637115671,0.882682238306318,0.000882682238306318,0.0004969368129968643,0.19877472519874573,1.3975494503974915,1.0,0.7950989603996277,0.7950989007949829,5.960464477539063e-08,False,1.022606611251831,0.8882248168489081,4.392159461975098,42,-0.11537285149097443,0.34223658591508865,-0.0834018737077713,0.2076791152358055,0.08141310513019562,0.06401852518320084,0.5034273937344551,0.9888633335144615,1.0141533291379978,0.9796166893478648,1.0192625206384152,0.910551296093465,1.0568736915561758,0.9814136125654451
pretrained,21,23,134483.89916013673,-0.007084674591935736,-0.008201046887813424,-0.00883835564248148,0.25641656269257196,0.054803860162435714,0.6218063575880869,0.0006218063575880869,0.0005031640481735979,0.20126561926943914,1.4025312385388784,1.0,0.8050625920295715,0.8050624770777568,1.1495181473364369e-07,False,0.9313232898712158,0.8089371313181035,3.5804433822631836,43,0.025749157582010546,0.5116982044918197,-0.09471175500324794,0.08162180653640203,0.0784495057804244,-0.1065538642661912,0.5037469448787826,1.026091448048592,1.0093070419373205,1.0316766856435173,1.0105291576673865,1.057337610264635,0.9290194783757015,0.9554547879434515
pretrained,21,24,132722.2449231677,-0.012111156478131768,-0.013099369128726446,-0.01234978349908605,0.2465468011192129,0.0496004385145398,0.49967585291181293,0.000499675852911813,0.0005011525856597084,0.20046103426388337,1.4009220685277666,0.9999999999999998,0.8018441200256348,0.8018441370555331,1.7029898380371833e-08,False,0.9143567681312561,0.7942001977805914,3.418707847595215,44,0.04976962666426385,0.45708014975701056,0.05531573827777589,0.05875861059342111,-0.09012156565274512,-0.11033946861113825,0.5795369089714117,1.0424386351216453,1.004133253410209,1.0662471630729378,0.9422922789206518,1.0401971937808114,0.9470504619758351,0.9678950307091011
pretrained,22,1,98383.61175861693,-0.01460049948608666,-0.01616388241383071,-0.019456840424536184,-0.016429446047872887,0.06054788753326596,1.0775153083460671,0.0010775153083460672,0.0005102919015501226,0.20411676062004908,1.408233521240098,0.9999999999999999,0.8164670467376709,0.8164670424801961,4.257474817137563e-09,False,1.0604560375213623,0.921100410793031,4.666722774505615,22,-0.10024249872991017,-0.1038742618901389,0.3061058265822274,0.15313019284180232,0.09878948011568614,0.13799819775990077,0.5080930633204324,0.9342222757517478,0.9192601541484278,0.933144921461059,0.9316939890710383,0.9439805149617257,0.9175788795878945,1.0359216255442671
pretrained,22,2,103946.2530318926,0.05844167563232072,0.056540323879586296,0.051068159695199136,0.03796436058817643,0.06651293881700351,1.2945259852068765,0.0012945259852068765,0.0005034583620727062,0.2013833448290825,1.402766689658165,1.0,0.8055334687232971,0.80553337931633,8.940696716308594e-08,False,0.9519818425178528,0.8268809221551879,3.693901300430298,23,-0.09427926689386368,0.08996409177780151,0.03624218702316284,0.08465031534433365,0.5462508872151375,-0.10710407793521881,0.444275863468647,1.068930144367124,1.074208932789611,1.0719290343572334,1.0821114369501466,1.0269074824917066,1.0224561403508772,1.0819614711033276
pretrained,22,3,105005.34575509222,0.011729352969981788,0.010188849451597592,0.005518549869311229,0.04766753272510871,0.08369244535242103,1.0153762932334627,0.0010153762932334626,0.0005084279977849551,0.20337119911398208,1.406742398227964,0.9999999999999999,0.8134847283363342,0.8134847964559282,6.811959396557654e-08,False,1.082158088684082,0.9399505729249334,5.102128028869629,24,-0.1095320593033518,-0.09383913981063027,0.12499887389796119,0.300147852727345,0.2420119707073484,0.09632984442370277,0.4398826573576246,1.0131281613727836,1.0211309798074761,1.0099364281396368,1.0027100271002711,1.007896625987078,1.037748798901853,1.0171576561994171
pretrained,22,4,109263.84394996495,0.041674016108537604,0.04055506092808825,0.03471367535780688,0.0847841666105682,0.04805917055305225,0.5700715482234955,0.0005700715482234955,0.0005046952010265419,0.20187808041061675,1.4037561608212334,1.0,0.8075124621391296,0.8075123216424669,1.4049666274829065e-07,False,1.0471999645233154,0.909586332083514,4.6396565437316895,25,-0.12218610303742544,0.1196425173963819,0.08715066952364783,0.2805526692952428,0.20309544993298392,-0.07969197737319131,0.5114367742623602,0.9819083802034764,0.9740025585719445,0.9828400247399243,0.9851351351351353,0.9754273504273504,1.0244708994708993,1.1078930617441118
pretrained,22,5,108630.54999905737,-0.0038746075736275642,-0.005796006510603635,-0.008302417305397356,0.07944864496343118,0.05933791316520671,1.4287506235497338,0.0014287506235497339,0.0005019846079604967,0.20079384318419868,1.4015876863683974,0.9999999999999999,0.8031753301620483,0.8031753727367947,4.257474639501879e-08,False,0.9724909067153931,0.8446948689751705,4.035757541656494,26,0.015220197183745232,0.5148147887417248,-0.10099102343831745,0.06440603200878414,0.38489219014133724,-0.09980281974588123,0.22146063510860714,1.0171811676906573,1.0045787328777878,1.0194502657857352,1.0099451303155005,1.0087623220153341,1.013557133634603,0.9675380637747775
pretrained,22,6,109599.48870314882,0.010440261056037015,0.00891957836998758,0.005396837426765055,0.08758698436220913,0.054830039440257876,1.0048571175762584,0.0010048571175762585,0.000501246890053153,0.20049875602126122,1.4009975120425224,1.0,0.801995038986206,0.8019950240850449,1.4901161193847656e-08,False,0.8446832895278931,0.7336825831957017,3.0814850330352783,27,-0.1005206611007452,0.5381916183978319,0.030011415481567383,0.031102875247597694,0.03168292157351971,-0.09997809492051601,0.5695099253207445,1.0204317810759416,1.036630597940096,1.0048074160114426,1.0196943972835313,1.0007238508867176,1.024203821656051,0.9902019002375297
pretrained,22,7,110147.93151152125,0.005802257381996467,0.005004063566919514,0.0019160355078403513,0.09213002343543597,0.052540071307729766,0.2879784634070738,0.00028797846340707377,0.0005059258014495884,0.20237032057983534,1.4047406411596708,1.0,0.8094812631607056,0.8094812823193416,1.915863601098522e-08,False,0.8216547966003418,0.7136802883857345,2.996434211730957,28,-0.10313068197241851,0.5564620508147138,0.026007351864661493,0.024650288213576593,-0.09923963860741683,0.023793242339576998,0.5714573873473066,1.034047030048888,1.0449943420211207,1.037165241936394,0.9783549783549785,0.9924050632911392,0.9950248756218906,0.9706146926536732
pretrained,22,8,113632.11784001696,0.032433133612138176,0.03163188160397978,0.025123395860357098,0.11996711932457049,0.05427400057554849,0.2681195060057299,0.0002681195060057299,0.0005082630618874516,0.20330522475498064,1.4066104495099612,0.9999999999999999,0.8132209181785583,0.8132208990199223,1.915863601098522e-08,False,0.831763505935669,0.7224606017527274,3.037353277206421,29,-0.10212298988231591,0.5473777750240905,0.029538468058620176,0.025007281984601698,0.027936727340732298,-0.10118223487266473,0.5734449723469359,1.028589803182445,1.0354429604664128,1.0173620255284004,1.0408441116405716,1.0557580174927113,1.08125,1.0367624343527957
pretrained,22,9,118344.00021429447,0.042393846893357345,0.04146611419239221,0.03236683160962829,0.1550057474910228,0.0534359311364805,0.384658326527902,0.000384658326527902,0.0005057400491620813,0.20229601966483252,1.4045920393296651,1.0,0.8091840744018555,0.8091840786593303,4.257474817137563e-09,False,0.893955647945404,0.7764800099378701,3.3450875282287598,30,-0.10263584607413836,0.4951313430709498,0.03673869318195752,0.025958682809557238,-0.09966017359069415,0.08299530244299344,0.5614719981593745,1.0293303784225487,1.0479104071466634,1.0217829114307377,0.9565075212557227,0.9206075250258889,1.0710982658959536,1.0146007151370682
pretrained,22,10,118453.20086471873,0.0018935140042954934,0.0009227392197874718,-0.001751896974445972,0.15578473802319193,0.05061775013230187,0.4641414146338191,0.0004641414146338191,0.0005052683941487755,0.2021073576595102,1.4042147153190203,0.9999999999999999,0.8084294199943542,0.8084294306380406,1.0643686376710093e-08,False,0.8604385256767273,0.7473674074367443,3.187375068664551,31,-0.10182400553354196,0.5552818203078849,-0.10028335212596826,0.02664093912712165,0.07076595963111945,0.016616888876472197,0.532801749716912,0.8883429458072976,0.9111819056684046,0.8713745250537601,0.9620512820512821,0.9591301087364079,1.0766324878575284,1.0555066079295152
pretrained,22,11,111473.3787824777,-0.05795138125025079,-0.058924723277106295,-0.056489530188148986,0.10292483198940383,0.07259248308721784,0.5531864416386401,0.00055318644163864,0.00048056616048727726,0.1922264641949109,1.3844529283898217,0.9999999999999999,0.7689058780670166,0.7689058567796434,2.1287373197509396e-08,False,0.9582570791244507,0.8323315234169535,3.7174813747406006,32,0.058812162705830145,0.5756292965795313,-0.09641094984752793,0.02928007660167556,0.1598639961864267,-0.09581551434738297,0.3686409321214471,0.8748807130139254,0.8987705690454519,0.8625624855383022,0.9506041222459132,0.9378420641125881,0.8997493734335839,0.9897050639955481
pretrained,22,12,119684.2787350984,0.07466117627168156,0.07365794454515417,0.05915492762490862,0.16446837415184934,0.04777229075073777,0.4317019342311792,0.0004317019342311792,0.0005022671299853496,0.20090685199413982,1.4018137039882794,0.9999999999999999,0.8036273717880249,0.8036274079765588,3.618853394726784e-08,False,0.9697937965393066,0.8423521888420517,3.83591365814209,33,0.06999754080814974,0.36845871726317064,-0.09908078690724714,0.03086087586624281,0.16223399261278765,-0.10182606508689268,0.5693557254437889,1.1268440206437376,1.154471978877262,1.1108063488991609,1.0661682242990655,1.0220925385577322,1.1103064066852368,1.0447005903851563
pretrained,22,13,121695.25958052278,0.018178435079523103,0.016802380953269136,0.010823457640384554,0.17827530550742254,0.059669474303773,0.8477984895663602,0.0008477984895663602,0.0005046018133206027,0.20184072532824113,1.403681450656482,0.9999999999999998,0.8073628544807434,0.8073629013129642,4.6832220768067145e-08,False,1.0346946716308594,0.8987243726879588,4.285559177398682,34,-0.12014956240143099,0.19264548804078782,-0.08169116292681014,0.1360567786863872,0.10429508026157105,0.18873354579721177,0.5801098325422831,1.0452818452385757,1.0675310126503827,1.0426107204951207,0.982468443197756,0.9755301794453507,1.0065228299046662,1.0306781485468246
pretrained,22,14,124216.02899611741,0.02189927286522564,0.020713784779157418,0.014211558402353832,0.19495091890978355,0.049281100000143595,0.6639512351581028,0.0006639512351581028,0.0004968052916228771,0.19872211664915085,1.3974442332983017,1.0,0.794888436794281,0.7948884665966034,2.9802322387695312e-08,False,0.9634970426559448,0.8368828979111579,3.76603102684021,35,-0.10679454356431961,0.3972792625427246,0.030827276408672333,0.1003631055355072,0.10576346516609192,-0.09192757308483124,0.5644890069961548,1.0183883698313119,1.0599512631895773,1.0169313969075835,1.0549607423269096,1.023829431438127,1.175972083748754,1.0135770234986945
pretrained,22,15,134740.01714619217,0.08594893396080083,0.08472326989622014,0.060221554737968225,0.2578299890558826,0.05315030816261666,0.623958591903959,0.000623958591903959,0.0005053360041763101,0.20213440167052407,1.4042688033410482,1.0,0.8085375428199768,0.8085376066820964,6.386211959252819e-08,False,1.0294722318649292,0.8941882191431276,4.272387981414795,36,-0.10790332832506727,0.2944903331143516,0.07134943029710225,0.15528800657817296,-0.0942310733454568,0.1246046679360526,0.5564019637448447,1.0551013292304916,1.0682486990147664,1.0238423367924046,1.11468200270636,1.0955492037566352,1.1479440440864774,1.0770221535291085
pretrained,22,16,133405.27773542452,-0.00879454606625596,-0.009906035630969812,-0.010896246812733316,0.25040446901715085,0.06941453548003114,0.6405684926680157,0.0006405684926680158,0.0004814120328852109,0.19256481315408436,1.3851296263081685,0.9999999999999999,0.7702592015266418,0.770259252616337,5.10896951411155e-08,False,1.0311598777770996,0.895654089757252,4.385517597198486,37,-0.0986370619918619,0.04719615834099905,0.17067025335771696,0.131319952330419,-0.09392775116222246,0.33599850269300596,0.5073799464319433,1.0700646851823017,1.0958744957492952,1.07574187376562,1.0303490136570561,1.039508013417816,0.9737813884785819,0.9787132265008371
pretrained,22,17,128728.97906294014,-0.034054522994604874,-0.03505332586435317,-0.030184352156331005,0.22317413897063165,0.05908044219623603,0.5415296852588654,0.0005415296852588654,0.0004930210619100503,0.19720842476402012,1.39441684952804,0.9999999999999999,0.7888337969779968,0.78883369905608,9.792191679736106e-08,False,1.0032025575637817,0.8713706699623596,4.131414890289307,38,-0.1117041323866163,0.0449721376810755,0.26332477586609976,0.25211227791649954,-0.08550429237740381,0.08052475111825125,0.556274482182094,0.9607720184563087,0.9483673729353325,0.9771948490503586,0.9664212076583212,0.9602007888131946,0.943875616230565,0.9630987292277614
pretrained,22,18,125962.87404082385,-0.019783788902545507,-0.021487819155031507,-0.019456021692239492,0.2061152878459206,0.047943411350568614,1.2417221516370773,0.0012417221516370773,0.0004982135019132069,0.19928540076528278,1.3985708015305653,0.9999999999999999,0.7971417307853699,0.7971416030611307,1.2772423918505638e-07,False,0.9724622368812561,0.844669966673645,3.917109727859497,39,-0.0938906062926565,0.3592876355562891,0.03739158915621893,0.04669725256306784,0.20322775947196142,-0.10539479447262629,0.5526811640177454,0.972334225393994,0.9770852563241543,0.9539229191567941,1.0146296860713198,1.00336071695295,1.0297308155885898,0.9807155544278103
pretrained,22,19,129060.49989969104,0.02575805125388264,0.02459157813327817,0.0161513185046244,0.22516959040355156,0.0580596810601313,0.6503270869808537,0.0006503270869808537,0.00048750153476638454,0.19500061390655382,1.3900012278131075,0.9999999999999999,0.7800023555755615,0.7800024556262151,1.0005065353979603e-07,False,0.8341513872146606,0.7245346890785398,3.0307505130767822,40,0.025404437045965872,0.5617906363414866,-0.09297131880053452,0.020074602748666487,0.039822700034294806,-0.1020292951060193,0.54790823773614,1.1075456274694473,1.1179570958597118,1.1183717604729042,1.0432562331030337,1.0900632675846669,0.9914163090128755,0.9314359637774902
pretrained,22,20,138111.45409193414,0.0721033627113663,0.07012954544014405,0.04670750161640906,0.27594709173480403,0.0813999942968683,1.3482437894812653,0.0013482437894812654,0.0004945230005042894,0.19780920020171577,1.3956184004034315,0.9999999999999999,0.7912368774414062,0.7912368008068631,7.663454315576246e-08,False,1.032409429550171,0.8967394366370466,4.18276834487915,41,-0.09794235761676517,0.15070507888283047,0.24201610152210506,0.13828901414360317,-0.0998668425849506,0.0850282779761723,0.5817707276770047,1.03712146290818,1.0565291374240031,1.0326546656799105,1.0463576158940397,0.9351314441789006,1.1279024006296734,1.0611111111111111
pretrained,22,21,137751.3021361163,-0.0012286930327407575,-0.002607690710273003,-0.004720652567008939,0.2740540492228021,0.056552201100139726,0.8849740603140422,0.0008849740603140422,0.0004966741028640951,0.19866964114563804,1.397339282291276,1.0,0.7946786284446716,0.794678564582552,6.386211959252819e-08,False,1.0244994163513184,0.8898688864689595,4.413876533508301,42,-0.11543680301734377,0.33684468695095604,-0.08323283812829427,0.21219441720417567,0.08257517644337245,0.06440551259687968,0.5026498479502541,0.9888633335144615,1.0141533291379978,0.9796166893478648,1.0192625206384152,0.910551296093465,1.0568736915561758,0.9814136125654451
pretrained,22,22,136645.89433489172,-0.006901973406096884,-0.008024663172565116,-0.008574992837079574,0.26818145187062825,0.05404790969811497,0.6281479091516562,0.0006281479091516562,0.0005029839742928744,0.20119358971714973,1.4023871794342995,1.0,0.8047745227813721,0.8047743588685989,1.6391277313232422e-07,False,0.93448805809021,0.8116860140661274,3.6029322147369385,43,0.026109229773283005,0.5093726087361574,-0.09443887136876583,0.08410446532070637,0.07962404377758503,-0.1067547183483839,0.5019832421094179,1.026091448048592,1.0093070419373205,1.0316766856435173,1.0105291576673865,1.057337610264635,0.9290194783757015,0.9554547879434515
pretrained,22,23,134860.35361310682,-0.012071722036526622,-0.013066918186425025,-0.01265530947599484,0.2584922305121319,0.05932176234996944,0.50661800801754,0.00050661800801754,0.0005012463964521885,0.2004985585808754,1.4009971171617508,1.0,0.8019941449165344,0.8019942343235016,8.940696716308594e-08,False,0.9174908399581909,0.7969224179812439,3.4363858699798584,44,0.05087076500058174,0.4533143565058708,0.0564623661339283,0.0602215975522995,-0.08993134647607803,-0.11056721210479736,0.579629473388195,1.0424386351216453,1.004133253410209,1.0662471630729378,0.9422922789206518,1.0401971937808114,0.9470504619758351,0.9678950307091011
pretrained,22,24,138805.68185274096,0.030097377005191772,0.02925491542868608,0.018810554952394233,0.27956839615477647,0.04531221380500701,0.3414578969989504,0.0003414578969989504,0.00047672326277409287,0.19068930510963714,1.3813786102192742,1.0,0.7627571821212769,0.7627572204385484,3.831727157788123e-08,False,0.9007261991500854,0.7823608359931432,3.3382937908172607,45,-0.08121975617749352,0.4715129126395498,0.042784186878374625,0.04663080988185744,0.06150138271706443,-0.10946954893214361,0.5682600129927908,1.0524253138754247,1.054036194252693,1.0270848634564504,0.9872412815423873,1.0051039008384979,1.121575984990619,1.0374963945774445
pretrained,23,1,105623.59098086949,0.058249262001529134,0.05623590980869486,0.04968152597900614,0.053241808280197866,0.07120564602383457,1.4051537215709686,0.0014051537215709687,0.0004991895465978554,0.1996758186391422,1.3993516372782842,0.9999999999999999,0.7987034320831299,0.7987032745565683,1.575265615727517e-07,False,0.9481921195983887,0.8235892106514568,3.6811583042144775,23,-0.09410674763577326,0.11436613010508673,0.031837546399661465,0.06518099563462393,0.5453593294535364,-0.10556907100336893,0.4429318170462336,1.068930144367124,1.074208932789611,1.0719290343572334,1.0821114369501466,1.0269074824917066,1.0224561403508772,1.0819614711033276
pretrained,23,2,106827.04391238667,0.012957270918358521,0.011393789212631011,0.00652192479650516,0.06390744948428795,0.08287432815169844,1.0365883857011795,0.0010365883857011795,0.0005080863966473512,0.20323455865894047,1.406469117317881,1.0,0.8129381537437439,0.8129382346357619,8.089201797290002e-08,False,1.083548903465271,0.9411586192945731,5.123937129974365,24,-0.1154992197241102,-0.08773533893483026,0.11161746191126959,0.26199291752917425,0.2505590777312006,0.12599781262023108,0.4530672888670649,1.0131281613727836,1.0211309798074761,1.0099364281396368,1.0027100271002711,1.007896625987078,1.037748798901853,1.0171576561994171
pretrained,23,3,111160.27902794653,0.041826168983685186,0.04056309111308676,0.03405907722711767,0.10039808396973116,0.048631145166510674,0.7118981225149972,0.0007118981225149972,0.0005012065065758569,0.2004826026303428,1.4009652052606856,0.9999999999999999,0.8019303679466248,0.8019304105213712,4.257474639501879e-08,False,1.04559326171875,0.9081907677593516,4.668771266937256,25,-0.12529563690934864,0.20362402711595806,0.0674801788159779,0.21801179860319408,0.1937096140214375,-0.07518696572099415,0.5176569840737751,0.9819083802034764,0.9740025585719445,0.9828400247399243,0.9851351351351353,0.9754273504273504,1.0244708994708993,1.1078930617441118
pretrained,23,4,110492.02334163272,-0.004218879708575152,-0.0060116409580601715,-0.008627148598049427,0.09495729215847748,0.06372713573591501,1.3037855188761438,0.0013037855188761439,0.0004981938090973668,0.19927752363894669,1.3985550472778931,0.9999999999999999,0.7971100211143494,0.7971100945557863,7.344143693188698e-08,False,0.9580634236335754,0.8321633163947987,3.919823169708252,26,0.015078771061130924,0.5310726073969687,-0.10130538964377983,0.047565473376640244,0.3777793852080192,-0.09797213399516685,0.22778128659618752,1.0171811676906573,1.0045787328777878,1.0194502657857352,1.0099451303155005,1.0087623220153341,1.013557133634603,0.9675380637747775
pretrained,23,5,111522.83784695556,0.010818429425882403,0.009329311511796945,0.005844969906422571,0.10332267425590913,0.05040824382018158,0.9749843704381161,0.0009749843704381162,0.0004992822424641678,0.19971289698566713,1.3994257939713344,1.0,0.7988516092300415,0.7988515879426688,2.1287372753420186e-08,False,0.8293280601501465,0.7203452004214735,3.018259048461914,27,-0.10111383827669282,0.5510410097028529,0.025577240490487624,0.025977237948349524,0.028694969468883086,-0.09859905870897431,0.5684224393750941,1.0204317810759416,1.036630597940096,1.0048074160114426,1.0196943972835313,1.0007238508867176,1.024203821656051,0.9902019002375297
pretrained,23,6,112105.63291208062,0.006003304294004419,0.005225791204531927,0.0018961112867567787,0.10798416277239631,0.05530754459460798,0.2692525062177859,0.0002692525062177859,0.0005039196102214711,0.20156784408858847,1.4031356881771766,0.9999999999999998,0.8062713146209717,0.8062713763543532,6.173338151782559e-08,False,0.8157983422279358,0.7085934367508263,2.972496509552002,28,-0.1024835522153548,0.56095205593322,0.02358280840728963,0.02249439220343316,-0.09908429187323367,0.023821502657873278,0.5707170848867722,1.034047030048888,1.0449943420211207,1.037165241936394,0.9783549783549785,0.9924050632911392,0.9950248756218906,0.9706146926536732
pretrained,23,7,115656.93799906227,0.03247410320075894,0.03167820380414588,0.02469844464548727,0.13537396259953915,0.05382710363311149,0.26454974710941315,0.00026454974710941317,0.0005066137308520931,0.20264549234083723,1.4052909846816741,0.9999999999999998,0.8105819225311279,0.8105819693633483,4.6832220323977936e-08,False,0.8247618079185486,0.7163790041271508,3.008657455444336,29,-0.10211208303059852,0.5530320943466254,0.02692433420036519,0.02327629524682248,0.026673530893666392,-0.10053340931023871,0.5727392376533575,1.028589803182445,1.0354429604664128,1.0173620255284004,1.0408441116405716,1.0557580174927113,1.08125,1.0367624343527957
pretrained,23,8,120518.71608556522,0.042955437097638605,0.04203619921653434,0.03221528073950664,0.17025335775231332,0.05328228826535038,0.37925078719854355,0.0003792507871985436,0.000502515762512173,0.2010063050048692,1.402012610009738,0.9999999999999998,0.8040251731872559,0.8040252200194762,4.6832220323977936e-08,False,0.8841666579246521,0.767977401239033,3.301422119140625,30,-0.10196756411875998,0.5043641866317816,0.0307322253606149,0.022092353286487704,-0.09903874088610923,0.08513957421694482,0.5586779655090399,1.0293303784225487,1.0479104071466634,1.0217829114307377,0.9565075212557227,0.9206075250258889,1.0710982658959536,1.0146007151370682
pretrained,23,9,120649.84593798702,0.0020392868978609258,0.0010880455474542305,-0.001723229279273394,0.17115517866969232,0.05250100393304795,0.4457782134413719,0.0004457782134413719,0.0005039781065923828,0.2015912426369531,1.4031824852739059,0.9999999999999998,0.8063648343086243,0.8063649705478118,1.3623918748706387e-07,False,0.8561623096466064,0.7436531333861289,3.1623990535736084,31,-0.1010502933391503,0.5573177800646849,-0.1005409492978028,0.02542945715997899,0.06664239774857247,0.017132036121828204,0.5350695715418883,0.8883429458072976,0.9111819056684046,0.8713745250537601,0.9620512820512821,0.9591301087364079,1.0766324878575284,1.0555066079295152
pretrained,23,10,113538.24281534064,-0.05796867094273506,-0.05894415419561905,-0.055403343849441705,0.11923949569449765,0.06975321748494082,0.5562097829367434,0.0005562097829367434,0.0004798371437937021,0.19193485751748085,1.3838697150349617,1.0,0.767739474773407,0.7677394300699234,4.470348358154297e-08,False,0.9574565291404724,0.8316361745358944,3.7083187103271484,32,0.05916693992912769,0.5764148291200399,-0.0965366829186678,0.02911420166492462,0.1577439960092306,-0.09539817459881306,0.369494890794158,0.8748807130139254,0.8987705690454519,0.8625624855383022,0.9506041222459132,0.9378420641125881,0.8997493734335839,0.9897050639955481
pretrained,23,11,122031.62664855261,0.07578373614702416,0.07480637028199988,0.05885421942508819,0.18054030134338062,0.048931724475895326,0.4074510293347495,0.00040745102933474955,0.0005014771103326763,0.20059084413307054,1.401181688266141,0.9999999999999999,0.8023635149002075,0.802363376532282,1.3836792556176647e-07,False,0.9630188345909119,0.836467531663467,3.794541835784912,33,0.065119116167937,0.3816565783428294,-0.09920411690005235,0.028802924390350065,0.15789695696106978,-0.1013867272330182,0.5671152682708842,1.1268440206437376,1.154471978877262,1.1108063488991609,1.0661682242990655,1.0220925385577322,1.1103064066852368,1.0447005903851563
pretrained,23,12,124205.46495965667,0.019178291080392595,0.017813728873455448,0.011580218328519135,0.19488244714126612,0.055238549387327446,0.8378611808376653,0.0008378611808376652,0.0005019206127950124,0.20076824511800495,1.4015364902360097,0.9999999999999999,0.803072988986969,0.8030729804720194,8.514949634275126e-09,False,1.0329837799072266,0.8972383110185435,4.266162872314453,34,-0.1188491274203573,0.20334135102374212,-0.08191911769764765,0.12673859404666082,0.10124983744961874,0.18988253282649176,0.5795559297714914,1.0452818452385757,1.0675310126503827,1.0426107204951207,0.982468443197756,0.9755301794453507,1.0065228299046662,1.0306781485468246
pretrained,23,13,126803.04635024848,0.0220910778387573,0.020913583725446605,0.014200658730636223,0.21137541345981992,0.0458461517583514,0.6571866343063968,0.0006571866343063968,0.0004955216936234917,0.1982086774493967,1.3964173548987933,1.0,0.7928346991539001,0.7928347097975865,1.0643686376710093e-08,False,0.9581526517868042,0.8322408189839541,3.7271106243133545,35,-0.10649733005889825,0.4058106863605125,0.029891528721366606,0.09526270867458411,0.10321137548557349,-0.09171134739049844,0.56403237820736,1.0183883698313119,1.0599512631895773,1.0169313969075835,1.0549607423269096,1.023829431438127,1.175972083748754,1.0135770234986945
pretrained,23,14,137558.44705711326,0.08605250016211441,0.08481973435525192,0.05913175259919018,0.27303628283561,0.05058233553199783,0.6320167183876038,0.0006320167183876037,0.0005037165779088224,0.201486631163529,1.4029732623270579,0.9999999999999999,0.8059465289115906,0.8059465246541158,4.257474817137563e-09,False,1.0290817022323608,0.8938490094142393,4.265604496002197,36,-0.10710855892726354,0.2958432180540902,0.0702638743179185,0.15144360491207667,-0.09437807223626546,0.12774376996925899,0.5561921639101846,1.0551013292304916,1.0682486990147664,1.0238423367924046,1.11468200270636,1.0955492037566352,1.1479440440864774,1.0770221535291085
pretrained,23,15,136178.36120844953,-0.008921466497112562,-0.010032723385505649,-0.010710299324940078,0.26566894246194495,0.06685917902550068,0.641447427017348,0.0006414474270173481,0.0004804418289235661,0.19217673156942644,1.3843534631388528,0.9999999999999999,0.7687069177627563,0.7687069262777055,8.514949190185916e-09,False,1.0298423767089844,0.8945097228696838,4.371567249298096,37,-0.09793974193079133,0.04655406517641883,0.1711104389812265,0.12884301213281493,-0.09423698963863511,0.3383110192205224,0.5073581960584437,1.0700646851823017,1.0958744957492952,1.07574187376562,1.0303490136570561,1.039508013417816,0.9737813884785819,0.9787132265008371
pretrained,23,16,131405.45336217983,-0.03404767081027693,-0.03504894466282904,-0.029527818916290863,0.23899657555017972,0.057109040090512854,0.5449852347373961,0.0005449852347373962,0.0004921189003757068,0.19684756015028274,1.3936951203005654,0.9999999999999999,0.7873902320861816,0.7873902406011308,8.514949190185916e-09,False,1.0033559799194336,0.87150393092728,4.129388809204102,38,-0.11099599408251898,0.04445192856448035,0.2641764347042356,0.2510632340397153,-0.08585156606776376,0.08097679061549048,0.5561791722263609,0.9607720184563087,0.9483673729353325,0.9771948490503586,0.9664212076583212,0.9602007888131946,0.943875616230565,0.9630987292277614
pretrained,23,17,128592.44495094652,-0.019703479596415052,-0.02140709033954702,-0.019108664760313428,0.22234933756686515,0.049228535539977,1.2418812066316605,0.0012418812066316606,0.0004974830948880741,0.19899323795522966,1.3979864759104592,0.9999999999999999,0.7959728837013245,0.7959729518209184,6.811959396557654e-08,False,0.9736008048057556,0.8456589142074094,3.9268364906311035,39,-0.09340627597911019,0.35550083858626225,0.037559094705751944,0.047037850001028586,0.20645040912287574,-0.10558696197611947,0.5524450455393111,0.972334225393994,0.9770852563241543,0.9539229191567941,1.0146296860713198,1.00336071695295,1.0297308155885898,0.9807155544278103
pretrained,23,18,131773.99082082423,0.02591523448199573,0.02474131253271805,0.015913379682111862,0.24112490350260363,0.057243725072532385,0.6581203261656421,0.0006581203261656421,0.00048680282463984826,0.1947211298559393,1.3894422597118787,1.0,0.7788845896720886,0.7788845194237575,7.024833115210072e-08,False,0.8354423642158508,0.7256560174543015,3.035282850265503,40,0.026083861876811304,0.5614362409604448,-0.092768790732537,0.020057733569826403,0.04022012784012727,-0.10195233912340232,0.5469231656087297,1.1075456274694473,1.1179570958597118,1.1183717604729042,1.0432562331030337,1.0900632675846669,0.9914163090128755,0.9314359637774902
pretrained,23,19,141014.35268674933,0.07210619521040873,0.07012280502674773,0.04619457413735671,0.29085232747803347,0.0706569967614626,1.3579927890428474,0.0013579927890428475,0.0004937147083027023,0.1974858833210809,1.3949717666421617,0.9999999999999998,0.7899436950683594,0.7899435332843234,1.6178403594580004e-07,False,1.032099962234497,0.8964706367419935,4.178308963775635,41,-0.09738970015730178,0.14622971947704042,0.24408089156661714,0.13973540599857057,-0.10009618316377913,0.08572879220758164,0.581711074071271,1.03712146290818,1.0565291374240031,1.0326546656799105,1.0463576158940397,0.9351314441789006,1.1279024006296734,1.0611111111111111
pretrained,23,20,140628.31307852603,-0.0013574563712376309,-0.0027375908967285367,-0.004817090047932798,0.2889056420369589,0.057408092137164565,0.8871643734829766,0.0008871643734829766,0.0004958020283707551,0.19832081134830204,1.3966416226966039,0.9999999999999999,0.7932832837104797,0.7932832453932077,3.831727202197044e-08,False,1.0282793045043945,0.8931520556031444,4.450216293334961,42,-0.11531291795628412,0.32543990122420446,-0.08300789339201792,0.21916149663073675,0.08484973119837896,0.0662818859730448,0.502587796321937,0.9888633335144615,1.0141533291379978,0.9796166893478648,1.0192625206384152,0.910551296093465,1.0568736915561758,0.9814136125654451
pretrained,23,21,139542.12130486206,-0.006588145084185704,-0.007723848419183166,-0.00824963632437135,0.2833705044405419,0.054289974559087115,0.6418632827699183,0.0006418632827699184,0.0005020258429327182,0.20081033717308727,1.4016206743461743,0.9999999999999999,0.8032413721084595,0.8032413486923486,2.3416110828122783e-08,False,0.9406458139419556,0.8170345728407685,3.6463398933410645,43,0.02710665496332304,0.5039519696895565,-0.0937921599085842,0.08858700389308588,0.08190270060939447,-0.10701817726450308,0.4992620080177273,1.026091448048592,1.0093070419373205,1.0316766856435173,1.0105291576673865,1.057337610264635,0.9290194783757015,0.9554547879434515
pretrained,23,22,137735.67479643182,-0.011935843558071757,-0.012945528500915127,-0.01229383130924389,0.2739716841856966,0.0579002210879721,0.5214883259364537,0.0005214883259364537,0.0005009161175361702,0.20036644701446807,1.400732894028936,1.0,0.8014656901359558,0.8014657880578722,9.792191635327185e-08,False,0.9249985218048096,0.8034435075769872,3.4783897399902344,44,0.053920897522142935,0.4437790129865919,0.05941201267497878,0.06326676798718314,-0.08945179092032571,-0.11091465609414236,0.5799877558435713,1.0424386351216453,1.004133253410209,1.0662471630729378,0.9422922789206518,1.0401971937808114,0.9470504619758351,0.9678950307091011
pretrained,23,23,141710.07517447614,0.029705736453800036,0.02885527212843253,0.01799700432534415,0.2943338723313914,0.04730367640701282,0.3501381501555443,0.0003501381501555443,0.00047613259937082016,0.19045303974832808,1.3809060794966561,1.0,0.7618120312690735,0.7618121589933122,1.2772423874096717e-07,False,0.906428873538971,0.7873141160315112,3.3712916374206543,45,-0.08023297520620484,0.46422301498906954,0.04465436828987937,0.048755603709391165,0.06447869060294967,-0.11022006454212324,0.5683413621570383,1.0524253138754247,1.054036194252693,1.0270848634564504,0.9872412815423873,1.0051039008384979,1.121575984990619,1.0374963945774445
pretrained,23,24,143687.62114797372,0.014986226359687604,0.013954872094047,0.006798820006742137,0.3040458238429804,0.058262630096937065,0.5202780844909805,0.0005202780844909805,0.0004963648878037929,0.19854595512151718,1.3970919102430344,1.0,0.7941838502883911,0.7941838204860687,2.9802322387695312e-08,False,0.9704239964485168,0.8428995735281836,3.8662564754486084,46,0.0364835262298584,0.5083579495549202,-0.09708060324192047,0.134774811565876,0.06899237632751465,-0.10146535187959671,0.44993729144334793,1.0054865027130322,0.9846774920370601,1.0193239990459473,1.0485353245261344,1.019949220166848,1.0441619270659084,1.0467055879899918
pretrained,24,1,100993.26407281982,0.011581974219015745,0.009932640728198106,0.006704742336909798,0.009834953666846835,0.06260422659874074,1.1237445963280541,0.001123744596328054,0.0005080356981073106,0.20321427924292426,1.4064285584858485,1.0,0.8128570318222046,0.8128571169716969,8.514949234594837e-08,False,1.07368803024292,0.9325935736401438,4.959092617034912,24,-0.10784281364509035,-0.09537146559783391,0.12561370113066264,0.3063182202833039,0.22603255191019603,0.08715685137680598,0.4580929545419557,1.0131281613727836,1.0211309798074761,1.0099364281396368,1.0027100271002711,1.007896625987078,1.037748798901853,1.0171576561994171
pretrained,24,2,105156.16294897019,0.042277678579925926,0.04121956958583661,0.036596358288943594,0.04903338809987157,0.05204152288162275,0.5110074771302087,0.0005110074771302087,0.0005046973297638554,0.20187893190554215,1.4037578638110841,0.9999999999999998,0.807515561580658,0.8075157276221683,1.660415103188484e-07,False,1.0419189929962158,0.904999338496899,4.554670333862305,25,-0.11963912312473574,0.10284033204827989,0.08809242184673036,0.29684875692640034,0.19871252562318528,-0.08223980878080642,0.5153848954609461,0.9819083802034764,0.9740025585719445,0.9828400247399243,0.9851351351351353,0.9754273504273504,1.0244708994708993,1.1078930617441118
pretrained,24,3,104493.6859669704,-0.0043781209253640485,-0.0062999349103416424,-0.009048345137691467,0.04300437797161072,0.06038670018861238,1.4286419749259947,0.0014286419749259948,0.000503488305423941,0.2013953221695764,1.4027906443391527,0.9999999999999999,0.805581271648407,0.8055812886783054,1.7029898380371833e-08,False,0.9806044101715088,0.8517421685349585,4.1276702880859375,26,0.01495442326579774,0.5029721238783427,-0.10063519541706359,0.07019149299178803,0.37830817486558643,-0.10076012675251281,0.23496910716806138,1.0171811676906573,1.0045787328777878,1.0194502657857352,1.0099451303155005,1.0087623220153341,1.013557133634603,0.9675380637747775
pretrained,24,4,105392.42339532099,0.010106668291623988,0.008600877842845689,0.005471677520515647,0.05116519026319688,0.05378269542141027,0.9902296768767493,0.0009902296768767493,0.0005016067517655237,0.2006427007062095,1.401285401412419,0.9999999999999999,0.8025708794593811,0.802570802824838,7.663454315576246e-08,False,0.854948878288269,0.7425991602999403,3.1247353553771973,27,-0.0990624965301582,0.527218407286065,0.033482516450541344,0.035234486950295296,0.03298733968819889,-0.10158020417605129,0.5717199503311089,1.0204317810759416,1.036630597940096,1.0048074160114426,1.0196943972835313,1.0007238508867176,1.024203821656051,0.9902019002375297
pretrained,24,5,105899.58509035631,0.0056250144109872835,0.0048121267041463245,0.0018380969040624555,0.05570923706001896,0.05411899785519242,0.3016352935561112,0.0003016352935561112,0.0005070323683321476,0.20281294733285904,1.405625894665718,1.0,0.8112518191337585,0.8112517893314362,2.9802322387695312e-08,False,0.8265712261199951,0.7179506448078379,3.016113519668579,28,-0.10252050682902336,0.5518556274473667,0.02807135134935379,0.02656579576432705,-0.10029244050383568,0.023687975481152534,0.572632197290659,1.034047030048888,1.0449943420211207,1.037165241936394,0.9783549783549785,0.9924050632911392,0.9950248756218906,0.9706146926536732
pretrained,24,6,109244.52001120606,0.03239048478756135,0.031585911483937856,0.026153213648187137,0.08462227679940171,0.0551965218239123,0.27326740164841923,0.0002732674016484192,0.000506366847881249,0.2025467391524996,1.4050934783049993,1.0,0.8101869821548462,0.8101869566099986,2.554484757055775e-08,False,0.837963879108429,0.7278461774620687,3.05944561958313,29,-0.10087242775729724,0.540584213499512,0.03180492616125516,0.026878525902118006,0.028822792161788263,-0.10167431139520236,0.5744562814278262,1.028589803182445,1.0354429604664128,1.0173620255284004,1.0408441116405716,1.0557580174927113,1.08125,1.0367624343527957
pretrained,24,7,113687.23183141703,0.04161015956841996,0.0406675943082111,0.0330081880167548,0.12039374704552008,0.05526564458727147,0.39834285899996763,0.00039834285899996766,0.0005069785591747079,0.20279142366988318,1.4055828473397665,1.0,0.8111655712127686,0.8111656946795329,1.234667643679188e-07,False,0.9060916304588318,0.7870211904139822,3.399212121963501,30,-0.10232850589922496,0.4813335346324103,0.04422391152807645,0.03143443113991193,-0.10046291777065822,0.08052222750016622,0.5652773188693183,1.0293303784225487,1.0479104071466634,1.0217829114307377,0.9565075212557227,0.9206075250258889,1.0710982658959536,1.0146007151370682
pretrained,24,8,111064.85261133572,-0.02209065499050389,-0.023066611596014086,-0.023700716136000995,0.09962515009186979,0.05864238364701394,0.49235252716711597,0.000492352527167116,0.0005061489583126137,0.2024595833250455,1.404919166650091,1.0,0.8098383545875549,0.8098383333001822,2.1287372753420186e-08,False,0.8656259775161743,0.7518731708547658,3.216432809829712,31,-0.10183171661836762,0.5518232014562403,0.016048244067600775,0.02884096173303466,0.07472688970821242,-0.10062786670667787,0.5310202863599573,0.8883429458072976,0.9111819056684046,0.8713745250537601,0.9620512820512821,0.9591301087364079,1.0766324878575284,1.0555066079295152
pretrained,24,9,104590.21602659524,-0.05734274003653972,-0.05829599943195396,-0.05908874137737354,0.043887623536679965,0.06702429644367443,0.5302456074527332,0.0005302456074527332,0.00048151312129838126,0.1926052485193525,1.385210497038705,0.9999999999999999,0.7704210877418518,0.7704209940774098,9.36644419802235e-08,False,0.9552316069602966,0.8297036316848655,3.6994919776916504,32,0.05832404323986598,0.5737254773931844,-0.09622105157801084,0.028643489416156492,0.15354798787406512,-0.09638419694134168,0.3783642505960805,0.8748807130139254,0.8987705690454519,0.8625624855383022,0.9506041222459132,0.9378420641125881,0.8997493734335839,0.9897050639955481
pretrained,24,10,112170.56501774222,0.07351171100629639,0.07247665488346877,0.06235939608824471,0.10850052342891547,0.045070076079816015,0.46254762155669077,0.0004625476215566908,0.0005020952623869692,0.20083810495478766,1.4016762099095754,1.0,0.8033523559570312,0.8033524198191508,6.386211959252819e-08,False,0.978980541229248,0.8503316938930428,3.8841938972473145,33,0.0791254783315318,0.3506845230502742,-0.09891717934182712,0.03439028880425862,0.16349582320877484,-0.10192092561296054,0.5731419915599483,1.1268440206437376,1.154471978877262,1.1108063488991609,1.0661682242990655,1.0220925385577322,1.1103064066852368,1.0447005903851563
pretrained,24,11,113839.12684354596,0.016264426309410496,0.014875219943305318,0.009910536933163482,0.1215674015364302,0.06312682348702485,0.863845941211496,0.000863845941211496,0.0005040625482797622,0.2016250193119049,1.4032500386238098,1.0,0.8065000772476196,0.8065000772476196,0.0,False,1.0365989208221436,0.9003783825198457,4.298852443695068,34,-0.12087677419185638,0.17192339897155762,-0.08074824512004852,0.15650343894958496,0.11033622920513153,0.18178217113018036,0.5810797810554504,1.0452818452385757,1.0675310126503827,1.0426107204951207,0.982468443197756,0.9755301794453507,1.0065228299046662,1.0306781485468246
pretrained,24,12,116130.36944749563,0.02130311591813161,0.02012702194297944,0.015046181010278603,0.1388988041994339,0.045704433054502,0.6574378875749451,0.0006574378875749452,0.0004947877834950175,0.197915113398007,1.3958302267960139,0.9999999999999999,0.791660487651825,0.7916604535920277,3.4059797204832876e-08,False,0.9790798425674438,0.8504179459394908,3.875063180923462,35,-0.10549116826483182,0.36859626376203125,0.033023600067411146,0.11786922120622226,0.11322485708764621,-0.09242394513317517,0.565201171274696,1.0183883698313119,1.0599512631895773,1.0169313969075835,1.0549607423269096,1.023829431438127,1.175972083748754,1.0135770234986945
pretrained,24,13,126016.54091015717,0.0863786340048096,0.0851299406838728,0.06431799521728096,0.20645338082010622,0.06473162806782734,0.6460554940359933,0.0006460554940359933,0.0005040145292878151,0.20160581171512604,1.403211623430252,1.0,0.8064230680465698,0.8064232468605042,1.7881393432617188e-07,False,1.0373286008834839,0.9010121745682356,4.333187580108643,36,-0.10735270380973816,0.26225288212299347,0.07979243993759155,0.18350549042224884,-0.09425310790538788,0.1181986927986145,0.5578563064336777,1.0551013292304916,1.0682486990147664,1.0238423367924046,1.11468200270636,1.0955492037566352,1.1479440440864774,1.0770221535291085
pretrained,24,14,124923.46244807263,-0.007584070629700679,-0.008674087180855383,-0.010740598075851676,0.19950985955446654,0.07594153620423984,0.6178109283958162,0.0006178109283958162,0.0004811391846409867,0.19245567385639467,1.3849113477127892,0.9999999999999999,0.7698227763175964,0.7698226954255785,8.089201797290002e-08,False,1.034666657447815,0.8987000398777364,4.447120666503906,37,-0.09815360712153573,0.04095013333218436,0.18078289819615226,0.1476947356547628,-0.09430206673485894,0.3169146020497594,0.5061133046235358,1.0700646851823017,1.0958744957492952,1.07574187376562,1.0303490136570561,1.039508013417816,0.9737813884785819,0.9787132265008371
pretrained,24,15,120742.60076419322,-0.03224875613003442,-0.033467385565119856,-0.03057111208171133,0.1717918997347334,0.05706304523956402,0.7680473455360955,0.0007680473455360956,0.0004919844652925218,0.19679378611700873,1.3935875722340174,0.9999999999999999,0.787175178527832,0.7871751444680348,3.4059797204832876e-08,False,0.9984226822853088,0.8672189230471065,4.108527660369873,38,-0.10968394896813799,-0.08710983714887074,0.26574084588459557,0.2649849099772317,0.04104314425161906,0.072481241609369,0.5525436443941933,0.9607720184563087,0.9483673729353325,0.9771948490503586,0.9664212076583212,0.9602007888131946,0.943875616230565,0.9630987292277614
pretrained,24,16,118206.89132191999,-0.019309671741375434,-0.021000951000098134,-0.019935656909534534,0.15402563351688237,0.043387813833669756,1.2293282874992915,0.0012293282874992915,0.0004967408520834787,0.1986963408333915,1.397392681666783,0.9999999999999999,0.7947852611541748,0.794785363333566,1.0217939117040942e-07,False,0.9829709529876709,0.8537977215074526,3.986560344696045,39,-0.09289481277976719,0.3381722739764622,0.03991450954760822,0.05442987222756657,0.21343280587877544,-0.1058015280536243,0.5527468792029789,0.972334225393994,0.9770852563241543,0.9539229191567941,1.0146296860713198,1.00336071695295,1.0297308155885898,0.9807155544278103
pretrained,24,17,121126.22387011744,0.02590504399016358,0.024696805030148816,0.017519152353685116,0.17441494661610935,0.05740321491083729,0.6897266821137497,0.0006897266821137497,0.0004886972039405789,0.19547888157623156,1.390957763152463,0.9999999999999999,0.7819154858589172,0.781915526304926,4.0446008764405406e-08,False,0.8370853662490845,0.7270831108878799,3.044135570526123,40,0.02627988399139472,0.5607019649552447,-0.09283630682953767,0.02091106453112193,0.04054067895880767,-0.10264257474669389,0.5470452891396624,1.1075456274694473,1.1179570958597118,1.1183717604729042,1.0432562331030337,1.0900632675846669,0.9914163090128755,0.9314359637774902
pretrained,24,18,129556.8947721851,0.07159910289729754,0.06960235886745547,0.05024333761154491,0.22813833894489688,0.0696010943448525,1.3713411130011082,0.0013713411130011081,0.000493728236428329,0.19749129457133158,1.394982589142663,1.0,0.7899653315544128,0.7899651782853261,1.5326908675561413e-07,False,1.0307542085647583,0.8953017299564563,4.172767639160156,41,-0.09736030868121556,0.13934326597622462,0.24589331873825618,0.15028016694954463,-0.10013098589011601,0.08071050473621913,0.581264038171087,1.03712146290818,1.0565291374240031,1.0326546656799105,1.0463576158940397,0.9351314441789006,1.1279024006296734,1.0611111111111111
pretrained,24,19,129188.40179743331,-0.001459302400409035,-0.0028442559957905234,-0.005034692734564819,0.22593670477633565,0.056661171320071806,0.8924194169895989,0.000892419416989599,0.0004955209419131278,0.19820837676525116,1.3964167535305023,1.0,0.7928335070610046,0.7928335070610046,0.0,False,1.0279300212860107,0.8928486720544134,4.463326454162598,42,-0.11543526500463486,0.3187814950942993,-0.0827731117606163,0.2315095216035843,0.08541113883256912,0.06217249482870102,0.5003337264060974,0.9888633335144615,1.0141533291379978,0.9796166893478648,1.0192625206384152,0.910551296093465,1.0568736915561758,0.9814136125654451
pretrained,24,20,128201.9205025182,-0.0064901499626907055,-0.007635989618185013,-0.008837054622254287,0.21998048384902502,0.05761667389887316,0.6510354865874564,0.0006510354865874564,0.0005029550114912647,0.2011820045965059,1.4023640091930116,0.9999999999999998,0.8047280311584473,0.8047280183860233,1.277242400732348e-08,False,0.9429532885551453,0.8190388198240488,3.667300224304199,43,0.0266727858356067,0.5021911875477858,-0.09385739852275168,0.09283310334597314,0.08177004914198602,-0.10732460607375421,0.497714878725154,1.026091448048592,1.0093070419373205,1.0316766856435173,1.0105291576673865,1.057337610264635,0.9290194783757015,0.9554547879434515
pretrained,24,21,126513.17487545512,-0.012167061571603743,-0.013172545469238184,-0.01307262439082748,0.20956848882779056,0.05321258739186027,0.5185404930795942,0.0005185404930795941,0.0004998462514153549,0.19993850056614196,1.3998770011322839,1.0,0.7997539639472961,0.7997540022645677,3.831727157788123e-08,False,0.9234815835952759,0.8021259117894098,3.4691195487976074,44,0.05278198314564567,0.44561257851975306,0.05749902022736411,0.06452540946858268,-0.08927435534340997,-0.11066414522273199,0.5795195092047964,1.0424386351216453,1.004133253410209,1.0662471630729378,0.9422922789206518,1.0401971937808114,0.9470504619758351,0.9678950307091011
pretrained,24,22,130178.695025811,0.029819745126180575,0.028973426316779793,0.019836080073275822,0.2318251463484664,0.048411548948000566,0.34723156264850064,0.00034723156264850064,0.0004749188785042082,0.18996755140168328,1.3799351028033666,1.0,0.759870171546936,0.7598702056067332,3.4059797204832876e-08,False,0.9042086005210876,0.7853856113915404,3.3574819564819336,45,-0.0801009354846818,0.4669659989220755,0.04321633971163205,0.04979314601847104,0.06219047627278737,-0.10986661591700148,0.5678015904767173,1.0524253138754247,1.054036194252693,1.0270848634564504,0.9872412815423873,1.0051039008384979,1.121575984990619,1.0374963945774445
pretrained,24,23,131995.77863460188,0.014989966873733884,0.013958379352555284,0.007780218803624716,0.24240001434571923,0.055892983872562155,0.5199889466166497,0.0005199889466166497,0.0004968803216304098,0.1987521286521639,1.397504257304328,1.0,0.7950085401535034,0.7950085146086558,2.554484757055775e-08,False,0.9698770046234131,0.842424462465606,3.865894317626953,46,0.03572291455098561,0.5095205338937896,-0.09743986704519816,0.13719742319413594,0.06784793308803014,-0.10131226160696574,0.44846332392522265,1.0054865027130322,0.9846774920370601,1.0193239990459473,1.0485353245261344,1.019949220166848,1.0441619270659084,1.0467055879899918
pretrained,24,24,131026.98029112503,-0.006694165383328343,-0.007339616111199598,-0.008430327081829326,0.23679840764235793,0.056574407569360614,0.15217114559241712,0.00015217114559241713,0.000497840666877372,0.1991362667509488,1.3982725335018975,1.0,0.7965450882911682,0.796545067003795,2.1287373197509396e-08,False,0.9283130168914795,0.8063224414298595,3.533313035964966,47,0.04289007080452781,0.5394042198147093,-0.10558936106307168,0.09213936222451072,0.04496991527932029,-0.09354690568787713,0.47973269862788065,1.0222140006378042,1.054929753081416,0.9992198688185272,0.9627499315256095,1.0142247510668565,1.0807433514899072,0.9436918990703851
pretrained,25,1,103815.59355248738,0.03992478015598211,0.03815593552487373,0.03359700861932983,0.03675356872624602,0.06313120213832388,1.1969892904162407,0.0011969892904162406,0.0005053941107222012,0.2021576442888805,1.404315288577761,1.0,0.808630645275116,0.808630577155522,6.811959396557654e-08,False,1.0335499048233032,0.8977300408727835,4.5524516105651855,25,-0.12087354330079897,0.060340360871383114,0.11475120963794844,0.3372046175811972,0.19743874402982847,-0.08128410098808153,0.49242271216852324,0.9819083802034764,0.9740025585719445,0.9828400247399243,0.9851351351351353,0.9754273504273504,1.0244708994708993,1.1078930617441118
pretrained,25,2,103331.24344397114,-0.002636475856202747,-0.004665485135153191,-0.007953995881234712,0.03223849179534377,0.06877837900664924,1.5324949047395162,0.0015324949047395163,0.0005039500964007208,0.20158003856028833,1.4031600771205766,0.9999999999999999,0.8063201308250427,0.8063201542411531,2.3416110384033573e-08,False,0.9943211078643799,0.8636563407708565,4.224782943725586,26,0.015708195843866873,0.4809163779552494,-0.10043004447860379,0.1023822844560657,0.40652844017105444,-0.10114999408168454,0.19604474013405185,1.0171811676906573,1.0045787328777878,1.0194502657857352,1.0099451303155005,1.0087623220153341,1.013557133634603,0.9675380637747775
pretrained,25,3,104166.92211398654,0.009686317447006099,0.008087376500685695,0.005052368091521647,0.04000235419672682,0.054229886197228024,1.0841624241854464,0.0010841624241854464,0.0005006944760680198,0.20027779042720795,1.400555580854416,1.0,0.801111102104187,0.8011111617088318,5.960464477539063e-08,False,0.8745077252388,0.759587758905952,3.211771011352539,27,-0.09890158846974373,0.51003622636199,0.03781992569565773,0.04371030628681183,0.03795519843697548,-0.10137620195746422,0.5707561336457729,1.0204317810759416,1.036630597940096,1.0048074160114426,1.0196943972835313,1.0007238508867176,1.024203821656051,0.9902019002375297
pretrained,25,4,104630.75906813939,0.005041674107993055,0.0044528238402330445,0.0015072477367964123,0.04425810449414469,0.054970051212429163,0.07921693261180607,7.921693261180607e-05,0.0005068511409418924,0.20274045637675697,1.405480912753514,0.9999999999999999,0.8109617829322815,0.8109618255070279,4.257474639501879e-08,False,0.8338267207145691,0.7242526873396425,3.0445523262023926,28,-0.10324512954269138,0.546297723693507,0.030214159084217873,0.029626855892794457,0.024379490209477273,-0.09949532683406559,0.5722222274967602,1.034047030048888,1.0449943420211207,1.037165241936394,0.9783549783549785,0.9924050632911392,0.9950248756218906,0.9706146926536732
pretrained,25,5,107964.0111529769,0.03241043914492314,0.03185728665761456,0.026827797393473643,0.07376542486637061,0.05359045957504553,0.029850730938570852,2.9850730938570853e-05,0.0005060802373502935,0.20243209494011744,1.4048641898802348,0.9999999999999999,0.8097283840179443,0.8097283797604695,4.257474817137563e-09,False,0.8461856842041016,0.734987546630738,3.0925533771514893,29,-0.10090410283633641,0.5338184876101357,0.03418121912649699,0.029213391776595793,0.03097222798636981,-0.10152799210378102,0.574246768440519,1.028589803182445,1.0354429604664128,1.0173620255284004,1.0408441116405716,1.0557580174927113,1.08125,1.0367624343527957
pretrained,25,6,112283.5978820268,0.04098404912277198,0.04000950578734397,0.032746207837287336,0.10939797186524813,0.0577267832318037,0.4289903757827622,0.00042899037578276225,0.0005076231993734837,0.20304927974939346,1.406098559498787,1.0,0.8121970891952515,0.8121971189975739,2.9802322387695312e-08,False,0.9245041608810425,0.803014111134466,3.5007174015045166,30,-0.10293562710285187,0.4611542522907257,0.0525166280567646,0.037049245089292526,-0.1001136526465416,0.08679593354463577,0.5655332207679749,1.0293303784225487,1.0479104071466634,1.0217829114307377,0.9565075212557227,0.9206075250258889,1.0710982658959536,1.0146007151370682
pretrained,25,7,109637.4774448831,-0.022541383656024094,-0.023566402280089993,-0.02476348608757078,0.0879031301110339,0.06537288666713098,0.5430437863937446,0.0005430437863937446,0.0005061632381486041,0.20246529525944168,1.4049305905188834,0.9999999999999999,0.8098611235618591,0.8098611810377667,5.747590758886645e-08,False,0.8757782578468323,0.7606913295074451,3.27459979057312,31,-0.10185977417443481,0.547358449814575,0.015824126345770684,0.03136053707982811,0.08412819009806427,-0.10060552108500687,0.5237939919212035,0.8883429458072976,0.9111819056684046,0.8713745250537601,0.9620512820512821,0.9591301087364079,1.0766324878575284,1.0555066079295152
pretrained,25,8,103123.14697934632,-0.058440528437421646,-0.05941700427038432,-0.06118955751086754,0.030285605810418392,0.07144066420504061,0.5567379636423929,0.000556737963642393,0.0004808837228587696,0.19235348914350786,1.3847069782870156,0.9999999999999999,0.769413948059082,0.7694139565740312,8.514949190185916e-09,False,0.9634058475494385,0.8368036868480933,3.762322187423706,32,0.059774602630308676,0.5733983468796526,-0.09592497827751298,0.029681078025272895,0.1706458878304277,-0.09642851086599488,0.3588535737778459,0.8748807130139254,0.8987705690454519,0.8625624855383022,0.9506041222459132,0.9378420641125881,0.8997493734335839,0.9897050639955481
pretrained,25,9,110478.66743464649,0.07237957725377431,0.07132754062260482,0.06229725297624843,0.09484788039143521,0.04530043209536785,0.4789770245552065,0.0004789770245552065,0.0005025345885327885,0.2010138354131154,1.4020276708262307,0.9999999999999999,0.8040553331375122,0.8040553416524614,8.514949190185916e-09,False,0.9820020198822021,0.8529561169053756,3.914557456970215,33,0.07894148198621612,0.3425701808716569,-0.09894546600324769,0.034431456455162573,0.17303391812103133,-0.10206836940986772,0.5720367979790484,1.1268440206437376,1.154471978877262,1.1108063488991609,1.0661682242990655,1.0220925385577322,1.1103064066852368,1.0447005903851563
pretrained,25,10,112005.61241054634,0.01523082473614723,0.013821174814613979,0.009459939225771907,0.10718759669418054,0.057595541539468435,0.8841476259487016,0.0008841476259487016,0.0005053191286112581,0.20212765144450326,1.4042553028890066,1.0,0.8085105419158936,0.8085106057780131,6.386211959252819e-08,False,1.036963939666748,0.9006954338598505,4.312542915344238,34,-0.12200952747038435,0.16086773148604802,-0.08011812397411891,0.1654928582055228,0.11361356398888997,0.18190758994647435,0.5802459078175681,1.0452818452385757,1.0675310126503827,1.0426107204951207,0.982468443197756,0.9755301794453507,1.0065228299046662,1.0306781485468246
pretrained,25,11,114237.24342009902,0.021100423359455833,0.01992427844930522,0.014983238103899118,0.12462873747524361,0.04915805354327902,0.6572717374988966,0.0006572717374988965,0.0004952327268464225,0.198093090738569,1.396186181477138,0.9999999999999999,0.7923724055290222,0.7923723629542758,4.257474639501879e-08,False,0.9865537881851196,0.856909732619094,3.938173532485962,35,-0.10577706087912833,0.35427988480244366,0.03342426355395997,0.12714523981724465,0.11906242530260766,-0.09231602985944068,0.5641812772623129,1.0183883698313119,1.0599512631895773,1.0169313969075835,1.0549607423269096,1.023829431438127,1.175972083748754,1.0135770234986945
pretrained,25,12,124010.00900836042,0.08680895103425867,0.0855479815135487,0.06602737495551636,0.19361347685041874,0.059147288393175394,0.6570151022502353,0.0006570151022502353,0.0005039079886462008,0.2015631954584803,1.4031263909169607,1.0,0.8062527775764465,0.8062527818339214,4.257474817137563e-09,False,1.04088294506073,0.9040994386941614,4.368164539337158,36,-0.10797971912792753,0.24814718535968236,0.08342341652938298,0.19407487979957036,-0.09358347633055278,0.11926272830792836,0.5566549854619163,1.0551013292304916,1.0682486990147664,1.0238423367924046,1.11468200270636,1.0955492037566352,1.1479440440864774,1.0770221535291085
pretrained,25,13,122973.18185503835,-0.007274841113837804,-0.008360834432744602,-0.010325115210417948,0.18681456809110863,0.07052412902215682,0.6132766338331359,0.0006132766338331359,0.0004812738113105297,0.19250952452421188,1.3850190490484238,1.0,0.7700381278991699,0.7700380980968475,2.9802322387695312e-08,False,1.0354673862457275,0.8993955440746053,4.472445964813232,37,-0.09861236438155174,0.0387381836771965,0.184796292334795,0.15132812038064003,-0.09389716014266014,0.3151608146727085,0.5024861134588718,1.0700646851823017,1.0958744957492952,1.07574187376562,1.0303490136570561,1.039508013417816,0.9737813884785819,0.9787132265008371
pretrained,25,14,118863.99692760444,-0.032203494033487545,-0.0334152932000884,-0.030890552856466625,0.15870236080899924,0.055566911487144655,0.7607461022479195,0.0007607461022479195,0.000492160322942904,0.19686412917716165,1.3937282583543233,1.0,0.7874565124511719,0.7874565167086467,4.257474817137563e-09,False,0.9989091753959656,0.8676414855939908,4.115904331207275,38,-0.10887568124703001,-0.08798844793013164,0.26660656503268654,0.26726600102015907,0.0407348605138915,0.07177771202155522,0.5504789905888694,0.9607720184563087,0.9483673729353325,0.9771948490503586,0.9664212076583212,0.9602007888131946,0.943875616230565,0.9630987292277614
pretrained,25,15,116400.4544619872,-0.01903650276856761,-0.020725724603705586,-0.01995008349368938,0.14089682499773315,0.04289095364846573,1.2265070910964693,0.0012265070910964693,0.0004969800050769533,0.19879200203078135,1.3975840040615626,0.9999999999999999,0.7951680421829224,0.7951680081231252,3.4059797204832876e-08,False,0.9875601530075073,0.8577838499973831,4.022477149963379,39,-0.09291890582868031,0.32756928035191124,0.041019209261451445,0.05725061946681567,0.2210246069090707,-0.10587309620210103,0.5519282860415322,0.972334225393994,0.9770852563241543,0.9539229191567941,1.0146296860713198,1.00336071695295,1.0297308155885898,0.9807155544278103
pretrained,25,16,119289.25831724182,0.02604723878923365,0.024817805640080293,0.01816722647569579,0.1617015529256065,0.05275002904355137,0.7097252351897103,0.0007097252351897103,0.0004892159625887871,0.19568638503551483,1.3913727700710297,1.0,0.7827455401420593,0.7827455401420593,0.0,False,0.8386635780334473,0.7284539282263268,3.051741123199463,40,0.02625226229429245,0.5603286027908325,-0.09274541586637497,0.021231550723314285,0.04168656840920448,-0.10294096916913986,0.5461874008178711,1.1075456274694473,1.1179570958597118,1.1183717604729042,1.0432562331030337,1.0900632675846669,0.9914163090128755,0.9314359637774902
pretrained,25,17,127564.67603650429,0.07138619658576384,0.06937269822949643,0.05061026719377824,0.21608392615379113,0.07544212068812771,1.3870330335838454,0.0013870330335838455,0.0004940746006156716,0.19762984024626867,1.3952596804925375,1.0,0.7905193567276001,0.7905193609850749,4.257474817137563e-09,False,1.0295400619506836,0.894247135607028,4.165750026702881,41,-0.0976638165967805,0.13238075694867543,0.25079700670072014,0.15354854187795094,-0.09996602364948817,0.08005853316613606,0.5808450015527862,1.03712146290818,1.0565291374240031,1.0326546656799105,1.0463576158940397,0.9351314441789006,1.1279024006296734,1.0611111111111111
pretrained,25,18,127182.25418569558,-0.0016039277395368812,-0.0029978663583896115,-0.005104548918955868,0.21372678413143598,0.054948137932014335,0.9016619282109397,0.0009016619282109397,0.000495491623878479,0.1981966495513916,1.3963932991027832,1.0,0.7927865982055664,0.7927865982055664,0.0,False,1.0300109386444092,0.8946561339065117,4.493229866027832,42,-0.11613686382770538,0.310463547706604,-0.08205978572368622,0.23859040439128876,0.08774028718471527,0.0625866949558258,0.49881571531295776,0.9888633335144615,1.0141533291379978,0.9796166893478648,1.0192625206384152,0.910551296093465,1.0568736915561758,0.9814136125654451
pretrained,25,19,126236.95468754781,-0.0062743911336883285,-0.007432636763675893,-0.00875446814721505,0.20783893870449854,0.05733245440555236,0.6628814531224114,0.0006628814531224115,0.0005033571406134538,0.2013428562453815,1.402685712490763,1.0,0.8053713440895081,0.805371424981526,8.089201797290002e-08,False,0.9462504982948303,0.8219027398152945,3.695056676864624,43,0.026528448930808468,0.49923896150929586,-0.09365285826580866,0.09611804889781134,0.08352473484618322,-0.10768999797957285,0.49593266206128256,1.026091448048592,1.0093070419373205,1.0316766856435173,1.0105291576673865,1.057337610264635,0.9290194783757015,0.9554547879434515
pretrained,25,20,124574.0527920703,-0.012159313977858077,-0.013172861303517691,-0.012946815970560237,0.19726461683868846,0.047449882095002956,0.5263120872633797,0.0005263120872633797,0.0005002376969371523,0.2000950787748609,1.4001901575497218,1.0,0.8003804087638855,0.8003803150994435,9.36644419802235e-08,False,0.9266806244850159,0.8049045634010037,3.488459587097168,44,0.05325317808559962,0.44158158504537176,0.05905522459319659,0.0665491973715169,-0.08912197447248868,-0.11097310430237223,0.579655893679176,1.0424386351216453,1.004133253410209,1.0662471630729378,0.9422922789206518,1.0401971937808114,0.9470504619758351,0.9678950307091011
pretrained,25,21,128160.75124294494,0.02964249267056074,0.028791697552469353,0.020144338361524565,0.21972991707549117,0.04641923750556287,0.3514541355626923,0.00035145413556269227,0.000475188922137022,0.1900755688548088,1.3801511377096176,1.0,0.7603022456169128,0.7603022754192352,2.9802322387695312e-08,False,0.9073405265808105,0.7881059678024737,3.374749183654785,45,-0.08013318479061127,0.4636947810649872,0.044067561626434326,0.051111847162246704,0.06346117705106735,-0.10994238406419754,0.5677402019500732,1.0524253138754247,1.054036194252693,1.0270848634564504,0.9872412815423873,1.0051039008384979,1.121575984990619,1.0374963945774445
pretrained,25,22,129964.41787150326,0.015112186386266213,0.014073471098333679,0.007707947656831306,0.23055862798638693,0.06241526508128922,0.5265646662030901,0.0005265646662030901,0.0004972109305007117,0.1988843722002847,1.3977687444005693,0.9999999999999998,0.7955374717712402,0.7955374888011386,1.7029898380371833e-08,False,0.9726732969284058,0.8448532911012997,3.89357852935791,46,0.03556149240050996,0.5072393433323927,-0.09723476160849845,0.1413968668452331,0.06892647753868783,-0.10164961059178626,0.4457601920834609,1.0054865027130322,0.9846774920370601,1.0193239990459473,1.0485353245261344,1.019949220166848,1.0441619270659084,1.0467055879899918
pretrained,25,23,129000.5446143012,-0.006766344689453918,-0.007416439614687853,-0.008730168337806756,0.22480947426237574,0.059620292275911306,0.15668099480015912,0.00015668099480015913,0.0004980569572321007,0.1992227828928403,1.3984455657856805,1.0,0.7968909740447998,0.7968911315713609,1.5752656112866248e-07,False,0.9304832220077515,0.8082074576430498,3.549140453338623,47,0.04270059508936744,0.5383135479475771,-0.10549924256546159,0.09482240197913985,0.045424925961664725,-0.0937235403273787,0.4779613119150911,1.0222140006378042,1.054929753081416,0.9992198688185272,0.9627499315256095,1.0142247510668565,1.0807433514899072,0.9436918990703851
pretrained,25,24,131727.97230310866,0.02177861877381826,0.02114276103998014,0.012780174980476611,0.24085979422883674,0.0654028997196878,0.13859416438000516,0.00013859416438000515,0.0004839043425662177,0.1935617370264871,1.3871234740529739,0.9999999999999998,0.7742469310760498,0.7742469481059477,1.7029897936282623e-08,False,0.888153612613678,0.7714404260811175,3.2746758460998535,48,0.05507766615067208,0.5494164169899054,-0.09215880770768439,0.050869529800755625,0.02776010494147027,-0.10140292931880271,0.5104380191436835,1.022748062827226,1.0116330078314992,1.0125485675873276,0.8998577524893313,0.9817671809256661,0.9866587607471095,1.0382775119617225
pretrained,26,1,99288.24417614086,-0.00523728229551057,-0.007117558238591504,-0.010609938935739359,-0.007168581031571586,0.06882715808335545,1.3885492807520288,0.0013885492807520288,0.0005034146797178047,0.2013658718871219,1.4027317437742437,1.0,0.8054634928703308,0.8054634875484874,5.3218434103996515e-09,False,0.9798533916473389,0.8510898421332503,4.1603546142578125,26,0.01350878524993146,0.4932070381141134,-0.09933862768645799,0.06501101768974746,0.37309286064867464,-0.10202724420066392,0.25654617018465486,1.0171811676906573,1.0045787328777878,1.0194502657857352,1.0099451303155005,1.0087623220153341,1.013557133634603,0.9675380637747775
pretrained,26,2,100115.74061063385,0.009806327683185678,0.008334284097369915,0.005902962102886844,0.0011560680660993583,0.04843373989568199,0.9594593335475241,0.0009594593335475241,0.0004993526424680437,0.1997410569872175,1.399482113974435,0.9999999999999999,0.7989642024040222,0.7989642279488698,2.554484757055775e-08,False,0.8646882772445679,0.75105869474749,3.1645686626434326,27,-0.09892958349415235,0.5172143583851201,0.039555185075317106,0.03618458339146205,0.03462799691728183,-0.10081147349306516,0.5721589332180363,1.0204317810759416,1.036630597940096,1.0048074160114426,1.0196943972835313,1.0007238508867176,1.024203821656051,0.9902019002375297
pretrained,26,3,100577.20325297244,0.005181993989577416,0.004609291601140875,0.0017176275600124056,0.005738907369701396,0.057304234871792634,0.06426747941545083,6.426747941545083e-05,0.0005056448373943567,0.2022579349577427,1.4045158699154854,1.0,0.8090317845344543,0.8090317398309708,4.470348358154297e-08,False,0.8314746618270874,0.722209714947753,3.034160852432251,28,-0.10306880436837673,0.5471828673034906,0.03158743865787983,0.027163639664649963,0.023622168228030205,-0.09918913058936596,0.572701821103692,1.034047030048888,1.0449943420211207,1.037165241936394,0.9783549783549785,0.9924050632911392,0.9950248756218906,0.9706146926536732
pretrained,26,4,103775.7804911129,0.03235764628598936,0.0318022089965595,0.027838681480206066,0.036384024029925355,0.05612870360035783,0.03383007752043857,3.383007752043857e-05,0.0005043426821274417,0.2017370728509767,1.403474145701953,0.9999999999999998,0.8069482445716858,0.8069482914039061,4.6832220323977936e-08,False,0.8464665412902832,0.7352314959962022,3.0921287536621094,29,-0.10051953632916724,0.5322962344757147,0.03659117381487573,0.02785618576620305,0.0302785855851003,-0.10121753652180945,0.5747148932090826,1.028589803182445,1.0354429604664128,1.0173620255284004,1.0408441116405716,1.0557580174927113,1.08125,1.0367624343527957
pretrained,26,5,107921.04391519939,0.040905676682621905,0.039944420600541486,0.03454644404740001,0.0733966576659828,0.04932379177314873,0.41819548021469777,0.00041819548021469776,0.0005057116784155368,0.20228467136621475,1.4045693427324295,1.0,0.8091386556625366,0.809138685464859,2.9802322387695312e-08,False,0.9213603734970093,0.8002834521081406,3.4782090187072754,30,-0.1026805080473423,0.4634520970284939,0.05666961148381233,0.034239694476127625,-0.09960416331887245,0.08141825720667839,0.5665050111711025,1.0293303784225487,1.0479104071466634,1.0217829114307377,0.9565075212557227,0.9206075250258889,1.0710982658959536,1.0146007151370682
pretrained,26,6,105433.10653924197,-0.022041930444920754,-0.02305331088079876,-0.024806770482771762,0.051531314191332944,0.058828540162438096,0.528514238340514,0.000528514238340514,0.0005061965542180198,0.20247862168720793,1.4049572433744155,0.9999999999999998,0.8099143505096436,0.809914486748831,1.3623918748706387e-07,False,0.8693504333496094,0.7551081920878722,3.238284111022949,31,-0.10179880846823966,0.5484752521983214,0.01613472748015607,0.02910198617194379,0.07874810110245431,-0.10067981321896827,0.5300185547343321,0.8883429458072976,0.9111819056684046,0.8713745250537601,0.9620512820512821,0.9591301087364079,1.0766324878575284,1.0555066079295152
pretrained,26,7,99326.98078729678,-0.05697033413438757,-0.05791469067329913,-0.061774992209092126,-0.0067757945260054075,0.06935766983507544,0.5227169873458998,0.0005227169873458998,0.0004791917878070048,0.19167671512280193,1.3833534302456036,0.9999999999999999,0.7667067646980286,0.7667068604912073,9.579317872265847e-08,False,0.9521544575691223,0.8270308536837075,3.685344934463501,32,0.054707228339144154,0.5719804644052471,-0.09509531115846975,0.027343646756240292,0.15599693650645868,-0.09658140396433218,0.3816484391157116,0.8748807130139254,0.8987705690454519,0.8625624855383022,0.9506041222459132,0.9378420641125881,0.8997493734335839,0.9897050639955481
pretrained,26,8,106911.85891706488,0.07769853533695903,0.07636271705480202,0.06881479649179463,0.06465006770134485,0.052221314711112646,0.7394709235855511,0.0007394709235855511,0.0005008080628301415,0.20032322513205664,1.4006464502641134,1.0,0.8012927770614624,0.8012929005282268,1.234667643679188e-07,False,0.9852488040924072,0.855776237838221,3.926006555557251,33,0.08234078011342458,0.3333304705364364,0.03609712741204671,-0.09816442855766841,0.17394760570355824,-0.10215879657438823,0.5746072413665908,1.1268440206437376,1.154471978877262,1.1108063488991609,1.0661682242990655,1.0220925385577322,1.1103064066852368,1.0447005903851563
pretrained,26,9,108352.92069215747,0.015109631000641999,0.013478970337710283,0.009435234669301856,0.07708994495763555,0.06009285173977687,1.1045432069471903,0.0011045432069471904,0.0005031371409339565,0.20125485637358262,1.402509712747165,0.9999999999999998,0.8050194978713989,0.8050194254943301,7.23770687827141e-08,False,1.0340116024017334,0.8981310662940242,4.29640007019043,34,-0.1236803701945714,0.15859722133193696,-0.07757448617901122,0.16403398449931825,0.11610201533351625,0.18093759353671754,0.5815840416720934,1.0452818452385757,1.0675310126503827,1.0426107204951207,0.982468443197756,0.9755301794453507,1.0065228299046662,1.0306781485468246
pretrained,26,10,110490.90698275328,0.0209067824500897,0.019731690451336048,0.015737135944707915,0.09494814794479711,0.04242134084907299,0.6582010462880135,0.0006582010462880134,0.0004934896076364177,0.1973958430545671,1.394791686109134,0.9999999999999999,0.7895833849906921,0.7895833722182681,1.277242400732348e-08,False,0.9870294332504272,0.8573228726735093,3.9288222789764404,35,-0.10496447075690543,0.353052558111293,0.035495793180806284,0.12405677299414361,0.11896102290068353,-0.09243137229766166,0.5658296958676405,1.0183883698313119,1.0599512631895773,1.0169313969075835,1.0549607423269096,1.023829431438127,1.175972083748754,1.0135770234986945
pretrained,26,11,119887.48718475249,0.08630613626839767,0.08504392314804643,0.06814466883004516,0.16588459439561776,0.05583555241550968,0.6591777354478836,0.0006591777354478836,0.0005034291478140015,0.2013716591256006,1.402743318251201,0.9999999999999998,0.8054866194725037,0.805486636502402,1.7029898380371833e-08,False,1.041387915611267,0.9045380505414052,4.362282752990723,36,-0.10763038907732286,0.24622210647378648,0.08806799139295304,0.19194359864507402,-0.09374127004827773,0.11669847156320298,0.5584394910505839,1.0551013292304916,1.0682486990147664,1.0238423367924046,1.11468200270636,1.0955492037566352,1.1479440440864774,1.0770221535291085
pretrained,26,12,118939.98380502762,-0.006819675009783643,-0.007903271658907363,-0.010497622372335029,0.15923983843881284,0.07705732831060229,0.6107752855334961,0.0006107752855334962,0.0004808574968150684,0.1923429987260274,1.3846859974520547,0.9999999999999999,0.7693720459938049,0.7693719949041093,5.108969558520471e-08,False,1.0348858833312988,0.8988904570607111,4.464748382568359,37,-0.09865098180515428,0.0382078204836164,0.19152389732854705,0.14800043670194488,-0.09369201692087312,0.3096015479947839,0.5050092962171351,1.0700646851823017,1.0958744957492952,1.07574187376562,1.0303490136570561,1.039508013417816,0.9737813884785819,0.9787132265008371
pretrained,26,13,114978.0942494723,-0.032107667444511434,-0.033309989028162734,-0.03206969990245303,0.1302691121055961,0.06197947138472589,0.7511392650859696,0.0007511392650859696,0.0004918388303901468,0.19673553215605874,1.3934710643121175,1.0,0.7869420051574707,0.7869421286242351,1.234667643679188e-07,False,0.9976242780685425,0.8665254379557666,4.106044292449951,38,-0.10887406819633078,-0.08786146395972796,0.2726580346269267,0.26232682115265304,0.040434751127447405,0.07032428628632001,0.5509916389627116,0.9607720184563087,0.9483673729353325,0.9771948490503586,0.9664212076583212,0.9602007888131946,0.943875616230565,0.9630987292277614
pretrained,26,14,112589.67480215378,-0.01909239668697771,-0.020772821665805963,-0.020842409086616137,0.11181908842242205,0.0478477080688416,1.218105012817042,0.001218105012817042,0.0004964968668563026,0.19859874674252104,1.397197493485042,0.9999999999999999,0.7943950295448303,0.7943949869700839,4.257474639501879e-08,False,0.9901379942893982,0.8600229344852783,4.02913236618042,39,-0.09286958564605033,0.32068947117243496,0.04463710795555795,0.05734868879829133,0.2212937937251159,-0.10572916109647071,0.5546296850911208,0.972334225393994,0.9770852563241543,0.9539229191567941,1.0146296860713198,1.00336071695295,1.0297308155885898,0.9807155544278103
pretrained,26,15,115352.1680064871,0.02577558642230726,0.02453593732451642,0.018346469914603467,0.13308954891618285,0.05847981158314672,0.7205181845596857,0.0007205181845596857,0.0004887119587510824,0.19548478350043297,1.390969567000866,1.0,0.7819392085075378,0.7819391340017319,7.450580596923828e-08,False,0.8365882635116577,0.726651332936273,3.043010950088501,40,0.025806762278079987,0.5598265696316957,-0.09220126830041409,0.02094336412847042,0.040750378742814064,-0.10328351520001888,0.5481577087193727,1.1075456274694473,1.1179570958597118,1.1183717604729042,1.0432562331030337,1.0900632675846669,0.9914163090128755,0.9314359637774902
pretrained,26,16,123314.18937488792,0.07104152349553972,0.06902359536019342,0.05264589826981293,0.18906331455507008,0.06655734738148592,1.3923686050942965,0.0013923686050942964,0.0004934887135667461,0.19739548542669844,1.3947909708533968,0.9999999999999999,0.7895819544792175,0.7895819417067935,1.277242400732348e-08,False,1.026762843132019,0.8918348739910602,4.14372444152832,41,-0.09775452528681075,0.1275948935321399,0.2602280431560108,0.15038383539233888,-0.09964096013988769,0.0784693562558719,0.5807193570903368,1.03712146290818,1.0565291374240031,1.0326546656799105,1.0463576158940397,0.9351314441789006,1.1279024006296734,1.0611111111111111
pretrained,26,17,122927.3026473875,-0.0017325846542808332,-0.003137406404418175,-0.005128288319130248,0.18651106917357196,0.05152085875264258,0.9127963238528796,0.0009127963238528796,0.0004954547435045242,0.1981818974018097,1.3963637948036194,1.0,0.792727530002594,0.7927275896072388,5.960464477539063e-08,False,1.0281496047973633,0.8930393998690082,4.47694206237793,42,-0.11697423830628395,0.30959179624915123,-0.08120765909552574,0.2374134473502636,0.08773068711161613,0.061944231390953064,0.5015017352998257,0.9888633335144615,1.0141533291379978,0.9796166893478648,1.0192625206384152,0.910551296093465,1.0568736915561758,0.9814136125654451
pretrained,26,18,122001.37505809456,-0.006372847632169387,-0.0075323184463660375,-0.008941845093672468,0.1803371072466844,0.055357663335697894,0.6644492074847221,0.0006644492074847221,0.0005031394958496094,0.20125579833984375,1.4025115966796875,1.0,0.805023193359375,0.805023193359375,0.0,False,0.9446450471878052,0.8205082627018015,3.683981418609619,43,0.02619939297437668,0.49864276871085167,-0.0932101346552372,0.09456727281212807,0.0835164301097393,-0.10804566368460655,0.49832993373274803,1.026091448048592,1.0093070419373205,1.0316766856435173,1.0105291576673865,1.057337610264635,0.9290194783757015,0.9554547879434515
pretrained,26,19,120411.41767963764,-0.0120166265484839,-0.013032290641804778,-0.013389779855089374,0.1695139719552471,0.05133289127304141,0.5280722145523343,0.0005280722145523343,0.0005004739521869591,0.20018958087478367,1.4003791617495671,0.9999999999999999,0.8007581830024719,0.8007583234991342,1.4049666230420144e-07,False,0.9294454455375671,0.8073060564541497,3.5045342445373535,44,0.05358562352401869,0.4377633530114378,0.061698415449687405,0.06707092853529112,-0.08903935072677477,-0.1111502301480089,0.5800712603543485,1.0424386351216453,1.004133253410209,1.0662471630729378,0.9422922789206518,1.0401971937808114,0.9470504619758351,0.9678950307091011
pretrained,26,20,123860.4345882871,0.029496664701104125,0.02864360353123474,0.020802501396267922,0.19263968084400274,0.046464149849754506,0.3533429418291364,0.0003533429418291364,0.0004756202069776399,0.19024808279105598,1.380496165582112,0.9999999999999999,0.7609923481941223,0.7609923311642239,1.7029898380371833e-08,False,0.9106863141059875,0.7910120819220839,3.391972780227661,45,-0.08035463254366604,0.459566092384713,0.04610353921140942,0.05153268416013035,0.06457260091389927,-0.10989345024738995,0.5684731661209038,1.0524253138754247,1.054036194252693,1.0270848634564504,0.9872412815423873,1.0051039008384979,1.121575984990619,1.0374963945774445
pretrained,26,21,125616.98042393476,0.015218078930496981,0.014181654064806315,0.0082749945907076,0.20392928040048452,0.06029209931548376,0.5241642413394791,0.0005241642413394791,0.0004972461185285024,0.19889844741140095,1.3977968948228017,0.9999999999999999,0.795593798160553,0.7955937896456033,8.514949634275126e-09,False,0.9711396098136902,0.8435211473995256,3.8839263916015625,46,0.03472697096211569,0.5059202324066843,-0.09651853037731989,0.14064090060336248,0.06859722839934485,-0.10237991703408106,0.44901311503989355,1.0054865027130322,0.9846774920370601,1.0193239990459473,1.0485353245261344,1.019949220166848,1.0441619270659084,1.0467055879899918
pretrained,26,22,124651.05180999782,-0.007038771999252291,-0.007689474867785373,-0.009059146894706717,0.19776047977174516,0.05780692531934699,0.15688371764762066,0.00015688371764762066,0.0004986465802150114,0.19945863208600456,1.3989172641720091,0.9999999999999999,0.7978346347808838,0.7978345283440182,1.0643686554345777e-07,False,0.9286732077598572,0.8066352992429963,3.538649797439575,47,0.04150036190237316,0.5377027525433472,-0.10502439896975246,0.0942888914474419,0.04501324732388767,-0.0944342331162521,0.4809533788689545,1.0222140006378042,1.054929753081416,0.9992198688185272,0.9627499315256095,1.0142247510668565,1.0807433514899072,0.9436918990703851
pretrained,26,23,127298.55100825772,0.02187393840304841,0.021239284866167107,0.013643369522958311,0.21444510398619465,0.06082509382982369,0.13720620423555374,0.00013720620423555375,0.0004840550651507719,0.19362202606030876,1.3872440521206175,0.9999999999999999,0.774488091468811,0.774488104241235,1.277242400732348e-08,False,0.8863993287086487,0.7699166744418257,3.266181468963623,48,0.05383024577583584,0.5492309278675488,-0.09171122099672047,0.05049535472478184,0.027680253876107064,-0.1019108050635883,0.5123852438160351,1.022748062827226,1.0116330078314992,1.0125485675873276,0.8998577524893313,0.9817671809256661,0.9866587607471095,1.0382775119617225
pretrained,26,24,133515.4742307526,0.049762804160496055,0.04883734475572754,0.03347257407351864,0.25102314487404165,0.06210933628656709,0.39464981321777615,0.00039464981321777617,0.0004873280759368624,0.19493123037474497,1.3898624607494898,0.9999999999999999,0.7797248363494873,0.7797249214989797,8.514949234594837e-08,False,0.9906569719314575,0.8604737127376334,3.9888134002685547,49,0.047933377857719145,0.5590024521308286,-0.09388795441814832,0.05831470021179744,0.20654676162770816,-0.10104327595659665,0.3231339385466916,1.028990413717977,1.0399761864870785,1.0121727778274432,0.9920961112867532,1.1142857142857145,0.933293269230769,0.9915966386554621
pretrained,27,1,100795.86793384534,0.010106261119636084,0.0079586793384534,0.005063647709816309,0.007895838888630657,0.05664382357628696,1.6268169688326972,0.0016268169688326973,0.0005015412904322147,0.2006165161728859,1.4012330323457718,1.0,0.802466094493866,0.8024660646915436,2.9802322387695312e-08,False,0.8547630310058594,0.7424377354014858,3.12381649017334,27,-0.1000736691057682,0.5277887620031834,0.0351010225713253,0.03333755210042,0.03305517137050629,-0.10054284706711769,0.5713340081274509,1.0204317810759416,1.036630597940096,1.0048074160114426,1.0196943972835313,1.0007238508867176,1.024203821656051,0.9902019002375297
pretrained,27,2,101277.89471999629,0.005586677085171798,0.004782207803075034,0.0017453286876063052,0.012617706198665424,0.05953077244856922,0.29446111779127804,0.000294461117791278,0.0005058589936899288,0.20234359747597153,1.404687194951943,0.9999999999999999,0.8093743324279785,0.8093743899038861,5.747590758886645e-08,False,0.8286300897598267,0.719738951043378,3.023240804672241,28,-0.10324938568685738,0.5498818087258509,0.030078115207808342,0.026455000309007493,-0.09909421178911415,0.023520242688911286,0.5724084305443934,1.034047030048888,1.0449943420211207,1.037165241936394,0.9783549783549785,0.9924050632911392,0.9950248756218906,0.9706146926536732
pretrained,27,3,104475.18786319751,0.03237766058496283,0.03156950637689304,0.027762280330388262,0.042834934827371995,0.049098965966366176,0.27815426673207966,0.00027815426673207964,0.0005049609818628856,0.20198439274515428,1.4039687854903087,1.0,0.807937502861023,0.8079375709806174,6.811959440966575e-08,False,0.843376636505127,0.7325476388006026,3.0800509452819824,29,-0.10081325950367112,0.5354960512902056,0.034991125443152,0.0272690848048244,0.02981143897133212,-0.10117113324148316,0.5744166922356402,1.028589803182445,1.0354429604664128,1.0173620255284004,1.0408441116405716,1.0557580174927113,1.08125,1.0367624343527957
pretrained,27,4,108665.68966196787,0.041067743047811245,0.04011001927326041,0.03390145182230573,0.07974632737274023,0.06019881446125018,0.4141227895660061,0.0004141227895660061,0.0005062443789626871,0.20249775158507483,1.4049955031701498,1.0,0.8099908828735352,0.8099910063402995,1.234667643679188e-07,False,0.9175405502319336,0.7969655957764045,3.4581990242004395,30,-0.1028827955680234,0.46813499129244257,0.05395010433026723,0.033280386988605776,-0.09961495601705142,0.08091998047062329,0.566212288503136,1.0293303784225487,1.0479104071466634,1.0217829114307377,0.9565075212557227,0.9206075250258889,1.0710982658959536,1.0146007151370682
pretrained,27,5,106165.72454392811,-0.022003971457468463,-0.023006020813161387,-0.024558966472416496,0.058076413742901845,0.057781056851562124,0.5189535266586713,0.0005189535266586714,0.000506166233015912,0.20246649320636478,1.4049329864127293,0.9999999999999998,0.8098657727241516,0.8098659728254587,2.0010130707959206e-07,False,0.8686888217926025,0.7545335235911292,3.234560251235962,31,-0.10190684986965998,0.5488517667566026,0.016122329181858464,0.02895631561321871,0.07816908614976065,-0.10055964333670481,0.5303669955049242,0.8883429458072976,0.9111819056684046,0.8713745250537601,0.9620512820512821,0.9591301087364079,1.0766324878575284,1.0555066079295152
pretrained,27,6,100019.63485918206,-0.05694622661825799,-0.05789146837313763,-0.06124685233308428,0.00019631004661935236,0.06733497273603581,0.523608616420201,0.000523608616420201,0.00047921414487063886,0.19168565794825554,1.383371315896511,1.0,0.7667425274848938,0.7667426317930222,1.043081283569336e-07,False,0.9519834518432617,0.8268823199974773,3.6853809356689453,32,0.05417217127978802,0.5719537641853094,-0.09510334767401218,0.0273035429418087,0.15681504271924496,-0.09658231027424335,0.38144113682210445,0.8748807130139254,0.8987705690454519,0.8625624855383022,0.9506041222459132,0.9378420641125881,0.8997493734335839,0.9897050639955481
pretrained,27,7,107625.42094473114,0.07738231499294534,0.07604292993328055,0.06790952629778348,0.07085148543713504,0.054912981854644174,0.7430559992790222,0.0007430559992790222,0.0005009019561111927,0.20036078244447708,1.4007215648889542,1.0,0.8014431595802307,0.8014431297779083,2.9802322387695312e-08,False,0.9856227040290833,0.8561010031967857,3.9308948516845703,33,0.08169086277484894,0.33150777965784073,0.03609591722488403,-0.09817474335432053,0.17663098126649857,-0.10218603909015656,0.5744352415204048,1.1268440206437376,1.154471978877262,1.1108063488991609,1.0661682242990655,1.0220925385577322,1.1103064066852368,1.0447005903851563
pretrained,27,8,109058.80186347353,0.014951684028758017,0.013318237514522435,0.009128417291441274,0.08306346400920395,0.061671225612552595,1.1073092073202133,0.0011073092073202134,0.0005033707618713379,0.20134830474853516,1.4026966094970703,1.0,0.8053931593894958,0.8053932189941406,5.960464477539063e-08,False,1.0338196754455566,0.8979643606580321,4.2975993156433105,34,-0.12399554252624512,0.15660268813371658,-0.07735276222229004,0.16411633044481277,0.11701655387878418,0.1821001097559929,0.5815126225352287,1.0452818452385757,1.0675310126503827,1.0426107204951207,0.982468443197756,0.9755301794453507,1.0065228299046662,1.0306781485468246
pretrained,27,9,111204.62563664638,0.020851116100404132,0.019675842174198044,0.015275683977329814,0.10075683068487395,0.04835365396680387,0.6584916338324547,0.0006584916338324547,0.0004934402741491794,0.19737610965967178,1.3947522193193436,1.0,0.7895044684410095,0.7895044386386871,2.9802322387695312e-08,False,0.9884061217308044,0.8585186490941644,3.9398272037506104,35,-0.10505799576640129,0.3502031899988651,0.03571927547454834,0.12503394857048988,0.12065228447318077,-0.09231811389327049,0.5657674111425877,1.0183883698313119,1.0599512631895773,1.0169313969075835,1.0549607423269096,1.023829431438127,1.175972083748754,1.0135770234986945
pretrained,27,10,120670.42656968336,0.08638641324390828,0.08512056831130255,0.06794187360994429,0.17129654014893902,0.051956717082415706,0.6624850630760193,0.0006624850630760193,0.0005033827759325504,0.20135311037302017,1.4027062207460403,1.0,0.8054125308990479,0.8054124414920807,8.940696716308594e-08,False,1.0420939922332764,0.9051513409028843,4.368931293487549,36,-0.10784439742565155,0.24340345710515976,0.08901054412126541,0.1933550015091896,-0.09350871294736862,0.11731209605932236,0.558272011578083,1.0551013292304916,1.0682486990147664,1.0238423367924046,1.11468200270636,1.0955492037566352,1.1479440440864774,1.0770221535291085
pretrained,27,11,119723.80434755242,-0.006762459762191364,-0.007844691106518087,-0.010170356963959966,0.1647442165327052,0.07236066695452305,0.6093277441603797,0.0006093277441603797,0.00048086601974708693,0.19234640789883478,1.3846928157976695,0.9999999999999999,0.7693856358528137,0.7693856315953389,4.257474817137563e-09,False,1.0349044799804688,0.898906609904944,4.468433856964111,37,-0.09878759405442647,0.03775173106363841,0.19252641179731914,0.14832545497587749,-0.09355881384440831,0.30940329709223335,0.5043395129697663,1.0700646851823017,1.0958744957492952,1.07574187376562,1.0303490136570561,1.039508013417816,0.9737813884785819,0.9787132265008371
pretrained,27,12,115736.73862481992,-0.03210115857855034,-0.033302197039765336,-0.031820848544814005,0.13597012333165193,0.06093510687521437,0.7497491911053656,0.0007497491911053657,0.000491893214306661,0.1967572857226644,1.3935145714453288,0.9999999999999999,0.7870292067527771,0.7870291428906575,6.386211959252819e-08,False,0.9977517127990723,0.8666361263563105,4.107432842254639,38,-0.10879911429115702,-0.08795817143150739,0.27293310367635315,0.2623598059373242,0.040487889732633314,0.07025012427142688,0.5507263621049268,0.9607720184563087,0.9483673729353325,0.9771948490503586,0.9664212076583212,0.9602007888131946,0.943875616230565,0.9630987292277614
pretrained,27,13,113338.27767704202,-0.019043261475063633,-0.02072341916902387,-0.02078100347647771,0.11768555116965429,0.04992862628960146,1.2177935593894549,0.001217793559389455,0.00049644942262343,0.19857976904937202,1.397159538098744,0.9999999999999999,0.7943190932273865,0.7943190761974881,1.7029898380371833e-08,False,0.9907036423683167,0.8605142501640252,4.034032344818115,39,-0.09287834327135769,0.3189086972602776,0.04475622464503559,0.05759145532335552,0.22289218593920979,-0.10570142577801434,0.5544312058814934,0.972334225393994,0.9770852563241543,0.9539229191567941,1.0146296860713198,1.00336071695295,1.0297308155885898,0.9807155544278103
pretrained,27,14,116122.0178315197,0.025804256485080224,0.024561341600848774,0.01803212495550909,0.1388368729082109,0.06238393566095035,0.7236847877502441,0.0007236847877502442,0.000488699030663286,0.1954796122653144,1.3909592245306288,0.9999999999999999,0.781918466091156,0.7819184490612576,1.7029898380371833e-08,False,0.8368970155715942,0.7269195115680864,3.0444176197052,40,0.025774305952446785,0.5597158654459885,-0.09216076295290676,0.020977570010083046,0.041038835687296715,-0.10331884931240765,0.5479730351694992,1.1075456274694473,1.1179570958597118,1.1183717604729042,1.0432562331030337,1.0900632675846669,0.9914163090128755,0.9314359637774902
pretrained,27,15,124133.12786690239,0.07100865177177762,0.06898872569546577,0.05191439657276629,0.19441327453520973,0.0732401010846511,1.394322463444301,0.001394322463444301,0.0004934617903615746,0.19738471614462988,1.3947694322892599,1.0,0.7895388007164001,0.7895388645785197,6.386211959252819e-08,False,1.0265781879425049,0.8916744845313386,4.142524719238281,41,-0.09780993738344737,0.1267524915082114,0.2607976453644889,0.1508146779877799,-0.09957477876118251,0.07836218497582845,0.5806577163083213,1.03712146290818,1.0565291374240031,1.0326546656799105,1.0463576158940397,0.9351314441789006,1.1279024006296734,1.0611111111111111
pretrained,27,16,123740.06995565427,-0.0017603849559884033,-0.003166422356404075,-0.0054090108485695,0.19185434406302015,0.057001607527598405,0.914075453366552,0.0009140754533665521,0.000495434371488435,0.19817374859537398,1.396347497190748,1.0,0.7926948666572571,0.7926949943814958,1.2772423874096717e-07,False,1.0283806324005127,0.8932400678954383,4.480435371398926,42,-0.11704193162066595,0.3087654326643262,-0.08113181697470803,0.23817179245608192,0.08809289229767661,0.06190261138336997,0.5012410197939192,0.9888633335144615,1.0141533291379978,0.9796166893478648,1.0192625206384152,0.910551296093465,1.0568736915561758,0.9814136125654451
pretrained,27,17,122811.79146513047,-0.006341237271438316,-0.007501842296165351,-0.008730647126655385,0.18574593850467003,0.05244483136610516,0.6655369092311179,0.0006655369092311179,0.0005031574118350233,0.20126296473400931,1.4025259294680188,1.0,0.8050516843795776,0.8050518589360376,1.7455645995312352e-07,False,0.9450374245643616,0.8208490773607258,3.6872856616973877,43,0.02616587706974574,0.4983260785894735,-0.09318409061857633,0.09489190631679126,0.08381373488477298,-0.10807887411543299,0.4980653678732259,1.026091448048592,1.0093070419373205,1.0316766856435173,1.0105291576673865,1.057337610264635,0.9290194783757015,0.9554547879434515
pretrained,27,18,121210.962100079,-0.012018378469541902,-0.01303481812254148,-0.01340482050218936,0.17499211071822007,0.053019854314788145,0.5288675129413605,0.0005288675129413605,0.0005004662807498659,0.20018651229994636,1.4003730245998927,1.0,0.8007460832595825,0.8007460491997853,3.4059797204832876e-08,False,0.9296829700469971,0.807512367621674,3.506016731262207,44,0.0535978866474969,0.4374366445200784,0.06181019970348903,0.06726895698479243,-0.08900378218718938,-0.11118273011275698,0.5800728244440896,1.0424386351216453,1.004133253410209,1.0662471630729378,0.9422922789206518,1.0401971937808114,0.9470504619758351,0.9678950307091011
pretrained,27,19,124681.25385980707,0.029483661196223032,0.028630180798852045,0.0205971260787942,0.1979548095302196,0.047311454664106516,0.35374146061284184,0.00035374146061284184,0.00047563972217696057,0.19025588887078423,1.3805117777415685,1.0,0.7610237002372742,0.761023555483137,1.44754137121339e-07,False,0.9109185934066772,0.7912138371591837,3.3932549953460693,45,-0.08036588558128901,0.4593354942543166,0.046143400881971636,0.05164346418210439,0.06467537156173161,-0.10989000328949522,0.56845815799066,1.0524253138754247,1.054036194252693,1.0270848634564504,0.9872412815423873,1.0051039008384979,1.121575984990619,1.0374963945774445
pretrained,27,20,126450.0372205659,0.015223341385356193,0.014186441874795896,0.008316889152303336,0.20917381917752453,0.05804240990003195,0.5246100447007589,0.0005246100447007589,0.0004972630233636926,0.198905209345477,1.397810418690954,1.0,0.7956207394599915,0.7956208373819078,9.792191635327185e-08,False,0.9713046550750732,0.8436645038920914,3.8855953216552734,46,0.03469374669449668,0.5058191258992468,-0.09650720017296929,0.14089497817414146,0.06869362188237052,-0.10239800917250771,0.4488037366952215,1.0054865027130322,0.9846774920370601,1.0193239990459473,1.0485353245261344,1.019949220166848,1.0441619270659084,1.0467055879899918
pretrained,27,21,125477.44381766685,-0.007040526788854584,-0.007691523263077871,-0.008442051349697999,0.2030440136690106,0.046244916823681155,0.15722534699099383,0.00015722534699099384,0.0004986019911510604,0.19944079646042417,1.3988815929208482,0.9999999999999998,0.7977631688117981,0.7977631858416965,1.7029898380371833e-08,False,0.9287633299827576,0.8067135784112013,3.5392611026763916,47,0.04145626883421624,0.5376622692814894,-0.10500563521470344,0.09442199181233132,0.045052369790417796,-0.09443516124572074,0.4808478967419692,1.0222140006378042,1.054929753081416,0.9992198688185272,0.9627499315256095,1.0142247510668565,1.0807433514899072,0.9436918990703851
pretrained,27,22,128141.59051386444,0.021866931434262105,0.021232076579986048,0.013861115996405656,0.21961324501290336,0.05416230694974218,0.1374168108616559,0.0001374168108616559,0.00048404585170958736,0.19361834068383493,1.38723668136767,1.0,0.7744733095169067,0.77447336273534,5.3218433215818095e-08,False,0.8864012360572815,0.7699183311437983,3.2661569118499756,48,0.053758405947259474,0.5492358774478947,-0.091705377346703,0.05054541757064204,0.02769834069269042,-0.10191296333713193,0.5123802990253483,1.022748062827226,1.0116330078314992,1.0125485675873276,0.8998577524893313,0.9817671809256661,0.9866587607471095,1.0382775119617225
pretrained,27,23,134399.4192450787,0.04976054783367512,0.04883526656817305,0.03326772097853624,0.2559491658394075,0.06136399695935858,0.39446901796119543,0.00039446901796119546,0.0004873409228665488,0.19493636914661955,1.389872738293239,0.9999999999999999,0.7797454595565796,0.779745476586478,1.7029898380371833e-08,False,0.9906156659126282,0.8604378347855394,3.9886586666107178,49,0.047877961503607874,0.558982131736619,-0.09389182393039977,0.05831025700484002,0.2065533378294536,-0.10104454521621978,0.3232126810720989,1.028990413717977,1.0399761864870785,1.0121727778274432,0.9920961112867532,1.1142857142857145,0.933293269230769,0.9915966386554621
pretrained,27,24,127665.03276298563,-0.049206783502712015,-0.05010725879561162,-0.04210268327124059,0.21670015793867914,0.05707350741024407,0.4666176768285886,0.0004666176768285886,0.0004809090375368084,0.19236361501472338,1.3847272300294466,0.9999999999999999,0.769454300403595,0.7694544600588933,1.5965529831518666e-07,False,0.8560397028923035,0.7435466385124532,3.116356372833252,50,0.04426791758409568,0.5349488692092044,-0.09121795876749925,0.036914134930287085,0.02238503896764346,-0.10114565624722413,0.5538476543234927,0.9524308174608502,0.9468745137780623,0.9571047153564893,1.0296367112810707,0.9903846153846152,1.0135222150676113,0.9600874794969929
pretrained,28,1,100341.20313646378,0.005602752916964215,0.0034120313646377465,0.0007212967211669558,0.0034004289942560773,0.05358264546178242,1.6752374746969767,0.0016752374746969768,0.0005056548091982092,0.2022619236792837,1.4045238473585673,0.9999999999999999,0.8090476393699646,0.8090476947171346,5.534716995825306e-08,False,0.827204167842865,0.7185004110030553,3.017587184906006,28,-0.10371082222887448,0.5509247114615781,0.029382225658212385,0.02569232189229556,-0.09855110145040921,0.023854353066001616,0.572408311601196,1.034047030048888,1.0449943420211207,1.037165241936394,0.9783549783549785,0.9924050632911392,0.9950248756218906,0.9706146926536732
pretrained,28,2,103509.92666968616,0.032392709689437194,0.03157948513845232,0.028003539907774544,0.0339090827577031,0.05010227711344964,0.28255119068281986,0.0002825511906828199,0.000505467751728637,0.2021871006914548,1.4043742013829097,1.0,0.8087484240531921,0.8087484027658194,2.1287372753420186e-08,False,0.8446410894393921,0.733645928664558,3.085843086242676,29,-0.10132401543004174,0.5343665544475829,0.03558894885437827,0.027424518817237425,0.030161195301583815,-0.10086308526141305,0.5746458832706725,1.028589803182445,1.0354429604664128,1.0173620255284004,1.0408441116405716,1.0557580174927113,1.08125,1.0367624343527957
pretrained,28,3,107643.66190984058,0.04089483346638767,0.03993564069797584,0.034561723185538414,0.0710089360973497,0.05076260308216382,0.4161130141999042,0.00041611301419990424,0.0005058196932077408,0.2023278772830963,1.4046557545661926,1.0,0.80931156873703,0.8093115091323853,5.960464477539063e-08,False,0.9193844199180603,0.7985671606364715,3.46702241897583,30,-0.10318266600370407,0.4649914279580116,0.056069329380989075,0.03355354070663452,-0.09914521127939224,0.08058401942253113,0.56712955981493,1.0293303784225487,1.0479104071466634,1.0217829114307377,0.9565075212557227,0.9206075250258889,1.0710982658959536,1.0146007151370682
pretrained,28,4,105197.38112112459,-0.021721766544152254,-0.02272572992513877,-0.024386077575644254,0.04940599343571417,0.055662698280174346,0.5206218287348747,0.0005206218287348748,0.000506160594522953,0.2024642378091812,1.4049284756183624,1.0,0.8098568916320801,0.8098569512367249,5.960464477539063e-08,False,0.8681470155715942,0.7540629166870397,3.231438159942627,31,-0.10209471359848976,0.5475413165986538,0.01622237265110016,0.02880355343222618,0.07752786204218864,-0.10036952421069145,0.5323691330850124,0.8883429458072976,0.9111819056684046,0.8713745250537601,0.9620512820512821,0.9591301087364079,1.0766324878575284,1.0555066079295152
pretrained,28,5,99203.9048216342,-0.056045521132290665,-0.05697362648780657,-0.06071069450441259,-0.008024837125082396,0.06559727887232052,0.5050840303301811,0.0005050840303301811,0.0004786095023155212,0.1914438009262085,1.382887601852417,1.0,0.765775203704834,0.765775203704834,0.0,False,0.9454421997070312,0.8212006605824719,3.646435260772705,32,0.05025048926472664,0.5701919198036194,-0.09467680752277374,0.026007499545812607,0.15147154033184052,-0.09676699340343475,0.39352235198020935,0.8748807130139254,0.8987705690454519,0.8625624855383022,0.9506041222459132,0.9378420641125881,0.8997493734335839,0.9897050639955481
pretrained,28,6,106608.6591975674,0.07600301030062284,0.07464176323751293,0.06743032901131862,0.06198989132130639,0.051687988701403106,0.7657906796251024,0.0007657906796251024,0.000500106191528695,0.200042476611478,1.4000849532229558,0.9999999999999999,0.8001697063446045,0.8001699064459116,2.0010130707959206e-07,False,0.9909771084785461,0.8607517798093457,3.962146043777466,33,0.08462594183427946,0.316579562744924,0.038692713848182125,-0.09797181455152376,0.18394253881914274,-0.10207066205995424,0.5762017193649496,1.1268440206437376,1.154471978877262,1.1108063488991609,1.0661682242990655,1.0220925385577322,1.1103064066852368,1.0447005903851563
pretrained,28,7,107939.9913231488,0.014124770872974146,0.012488029918040544,0.008284581199113223,0.0735593103706873,0.06569675700535381,1.1117808744311333,0.0011117808744311333,0.0005034672974475793,0.20138691897903171,1.4027738379580632,0.9999999999999999,0.8055475950241089,0.8055476759161264,8.089201752881081e-08,False,1.0317814350128174,0.8961939675125705,4.292509078979492,34,-0.1256843645657812,0.14719528066260473,-0.07570255441325052,0.16856578098876135,0.12214195834738867,0.18119302498442785,0.582290873995849,1.0452818452385757,1.0675310126503827,1.0426107204951207,0.982468443197756,0.9755301794453507,1.0065228299046662,1.0306781485468246
pretrained,28,8,110027.42022492194,0.020511322019316713,0.019338790713108622,0.015339612808007441,0.09113564786326467,0.04473449369139847,0.6570398371134485,0.0006570398371134485,0.0004925852535026414,0.1970341014010566,1.3940682028021132,0.9999999999999999,0.78813636302948,0.7881364056042264,4.257474639501879e-08,False,0.9940614104270935,0.8634307704429007,3.9775168895721436,35,-0.10482529710446087,0.337652711463826,0.03785187218870434,0.1289851798542908,0.12579095203961643,-0.09220880429659573,0.5667533858546189,1.0183883698313119,1.0599512631895773,1.0169313969075835,1.0549607423269096,1.023829431438127,1.175972083748754,1.0135770234986945
pretrained,28,9,119384.69255099563,0.086314679270588,0.08504491250403978,0.06800808326914337,0.16237167543665942,0.06455888608502763,0.66609231701919,0.00066609231701919,0.0005034669914415904,0.2013867965766362,1.4027735931532723,1.0,0.8055471777915955,0.8055471863065446,8.514949190185916e-09,False,1.0434726476669312,0.9063488257974487,4.377389430999756,36,-0.10835028546197073,0.23447526884930472,0.09373906148331504,0.19787160945790153,-0.09303651111466546,0.1160637353147779,0.559237121471337,1.0551013292304916,1.0682486990147664,1.0238423367924046,1.11468200270636,1.0955492037566352,1.1479440440864774,1.0770221535291085
pretrained,28,10,118490.16558268113,-0.0064167448501117885,-0.007492811257460041,-0.009840712505907482,0.15604810316328654,0.07034280465069206,0.6024457429136549,0.0006024457429136549,0.0004811569862067699,0.19246279448270798,1.384925588965416,1.0,0.76985102891922,0.7698511779308319,1.4901161193847656e-07,False,1.0348773002624512,0.8988830019018345,4.4738688468933105,37,-0.09924270957708359,0.036685504019260406,0.196975976228714,0.14905907213687897,-0.09322008490562439,0.3049421161413193,0.5048001259565353,1.0700646851823017,1.0958744957492952,1.07574187376562,1.0303490136570561,1.039508013417816,0.9737813884785819,0.9787132265008371
pretrained,28,11,114552.2281128744,-0.03204195830616752,-0.03323429797267752,-0.031982447712437745,0.12703574913039073,0.059401873590838664,0.7404372979487691,0.0007404372979487691,0.0004921312497130462,0.1968524998852185,1.393704999770437,0.9999999999999999,0.7874100208282471,0.7874099995408739,2.1287373197509396e-08,False,0.9973652362823486,0.866300437119114,4.105348587036133,38,-0.10858043017131941,-0.08827206971389909,0.2754255261804376,0.2613528099443231,0.040616757103375006,0.06901876149432998,0.5504386451627528,0.9607720184563087,0.9483673729353325,0.9771948490503586,0.9664212076583212,0.9602007888131946,0.943875616230565,0.9630987292277614
pretrained,28,12,112191.459929605,-0.01893531878210064,-0.020608662285845902,-0.020588335419354137,0.10866655926622737,0.04438291110381552,1.2107239291071892,0.0012107239291071891,0.0004963726789823602,0.19854907159294405,1.397098143185888,0.9999999999999999,0.794196367263794,0.794196286371776,8.089201797290002e-08,False,0.9938329458236694,0.8632323286097462,4.0515546798706055,39,-0.09291764082653184,0.31024132190006115,0.04705372346299033,0.05901284036891799,0.22669292507427077,-0.10563143076641221,0.5555482607867037,0.972334225393994,0.9770852563241543,0.9539229191567941,1.0146296860713198,1.00336071695295,1.0297308155885898,0.9807155544278103
pretrained,28,13,114934.68374341718,0.025709430322076177,0.024451271206680225,0.018247034017922603,0.1299406172009635,0.06054047833627062,0.7385605797171594,0.0007385605797171593,0.0004888156668416092,0.1955262667366437,1.3910525334732875,1.0,0.7821050882339478,0.782105066946575,2.1287372753420186e-08,False,0.8367165327072144,0.7267627461439299,3.044306516647339,40,0.025512373873165656,0.5591076080288206,-0.09187882500035424,0.02102480349796157,0.04120575902717452,-0.10364744173628945,0.5486757223095213,1.1075456274694473,1.1179570958597118,1.1183717604729042,1.0432562331030337,1.0900632675846669,0.9914163090128755,0.9314359637774902
pretrained,28,14,122836.70578418189,0.07077837811844012,0.06875228419652135,0.052221836143913285,0.18591108934738831,0.07497272005023056,1.400646323604243,0.001400646323604243,0.0004933153412171773,0.19732613648687092,1.3946522729737416,0.9999999999999999,0.7893045544624329,0.7893045459474832,8.514949634275126e-09,False,1.024935245513916,0.8902474428696968,4.130777835845947,41,-0.09799516094582422,0.12282871561391012,0.26542324679238455,0.15142864840371267,-0.0993309755410467,0.07714503364903585,0.5805004920278276,1.03712146290818,1.0565291374240031,1.0326546656799105,1.0463576158940397,0.9351314441789006,1.1279024006296734,1.0611111111111111
pretrained,28,15,122433.7899446207,-0.0018674726087491988,-0.0032800931691304713,-0.005397134567016399,0.18323201425658686,0.05436118952429892,0.920868208365781,0.000920868208365781,0.0004953977492238794,0.19815909968955178,1.3963181993791036,1.0,0.7926363945007324,0.7926363987582072,4.257474817137563e-09,False,1.027921438217163,0.8928412168955367,4.480144500732422,42,-0.11746100389531683,0.30655577725597793,-0.08069809579423495,0.24006949311920575,0.08873522228428296,0.06114523432084493,0.5016533727092403,0.9888633335144615,1.0141533291379978,0.9796166893478648,1.0192625206384152,0.910551296093465,1.0568736915561758,0.9814136125654451
pretrained,28,16,121515.45547311677,-0.006336594423772213,-0.00750066196529009,-0.008737325016514572,0.17705941511182255,0.05129451743500516,0.6688944362103939,0.0006688944362103939,0.000503283099138311,0.2013132396553244,1.4026264793106487,1.0,0.8052529096603394,0.8052529586212973,4.896095795459132e-08,False,0.9450061321258545,0.8208218970939879,3.6884384155273438,43,0.025897897247757234,0.4976440942181008,-0.09305364132991858,0.09499772398599557,0.0842038890612977,-0.10825959832540583,0.49856963514217306,1.026091448048592,1.0093070419373205,1.0316766856435173,1.0105291576673865,1.057337610264635,0.9290194783757015,0.9554547879434515
pretrained,28,17,119933.17947857772,-0.012004221867400244,-0.013021191324004922,-0.013508117152380063,0.16620237673377236,0.053021575486597514,0.5294212039027895,0.0005294212039027895,0.0005004346264260157,0.20017385057040626,1.4003477011408125,0.9999999999999999,0.8006954193115234,0.8006954022816251,1.7029898380371833e-08,False,0.9304293990135193,0.8081607075842607,3.510528087615967,44,0.05348331321563038,0.43632951591696056,0.06248681832637104,0.06771984164203915,-0.08891705210719791,-0.11125679846320835,0.580154361469405,1.0424386351216453,1.004133253410209,1.0662471630729378,0.9422922789206518,1.0401971937808114,0.9470504619758351,0.9678950307091011
pretrained,28,18,123362.1753014467,0.02944520528658079,0.028590885672979738,0.02076420452331996,0.18937875604381238,0.048243495734401134,0.3544915669730732,0.0003544915669730732,0.00047573649989707126,0.1902945999588285,1.380589199917657,1.0,0.7611783742904663,0.7611783998353139,2.554484757055775e-08,False,0.9118819236755371,0.7920505751992161,3.3979921340942383,45,-0.08049903756805829,0.4582789545612676,0.046576947505984984,0.05193315872124263,0.06491805666259357,-0.10979556239077021,0.5685874825077397,1.0524253138754247,1.054036194252693,1.0270848634564504,0.9872412815423873,1.0051039008384979,1.121575984990619,1.0374963945774445
pretrained,28,19,125115.20522652529,0.01524722196609174,0.014210432985596322,0.008264117848098669,0.20073663453657264,0.06187521289323192,0.5243753620556422,0.0005243753620556422,0.0004973646758922508,0.19894587035690037,1.3978917407138005,0.9999999999999999,0.795783519744873,0.795783481427601,3.831727202197044e-08,False,0.9708696603775024,0.8432866722984671,3.883404493331909,46,0.03429573135716574,0.5056639361594404,-0.09638896105544908,0.1409486878131117,0.06867180498582975,-0.10255690930145128,0.4493657100413527,1.0054865027130322,0.9846774920370601,1.0193239990459473,1.0485353245261344,1.019949220166848,1.0441619270659084,1.0467055879899918
pretrained,28,20,124146.15180906859,-0.007093755972414462,-0.007745288957502816,-0.009134254341322397,0.1944977871420801,0.05790813893659712,0.15770336559840617,0.00015770336559840618,0.0004986998412225928,0.1994799364890371,1.3989598729780741,1.0,0.797919750213623,0.7979197459561482,4.257474817137563e-09,False,0.9281120896339417,0.8061479182314343,3.535543441772461,47,0.04093958118132182,0.5377240186291081,-0.10492706990667752,0.09434326046279498,0.04496365838817187,-0.09455286658235959,0.4815094178276403,1.0222140006378042,1.054929753081416,0.9992198688185272,0.9627499315256095,1.0142247510668565,1.0807433514899072,0.9436918990703851
pretrained,28,21,126783.8607375778,0.0218813285944901,0.021246803787892565,0.013753232730955267,0.2112560745646962,0.06010109383321648,0.137039344225611,0.000137039344225611,0.0004840913787484169,0.19363655149936676,1.3872731029987335,1.0,0.774546205997467,0.774546205997467,0.0,False,0.8856886029243469,0.7692993458692884,3.2623939514160156,48,0.053076110780239105,0.5494244135916233,-0.09167829528450966,0.05049298331141472,0.027699653059244156,-0.1019582562148571,0.5129433907568455,1.022748062827226,1.0116330078314992,1.0125485675873276,0.8998577524893313,0.9817671809256661,0.9866587607471095,1.0382775119617225
pretrained,28,22,132962.26414628708,0.0496546848092867,0.04873178157508229,0.033785225252044554,0.24790691071582172,0.05731221798161937,0.39220377696411957,0.0003922037769641196,0.0004874276050499508,0.19497104201998033,1.3899420840399606,0.9999999999999999,0.7798840999603271,0.7798841680799211,6.811959396557654e-08,False,0.9898512363433838,0.8597738596980864,3.983696937561035,49,0.047389070370367575,0.5590046000267779,-0.09391018482191224,0.05798967821257453,0.20582726118820052,-0.1010608571980681,0.32476043222205975,1.028990413717977,1.0399761864870785,1.0121727778274432,0.9920961112867532,1.1142857142857145,0.933293269230769,0.9915966386554621
pretrained,28,23,126299.87940721464,-0.04920924821989592,-0.05010733520408761,-0.04255284225479145,0.20823360664042168,0.05759076358782826,0.4639321182455336,0.0004639321182455336,0.0004810827571366514,0.1924331028546606,1.384866205709321,0.9999999999999999,0.7697323560714722,0.7697324114186421,5.534716995825306e-08,False,0.8557337522506714,0.743280893161662,3.1151013374328613,50,0.04397424736193248,0.5351012317197663,-0.09123002312013082,0.0369132464485509,0.02239804768136569,-0.10120307973452977,0.5540463296430451,0.9524308174608502,0.9468745137780623,0.9571047153564893,1.0296367112810707,0.9903846153846152,1.0135222150676113,0.9600874794969929
pretrained,28,24,131886.65982284484,0.044838897601740646,0.0442342498017545,0.030648202646138524,0.24177320030453586,0.057827820359513255,0.08594716233866556,8.594716233866556e-05,0.0004929198989910739,0.19716795959642958,1.3943359191928588,0.9999999999999998,0.7886717915534973,0.7886718383857176,4.6832220323977936e-08,False,0.8376849889755249,0.7276039365705137,3.054769515991211,51,0.04821353937898362,0.5688178443482943,-0.10098255638565337,0.02003526102219308,0.02134918581162179,-0.0961854032107762,0.5387521290353365,1.0691438500861281,1.0726581795633896,1.0583749337868538,1.0225936242649336,0.9190938511326862,1.0320838627700126,1.019362186788155
pretrained,29,1,103016.74234180935,0.03237569265319107,0.03016742341809353,0.02662445245675504,0.02928400057341951,0.05319096233328943,1.6353864723018237,0.0016353864723018237,0.0005059215679232564,0.20236862716930254,1.404737254338605,0.9999999999999999,0.8094745874404907,0.8094745086772099,7.876328078637584e-08,False,0.8514887094497681,0.7395936958339112,3.114746570587158,29,-0.1007330319178956,0.5292041400181395,0.03681921080819198,0.030596823032413206,0.031545071463499746,-0.10163559525140695,0.574203381847058,1.028589803182445,1.0354429604664128,1.0173620255284004,1.0408441116405716,1.0557580174927113,1.08125,1.0367624343527957
pretrained,29,2,106988.42752868973,0.039576778590247,0.03855378355590333,0.033495879707293036,0.06531947136820693,0.05079182174988756,0.4749837294220924,0.0004749837294220924,0.0005095502893839564,0.20382011575358255,1.407640231507165,1.0,0.8152804970741272,0.81528046301433,3.4059797204832876e-08,False,0.9480071067810059,0.8234285105601155,3.6347415447235107,30,-0.1033019343657153,0.4322293182568891,0.07108727150729724,0.04648261197975703,-0.10051818138786725,0.08570241981319018,0.568318494196449,1.0293303784225487,1.0479104071466634,1.0217829114307377,0.9565075212557227,0.9206075250258889,1.0710982658959536,1.0146007151370682
pretrained,29,3,104457.79734414484,-0.022571754023196666,-0.023653307586619876,-0.025743566636004023,0.0426755824599504,0.061993554554949884,0.5997395132269178,0.0005997395132269177,0.0005074030267340797,0.20296121069363188,1.4059224213872634,0.9999999999999998,0.8118448257446289,0.8118448427745268,1.7029897936282623e-08,False,0.884672224521637,0.7684165308056433,3.325164794921875,31,-0.10130429108228003,0.540404977010829,0.016128802405936365,0.03538438464914048,0.08917827318821633,-0.10165691961135184,0.5218647734395094,0.8883429458072976,0.9111819056684046,0.8713745250537601,0.9620512820512821,0.9591301087364079,1.0766324878575284,1.0555066079295152
pretrained,29,4,98273.68888407819,-0.058226353073172255,-0.05920198029537793,-0.06345637456102725,-0.017566361205369363,0.06428861791414976,0.5571487109575954,0.0005571487109575955,0.00047933486822460385,0.19173394728984156,1.383467894579683,0.9999999999999999,0.7669358253479004,0.766935789159366,3.618853439135705e-08,False,0.9624627232551575,0.835984499494583,3.7634012699127197,32,0.05817174246268611,0.5708109781678234,-0.09461985821170468,0.028704075941017676,0.17332776343183856,-0.09711408907813687,0.3607193872864757,0.8748807130139254,0.8987705690454519,0.8625624855383022,0.9506041222459132,0.9378420641125881,0.8997493734335839,0.9897050639955481
pretrained,29,5,105089.89290329847,0.07044532293864059,0.06935939921071399,0.0638015650187825,0.04843370530391611,0.04397002981005957,0.5129253135195802,0.0005129253135195802,0.0005020493801151004,0.20081975204604013,1.4016395040920802,0.9999999999999999,0.8032790422439575,0.8032790081841603,3.4059797204832876e-08,False,0.9889257550239563,0.8589699968378226,3.964365005493164,33,0.08364361950329371,0.32343412616423195,-0.09810421190091542,0.03594591894320079,0.18478098192385264,-0.10271554014512471,0.573015105511461,1.1268440206437376,1.154471978877262,1.1108063488991609,1.0661682242990655,1.0220925385577322,1.1103064066852368,1.0447005903851563
pretrained,29,6,106327.32018260106,0.013208748013007199,0.011774940911218224,0.007998588713494115,0.05950794369438506,0.06151299353949667,0.9108257229839052,0.0009108257229839053,0.0005052916998309749,0.20211667993239,1.4042333598647798,0.9999999999999998,0.8084666728973389,0.8084667197295596,4.6832220768067145e-08,False,1.0336642265319824,0.8978293394472657,4.3053059577941895,34,-0.12468068514551439,0.14032591666494096,-0.0774359947868756,0.1882909515074321,0.1208006345799991,0.17207978452954972,0.5806193926504679,1.0452818452385757,1.0675310126503827,1.0426107204951207,0.982468443197756,0.9755301794453507,1.0065228299046662,1.0306781485468246
pretrained,29,7,108377.07833493594,0.020439120763747765,0.019277812596186328,0.01548482142849457,0.07729566494722118,0.04605799648683097,0.6447971750582967,0.0006447971750582968,0.0004938983704362597,0.19755934817450388,1.3951186963490076,0.9999999999999999,0.7902373671531677,0.7902373926980153,2.554484757055775e-08,False,1.0007604360580444,0.8692494701742016,4.046200752258301,35,-0.10452583378979138,0.3222839837627751,0.03637582489422389,0.14741613024047442,0.12727448397449084,-0.0930335143847125,0.5642089253025395,1.0183883698313119,1.0599512631895773,1.0169313969075835,1.0549607423269096,1.023829431438127,1.175972083748754,1.0135770234986945
pretrained,29,8,117659.05790131593,0.0869266607706094,0.08564522783770134,0.06987971639351578,0.15008668449586848,0.058226063102630496,0.6768866287810462,0.0006768866287810462,0.0005027595667966775,0.201103826718671,1.4022076534373418,0.9999999999999999,0.8044153451919556,0.8044153068746835,3.831727202197044e-08,False,1.045072078704834,0.9077380739453407,4.397359371185303,36,-0.10757244271891458,0.21529804276568548,0.0960520144019808,0.22101415800196783,-0.09353138399975641,0.11213558273656027,0.5566040288124765,1.0551013292304916,1.0682486990147664,1.0238423367924046,1.11468200270636,1.0955492037566352,1.1479440440864774,1.0770221535291085
pretrained,29,9,116870.20091465984,-0.005635464413184521,-0.0067046005698747635,-0.009546281651767742,0.14434989229614392,0.07618978904086363,0.5943694817168372,0.0005943694817168373,0.00048140433749982296,0.19256173499992918,1.3851234699998582,0.9999999999999999,0.7702469229698181,0.7702469399997165,1.7029898380371833e-08,False,1.0380018949508667,0.9015969903645606,4.5302348136901855,37,-0.0983259922691754,0.03389639939580644,0.20034134920154298,0.16289361353431428,-0.09423574273075377,0.29578453834567753,0.4996458345225879,1.0700646851823017,1.0958744957492952,1.07574187376562,1.0303490136570561,1.039508013417816,0.9737813884785819,0.9787132265008371
pretrained,29,10,112999.2594123246,-0.03194433822629672,-0.033121715133884844,-0.032279987721322484,0.1150384478617813,0.059370865739197226,0.7253220837031092,0.0007253220837031093,0.0004916466453245709,0.19665865812982836,1.3933173162596566,0.9999999999999999,0.7866346836090088,0.7866346325193132,5.108969558520471e-08,False,0.9965260028839111,0.8655714882511734,4.108058452606201,38,-0.10626768054706712,-0.09039097758276124,0.27241192279117443,0.27338696537273266,0.03930275035755973,0.06535256175058227,0.5462044578577792,0.9607720184563087,0.9483673729353325,0.9771948490503586,0.9664212076583212,0.9602007888131946,0.943875616230565,0.9630987292277614
pretrained,29,11,110715.9844956555,-0.018534280784951118,-0.020206105142137387,-0.020569644022208913,0.09678805228052678,0.04638496881908787,1.2083245739340782,0.0012083245739340782,0.0004965234228542873,0.19860936914171495,1.3972187382834298,0.9999999999999999,0.7944374680519104,0.7944374765668596,8.514949190185916e-09,False,0.9999868869781494,0.8685775739804422,4.103277683258057,39,-0.09213268118245263,0.2986531843032155,0.04713398856776099,0.06633186233895164,0.23379869652645927,-0.10647668795926232,0.5526916374053275,0.972334225393994,0.9770852563241543,0.9539229191567941,1.0146296860713198,1.00336071695295,1.0297308155885898,0.9807155544278103
pretrained,29,12,113479.39363420065,0.026244777072170544,0.024959441503711544,0.019231353176573582,0.11878274286212087,0.055266748100410185,0.7632839312510832,0.0007632839312510832,0.0004899659646408899,0.19598638585635597,1.391972771712712,0.9999999999999999,0.7839454412460327,0.7839455434254239,1.0217939117040942e-07,False,0.8418563604354858,0.7312271437845732,3.0669350624084473,40,0.027070988235729065,0.5586359373160771,-0.09196524109159199,0.022060048101203766,0.04291822601641926,-0.10402114476476398,0.5453011861869267,1.1075456274694473,1.1179570958597118,1.1183717604729042,1.0432562331030337,1.0900632675846669,0.9914163090128755,0.9314359637774902
pretrained,29,13,121257.4746754902,0.070589024417536,0.06854179241001312,0.05320558318461003,0.1753085715530489,0.06640491012636016,1.420399659978492,0.0014203996599784921,0.0004936792887747288,0.1974717155098915,1.394943431019783,1.0,0.7898867726325989,0.789886862039566,8.940696716308594e-08,False,1.0239728689193726,0.8894115331806507,4.130684852600098,41,-0.09737055003643036,0.115897037088871,0.2648184821009636,0.16227572411298752,-0.10010116547346115,0.07474448531866074,0.5797359868884087,1.03712146290818,1.0565291374240031,1.0326546656799105,1.0463576158940397,0.9351314441789006,1.1279024006296734,1.0611111111111111
pretrained,29,14,120847.51553479386,-0.0019648212516722996,-0.003380897893457524,-0.005278201351799159,0.17251091545023556,0.04961090497971615,0.9248139847602164,0.0009248139847602164,0.0004950580133923463,0.19802320535693851,1.396046410713877,1.0,0.7920928001403809,0.7920928214277541,2.1287373197509396e-08,False,1.0316243171691895,0.8960574966875783,4.530731678009033,42,-0.11745410678642138,0.2896506461713995,-0.08056909857051714,0.25889849396688597,0.09192944797022001,0.06074759470564978,0.4967970225427832,0.9888633335144615,1.0141533291379978,0.9796166893478648,1.0192625206384152,0.910551296093465,1.0568736915561758,0.9814136125654451
pretrained,29,15,120010.78983092305,-0.005738468787753859,-0.006923813867153128,-0.008610443345069323,0.16674158931138794,0.05682234412443406,0.6895779791687215,0.0006895779791687216,0.000503319644236139,0.20132785769445558,1.402655715388911,1.0,0.8053114414215088,0.805311430777822,1.0643686820799303e-08,False,0.9553531408309937,0.8298091946636816,3.772090196609497,43,0.027073136929954805,0.48991239203938414,-0.09244679526558944,0.10590034111269883,0.08683771773108415,-0.10888106242886614,0.4916042698813336,1.026091448048592,1.0093070419373205,1.0316766856435173,1.0105291576673865,1.057337610264635,0.9290194783757015,0.9554547879434515
pretrained,29,16,118437.21795357867,-0.012077670336422486,-0.01311192001620276,-0.01386556904456201,0.15567081253804116,0.055895845424304605,0.5472137438399451,0.0005472137438399451,0.0005002283491194248,0.20009133964776993,1.4001826792955399,1.0,0.8003653287887573,0.8003653585910797,2.9802322387695312e-08,False,0.9372389912605286,0.8140754442580354,3.551755428314209,44,0.056027114391326904,0.42766398191452026,0.06388602405786514,0.07258987426757812,-0.08849038928747177,-0.11160095036029816,0.5799243450164795,1.0424386351216453,1.004133253410209,1.0662471630729378,0.9422922789206518,1.0401971937808114,0.9470504619758351,0.9678950307091011
pretrained,29,17,121780.32702545499,0.0290888932601987,0.0282268456625403,0.020954081147555502,0.17884930643109853,0.044488254910037446,0.3630407899618149,0.0003630407899618149,0.0004749906621873379,0.18999626487493515,1.3799925297498703,1.0,0.7599851489067078,0.7599850594997406,8.940696716308594e-08,False,0.91567462682724,0.7953448752997794,3.423386573791504,45,-0.07927229255437851,0.45362700521945953,0.04708802327513695,0.055377598851919174,0.06619000434875488,-0.11072397232055664,0.5677136331796646,1.0524253138754247,1.054036194252693,1.0270848634564504,0.9872412815423873,1.0051039008384979,1.121575984990619,1.0374963945774445
pretrained,29,18,123539.7443160644,0.015502971571103252,0.014447467284610438,0.008776049564524588,0.19054389699755458,0.05837082003862932,0.5424707947032792,0.0005424707947032792,0.000497460389243705,0.198984155697482,1.397968311394964,0.9999999999999999,0.7959365844726562,0.7959366227899278,3.831727157788123e-08,False,0.980014979839325,0.8512301958534909,3.968514919281006,46,0.03615405304091315,0.4997599114264761,-0.09588844435555596,0.15329462183373313,0.07032086593764167,-0.10309571134192605,0.4394547034587179,1.0054865027130322,0.9846774920370601,1.0193239990459473,1.0485353245261344,1.019949220166848,1.0441619270659084,1.0467055879899918
pretrained,29,19,122580.01306768176,-0.007108481418357515,-0.007768603162454868,-0.009138364649464107,0.1842063196323397,0.05601574568498419,0.16709720236914483,0.00016709720236914483,0.0004979717092854636,0.19918868371418547,1.3983773674283708,0.9999999999999998,0.796754777431488,0.7967547348567416,4.257474639501879e-08,False,0.9371904134750366,0.8140332501296709,3.5973329544067383,47,0.04333577464733804,0.5339885370007582,-0.10437930215682303,0.10279594521437371,0.04576179917369569,-0.09480938155736243,0.4733066276780196,1.0222140006378042,1.054929753081416,0.9992198688185272,0.9627499315256095,1.0142247510668565,1.0807433514899072,0.9436918990703851
pretrained,29,20,125120.36190746314,0.02137023960025841,0.020724005294229686,0.013767666581102646,0.20076957518746408,0.055911779480434874,0.14798546795334147,0.00014798546795334147,0.00048492785543203355,0.19397114217281342,1.3879422843456268,1.0,0.7758843898773193,0.7758845686912537,1.7881393432617188e-07,False,0.892902672290802,0.7755654069051259,3.303243398666382,48,0.05661135911941528,0.5472436361014843,-0.09144647046923637,0.054235801100730896,0.028044499456882477,-0.10252467170357704,0.5078358463943005,1.022748062827226,1.0116330078314992,1.0125485675873276,0.8998577524893313,0.9817671809256661,0.9866587607471095,1.0382775119617225
pretrained,29,21,131322.22564187,0.05050906179716841,0.04956718187079456,0.034693743525441134,0.23851427653449242,0.06101915643174421,0.4089772339378084,0.0004089772339378084,0.0004880187607237271,0.19520750428949085,1.3904150085789815,0.9999999999999999,0.7808300852775574,0.780830017157963,6.811959440966575e-08,False,0.9965051412582397,0.8655533680733482,4.030770301818848,49,0.05041188853127615,0.5584375384662832,-0.09387949375169619,0.06243523689252989,0.21194311710340635,-0.10132801053779467,0.31197972329599516,1.028990413717977,1.0399761864870785,1.0121727778274432,0.9920961112867532,1.1142857142857145,0.933293269230769,0.9915966386554621
pretrained,29,22,124754.08102741626,-0.04909625546506913,-0.05001548353563379,-0.04273693165051573,0.19842301609336732,0.052913424187812634,0.4867365046271256,0.0004867365046271256,0.0004804199149033854,0.19216796596135416,1.3843359319227084,1.0,0.7686718106269836,0.7686718638454169,5.3218433215818095e-08,False,0.8591457605361938,0.7462445259028833,3.13051438331604,50,0.04564250340419154,0.533427950793079,-0.09101831460637708,0.038356763177684355,0.022432311304977942,-0.10114965135497708,0.5523084372814213,0.9524308174608502,0.9468745137780623,0.9571047153564893,1.0296367112810707,0.9903846153846152,1.0135222150676113,0.9600874794969929
pretrained,29,23,130283.39511690117,0.04493196075774453,0.04432170910921762,0.031048609600181326,0.2324424773374103,0.05941703287723307,0.09057753533124924,9.057753533124924e-05,0.0004936039594135114,0.1974415837654046,1.3948831675308093,1.0,0.789766252040863,0.7897663350616186,8.302075560351341e-08,False,0.8409955501556396,0.7304794534755676,3.0704305171966553,51,0.05077365493135791,0.5687379770513092,-0.10113952229065556,0.020374906116298247,0.021584722080400992,-0.09630206147474904,0.5359703235860382,1.0691438500861281,1.0726581795633896,1.0583749337868538,1.0225936242649336,0.9190938511326862,1.0320838627700126,1.019362186788155
pretrained,29,24,129900.5853991898,-0.0023766443908722623,-0.0029382847857770678,-0.005378388199597119,0.23018052849649662,0.06232878717366866,0.05903768645865559,5.9037686458655595e-05,0.0005040992397282805,0.2016396958913122,1.4032793917826243,0.9999999999999999,0.8065587878227234,0.8065587835652486,4.257474817137563e-09,False,0.8457680940628052,0.7346248324426136,3.092608690261841,52,0.025489491011415205,0.5695971255855901,-0.10537420160004071,0.03282193892768451,0.03624697082809039,-0.09626549429127149,0.537484169538532,0.9916662901143084,1.0025358571630094,0.9627064136965677,0.9576271186440679,0.9838028169014084,1.0421668205601724,0.9972067039106144
pretrained,30,1,103814.3762426045,0.04019107154435275,0.038143762426045,0.034385452480689936,0.03674227386090212,0.04713642760424368,1.4596796865974153,0.0014596796865974154,0.0005104646299566541,0.20418585198266165,1.4083717039653234,1.0,0.8167432546615601,0.8167434079306468,1.5326908675561413e-07,False,0.9358693957328796,0.8128858286978408,3.563297748565674,30,-0.10356840544513293,0.44705034739204813,0.06294141656586102,0.04176456055470876,-0.10061744653752872,0.08392574584909848,0.5685037816209453,1.0293303784225487,1.0479104071466634,1.0217829114307377,0.9565075212557227,0.9206075250258889,1.0710982658959536,1.0146007151370682
pretrained,30,2,101400.02737924636,-0.02220938461928368,-0.023256401962248763,-0.02576551847703343,0.013806972398637707,0.056604340295380376,0.5640211674783911,0.0005640211674783911,0.0005073516802596195,0.2029406721038478,1.4058813442076956,0.9999999999999999,0.8117625713348389,0.8117626884153912,1.1708055236425707e-07,False,0.8797013163566589,0.7640988548334477,3.2947964668273926,31,-0.1013867964169809,0.5420257265546492,0.01613112379397663,0.03426687073494705,0.0842361490109137,-0.10155387568686691,0.5262808020093611,0.8883429458072976,0.9111819056684046,0.8713745250537601,0.9620512820512821,0.9591301087364079,1.0766324878575284,1.0555066079295152
pretrained,30,3,95498.52330448764,-0.05724338675194818,-0.05820022170888073,-0.06450258964718668,-0.04713661049145079,0.07118013514196363,0.5363163671323231,0.0005363163671323231,0.0004791321951363768,0.19165287805455072,1.3833057561091013,0.9999999999999999,0.7666114568710327,0.7666115122182027,5.534716995825306e-08,False,0.9555612206459045,0.8299899304945041,3.716080665588379,32,0.05489619874528476,0.5700822403388364,-0.0945516297859805,0.02752713539770671,0.16360219621232577,-0.09710124826857022,0.37554510736039703,0.8748807130139254,0.8987705690454519,0.8625624855383022,0.9506041222459132,0.9378420641125881,0.8997493734335839,0.9897050639955481
pretrained,30,4,102095.77781310109,0.07016908010110967,0.06908226724698929,0.06526667094667644,0.020527565958091465,0.047950110057316156,0.5149873995355198,0.0005149873995355197,0.0005010810946779592,0.2004324378711837,1.4008648757423674,0.9999999999999999,0.8017297983169556,0.8017297514847348,4.6832220768067145e-08,False,0.9889526963233948,0.8589933977531854,3.9618330001831055,33,0.08304009054388317,0.32136810038770947,-0.09773468013320652,0.03620297674621853,0.18615171526159557,-0.10269775773797718,0.5736695549317768,1.1268440206437376,1.154471978877262,1.1108063488991609,1.0661682242990655,1.0220925385577322,1.1103064066852368,1.0447005903851563
pretrained,30,5,103276.7757040332,0.012997017298989277,0.011567548788296467,0.008464626540703544,0.031728098419955164,0.054718118423203094,0.9076396163020817,0.0009076396163020816,0.000504485017486981,0.2017940069947924,1.4035880139895849,1.0,0.8071760535240173,0.8071760279791698,2.554484757055775e-08,False,1.0329796075820923,0.8972346869829784,4.299286365509033,34,-0.12486364373138975,0.1383828999740737,-0.07693036326340266,0.19001476785966329,0.12322084179946355,0.16905404946633748,0.5811214478952544,1.0452818452385757,1.0675310126503827,1.0426107204951207,0.982468443197756,0.9755301794453507,1.0065228299046662,1.0306781485468246
pretrained,30,6,105247.35056536958,0.02023046456814992,0.019080522681919954,0.015963966670718404,0.049857317425871184,0.04330504670395231,0.6353238554937498,0.0006353238554937499,0.0004924511776438782,0.1969804710575513,1.3939609421151025,0.9999999999999999,0.7879219651222229,0.7879218842302049,8.089201797290002e-08,False,1.0037707090377808,0.8718641600624456,4.064953804016113,35,-0.1039457145546164,0.31399841127651074,0.037430121430328894,0.15083840010421615,0.12998884437339644,-0.09303475650293488,0.564724693873099,1.0183883698313119,1.0599512631895773,1.0169313969075835,1.0549607423269096,1.023829431438127,1.175972083748754,1.0135770234986945
pretrained,30,7,114259.17435800449,0.08691234096445677,0.0856251843321949,0.0720974671855639,0.12479675648037403,0.056839437378779084,0.6828038117715292,0.0006828038117715292,0.0005021301816616739,0.20085207266466956,1.401704145329339,1.0,0.8034082651138306,0.8034082906586781,2.554484757055775e-08,False,1.044975757598877,0.9076544104957247,4.391541481018066,36,-0.10745039901563097,0.20685735770634242,0.09926084109715053,0.22754136153629848,-0.09340167364903859,0.10983346828392573,0.5573590440409524,1.0551013292304916,1.0682486990147664,1.0238423367924046,1.11468200270636,1.0955492037566352,1.1479440440864774,1.0770221535291085
pretrained,30,8,113549.6250912607,-0.005149476800205832,-0.006209998196911259,-0.009392348390566217,0.11932778360448804,0.07846751029360449,0.5849875169140952,0.0005849875169140952,0.0004815918712743691,0.19263674850974766,1.385273497019495,0.9999999999999999,0.7705470323562622,0.7705469940389902,3.831727202197044e-08,False,1.0383851528167725,0.9019298839171784,4.538548946380615,37,-0.0982083369578634,0.03286236631018774,0.2041363503251757,0.16681569176060812,-0.09442841155188425,0.28820965545518057,0.5006126846585954,1.0700646851823017,1.0958744957492952,1.07574187376562,1.0303490136570561,1.039508013417816,0.9737813884785819,0.9787132265008371
pretrained,30,9,109796.96571092113,-0.031883632507499704,-0.03304862853861068,-0.03304072173267101,0.08922801871151032,0.05881913679386575,0.7123871733035361,0.0007123871733035361,0.0004917010851204395,0.1966804340481758,1.3933608680963516,1.0,0.7867217659950256,0.7867217361927032,2.9802322387695312e-08,False,0.9957196712493896,0.8648711174922599,4.103824615478516,38,-0.10563184693455696,-0.09104858711361885,0.27287692204117775,0.2756003774702549,0.03926696628332138,0.06335053220391273,0.545585636049509,0.9607720184563087,0.9483673729353325,0.9771948490503586,0.9664212076583212,0.9602007888131946,0.943875616230565,0.9630987292277614
pretrained,30,10,107596.5550536829,-0.018375001289982373,-0.02004072373941168,-0.02090333127516257,0.07060221444722603,0.04555054021756569,1.2018677241035869,0.001201867724103587,0.0004964766917484148,0.19859067669936592,1.3971813533987318,0.9999999999999999,0.7943626046180725,0.7943627067974637,1.0217939117040942e-07,False,1.002955436706543,0.8711560235130356,4.123242378234863,39,-0.09189225892935482,0.29062025834407124,0.04849609200443539,0.06909629542912754,0.23758501399840626,-0.1066984177700111,0.5527930169233254,0.972334225393994,0.9770852563241543,0.9539229191567941,1.0146296860713198,1.00336071695295,1.0297308155885898,0.9807155544278103
pretrained,30,11,110289.47619081334,0.026328072758892818,0.025027949415172834,0.02022141979184373,0.09329517689440614,0.04943085310672757,0.777639486427818,0.0007776394864278181,0.0004899352336568492,0.1959740934627397,1.391948186925479,0.9999999999999998,0.7838963270187378,0.7838963738509581,4.6832220323977936e-08,False,0.8433969020843506,0.7325652412590614,3.0738654136657715,40,0.027361083509666567,0.5577695944479533,-0.09169274036373412,0.022390376510364657,0.04368435006056512,-0.10428135309900557,0.5447686889341898,1.1075456274694473,1.1179570958597118,1.1183717604729042,1.0432562331030337,1.0900632675846669,0.9914163090128755,0.9314359637774902
pretrained,30,12,117826.89973099115,0.07039632500093562,0.06834218277668858,0.0542207243358908,0.15129736733879506,0.07562932216996249,1.4275497618530477,0.0014275497618530478,0.0004933422484568188,0.19733689938272753,1.394673798765455,0.9999999999999999,0.7893476486206055,0.7893475975309099,5.108969558520471e-08,False,1.022749662399292,0.8883490694968526,4.12376070022583,41,-0.09726491676909585,0.11237704647438865,0.26603738112109043,0.16631985349314551,-0.10007198261363168,0.07312351358788352,0.5794791047062193,1.03712146290818,1.0565291374240031,1.0326546656799105,1.0463576158940397,0.9351314441789006,1.1279024006296734,1.0611111111111111
pretrained,30,13,117409.24542847928,-0.0021274012834994194,-0.003544643060841124,-0.005907087034507507,0.14827831798888658,0.0577607536919804,0.9263344758323261,0.0009263344758323261,0.0004949383011886052,0.19797532047544208,1.3959506409508842,1.0,0.7919012904167175,0.7919012819017683,8.514949190185916e-09,False,1.0323234796524048,0.8966647815044066,4.5410847663879395,42,-0.11755016712205751,0.28188646318657057,-0.08042515335338457,0.2661484825823988,0.09375720950109617,0.0600546013031687,0.4961285639022078,0.9888633335144615,1.0141533291379978,0.9796166893478648,1.0192625206384152,0.910551296093465,1.0568736915561758,0.9814136125654451
pretrained,30,14,116622.80075102414,-0.005505353408592151,-0.006698319834907762,-0.00842702863712903,0.142534741439728,0.05366904175940898,0.6971796367849623,0.0006971796367849624,0.000503110909568412,0.2012443638273648,1.4024887276547295,1.0,0.804977536201477,0.8049774553094591,8.089201797290002e-08,False,0.9594953060150146,0.8334070336287858,3.807643175125122,43,0.027403420635632086,0.4855226938213621,-0.09203924345118661,0.11018030984061103,0.08851447595017295,-0.10920512037617819,0.4896234635795866,1.026091448048592,1.0093070419373205,1.0316766856435173,1.0105291576673865,1.057337610264635,0.9290194783757015,0.9554547879434515
pretrained,30,15,115091.69451165808,-0.012088060076574259,-0.013128704074212738,-0.013987754649093005,0.1311275724603167,0.05161171339363416,0.5542368526969637,0.0005542368526969637,0.0004996956246239799,0.199878249849592,1.3997564996991838,0.9999999999999998,0.7995129227638245,0.7995129993983676,7.663454315576246e-08,False,0.9408020973205566,0.8171703188586478,3.5737295150756836,44,0.057182064013821726,0.42258685241852484,0.06504222165260995,0.0751853303185531,-0.08801071186150825,-0.11186753798808374,0.5798817814460822,1.0424386351216453,1.004133253410209,1.0662471630729378,0.9422922789206518,1.0401971937808114,0.9470504619758351,0.9678950307091011
pretrained,30,16,118315.55033368188,0.02887778409035735,0.028011194341197587,0.02112726495342007,0.15480256214865307,0.05095449469832596,0.36823462588446476,0.00036823462588446475,0.0004743872263601848,0.18975489054407393,1.3795097810881478,1.0,0.7590195536613464,0.7590195621762956,8.514949190185916e-09,False,0.9185237288475037,0.7978195738713392,3.440883159637451,45,-0.07878608735544343,0.45016697315233095,0.047531730362347174,0.05715577570455413,0.0676277455474649,-0.1109688031886305,0.5672726657773768,1.0524253138754247,1.054036194252693,1.0270848634564504,0.9872412815423873,1.0051039008384979,1.121575984990619,1.0374963945774445
pretrained,30,17,120041.82263350453,0.015652810458961275,0.014590409248438574,0.009231845890432239,0.16695700043386974,0.058451847895688684,0.5492881461977959,0.0005492881461977958,0.000497287256377084,0.1989149025508336,1.397829805101667,0.9999999999999999,0.795659601688385,0.7956596102033342,8.514949190185916e-09,False,0.9839191436767578,0.8546213094755776,4.00665283203125,46,0.036712131329945136,0.496431260236672,-0.09551663803202767,0.15851183129208427,0.07158271861927848,-0.10339826451880593,0.43567696107285364,1.0054865027130322,0.9846774920370601,1.0193239990459473,1.0485353245261344,1.019949220166848,1.0441619270659084,1.0467055879899918
pretrained,30,18,119100.02934183493,-0.007181816597262469,-0.007845543086637097,-0.00925514358336119,0.1603696443013879,0.053355749017586836,0.17099033296108251,0.00017099033296108252,0.0004977609642914364,0.19910438571657457,1.398208771433149,1.0,0.7964174747467041,0.7964175428662981,6.811959396557654e-08,False,0.9412045478820801,0.8175198829748648,3.626028299331665,47,0.04408207429306846,0.5318604101027762,-0.1040469716702189,0.10672296477215629,0.04640675229685645,-0.09505741404635568,0.47003218425171717,1.0222140006378042,1.054929753081416,0.9992198688185272,0.9627499315256095,1.0142247510668565,1.0807433514899072,0.9436918990703851
pretrained,30,19,121539.48600921984,0.02113390740824017,0.020482418693477333,0.013621112797038534,0.17722212522427394,0.06462736251695031,0.15313217682497815,0.00015313217682497816,0.000485076607604112,0.1940306430416448,1.3880612860832893,0.9999999999999998,0.7761226296424866,0.7761225721665785,5.747590803295566e-08,False,0.8958711624145508,0.7781438046657827,3.3202919960021973,48,0.05773830014680112,0.5460892950317688,-0.09120761257197177,0.05598232868526662,0.02834691639457429,-0.10282303046967303,0.5058738027832337,1.022748062827226,1.0116330078314992,1.0125485675873276,0.8998577524893313,0.9817671809256661,0.9866587607471095,1.0382775119617225
pretrained,30,20,127614.78059055307,0.050936895559789086,0.04998617964265839,0.03616363446060941,0.21639170997875234,0.06011900587737977,0.41699783876538266,0.0004169978387653827,0.00048804813197680886,0.19521925279072355,1.390438505581447,0.9999999999999999,0.7808769345283508,0.780877011162894,7.663454315576246e-08,False,0.9989620447158813,0.8676874073017936,4.049445152282715,49,0.051232201712472086,0.5579621770552226,-0.09378206197704589,0.06427748288427079,0.21529195989881242,-0.10143719081367766,0.30645543123994556,1.028990413717977,1.0399761864870785,1.0121727778274432,0.9920961112867532,1.1142857142857145,0.933293269230769,0.9915966386554621
pretrained,30,21,121238.80841374294,-0.04903454906518945,-0.04996264654693239,-0.043870599990614004,0.17518159978332015,0.053209795903636295,0.49659032693931027,0.0004965903269393102,0.0004798391168670995,0.19193564674683983,1.3838712934936797,0.9999999999999999,0.7677425146102905,0.7677425869873593,7.23770687827141e-08,False,0.8606017827987671,0.7475092107712109,3.1367549896240234,50,0.04610850129808697,0.5327134004661015,-0.09081095244203297,0.039098957819598046,0.022547798497336236,-0.10112469430480686,0.551466988665717,0.9524308174608502,0.9468745137780623,0.9571047153564893,1.0296367112810707,0.9903846153846152,1.0135222150676113,0.9600874794969929
pretrained,30,22,126614.47457202847,0.04495160289911215,0.04433948360776019,0.03167755537582225,0.21020088470918097,0.0668345910007713,0.09241977919425282,9.241977919425282e-05,0.0004935390781611203,0.19741563126444817,1.3948312625288963,1.0,0.7896625995635986,0.7896625250577927,7.450580596923828e-08,False,0.8422263860702515,0.7315485439672561,3.075678825378418,51,0.05150727741420269,0.5687288176268339,-0.10108663327991962,0.020561611279845238,0.021771367639303207,-0.09632899798452854,0.5348465573042631,1.0691438500861281,1.0726581795633896,1.0583749337868538,1.0225936242649336,0.9190938511326862,1.0320838627700126,1.019362186788155
pretrained,30,23,126238.96302935824,-0.002403028203449842,-0.0029657868418243583,-0.005312495539689007,0.20785154123339944,0.05926304127814955,0.060222443725381686,6.022244372538169e-05,0.000504050949322326,0.20162037972893038,1.4032407594578609,1.0,0.8064815402030945,0.8064815189157217,2.1287372753420186e-08,False,0.8468912839889526,0.7356004228167239,3.0972840785980225,52,0.025639283337763358,0.5695011567856585,-0.10532986106617112,0.03326383126633506,0.03661236433046203,-0.09629051866275926,0.5366037440087115,0.9916662901143084,1.0025358571630094,0.9627064136965677,0.9576271186440679,0.9838028169014084,1.0421668205601724,0.9972067039106144
pretrained,30,24,127804.06041737823,0.012955547349775554,0.012397894837396617,0.006935591320156866,0.21755224620075975,0.05530227294406884,0.05106355090226444,5.106355090226444e-05,0.0004996082625750984,0.1998433050300394,1.3996866100600787,0.9999999999999999,0.7993733286857605,0.7993732201201573,1.0856560317407116e-07,False,0.8515154719352722,0.7396169414334641,3.1100502014160156,53,0.04248352588287421,0.5742770569132907,-0.10141822828778199,0.02559881338051387,0.03144536779395171,-0.0984250767422574,0.5260385410594088,1.0436129187650538,1.0069045203783964,1.0537813804467038,1.0290771175726925,1.0293486041517539,0.9503839338452451,1.0114845938375352
pretrained,31,1,97548.741683053,-0.0224938097190287,-0.024512583169470026,-0.028176960040997998,-0.025128548812155982,0.06096822457684034,1.5605017808931214,0.0015605017808931214,0.0005068620467292411,0.20274481869169647,1.405489637383393,0.9999999999999999,0.8109793066978455,0.8109792747667859,3.193105957421949e-08,False,0.8819878101348877,0.7660848780950295,3.305534839630127,31,-0.10164979073618141,0.5430849793234042,0.015956560415881005,0.03640688609864029,0.08441619601632866,-0.10109502795551506,0.5228801968374422,0.8883429458072976,0.9111819056684046,0.8713745250537601,0.9620512820512821,0.9591301087364079,1.0766324878575284,1.0555066079295152
pretrained,31,2,91749.1080692837,-0.05846667870130895,-0.059453699901255264,-0.06841898524587142,-0.0899288516732577,0.07237364769539388,0.5696073578936712,0.0005696073578936713,0.0004792550592018026,0.19170202368072103,1.383404047361442,0.9999999999999999,0.7668082118034363,0.7668080947228839,1.1708055236425707e-07,False,0.9638632535934448,0.8372009846898956,3.7708420753479004,32,0.057606409969074374,0.5719969381711312,-0.09503493857170855,0.029701949762446528,0.17662377256367887,-0.09666708510901248,0.35577295321438995,0.8748807130139254,0.8987705690454519,0.8625624855383022,0.9506041222459132,0.9378420641125881,0.8997493734335839,0.9897050639955481
pretrained,31,3,98196.35142252465,0.07132675582364345,0.07027036544455956,0.06914651868109348,-0.018367775903551653,0.04829114177225155,0.48469239526561314,0.00048469239526561315,0.0005018521366374835,0.20074085465499336,1.4014817093099867,0.9999999999999999,0.8029634952545166,0.8029634186199734,7.663454315576246e-08,False,0.981854259967804,0.8528277742744363,3.927804470062256,33,0.07448755045022282,0.33868957151259693,-0.09850310693894115,0.03345576886619839,0.1844530760177544,-0.10223774771605221,0.5696548878082207,1.1268440206437376,1.154471978877262,1.1108063488991609,1.0661682242990655,1.0220925385577322,1.1103064066852368,1.0447005903851563
pretrained,31,4,99347.22421268436,0.013158776516677406,0.011720117636628613,0.00845218052239757,-0.006570649482044555,0.06689891798219058,0.9159037885921342,0.0009159037885921342,0.0005050790921917983,0.20203163687671935,1.4040632737534386,1.0,0.8081266283988953,0.8081265475068773,8.089201797290002e-08,False,1.0355485677719116,0.8994660574523138,4.313253879547119,34,-0.12341557549578802,0.1416791443313871,-0.07861606138093133,0.19226942104952674,0.121414734848908,0.16705267769949775,0.5796156589473997,1.0452818452385757,1.0675310126503827,1.0426107204951207,0.982468443197756,0.9755301794453507,1.0065228299046662,1.0306781485468246
pretrained,31,5,101263.22858011987,0.02042900010027693,0.019285937605399983,0.016700525066173588,0.012474701802741683,0.046896524372253015,0.627404588673796,0.000627404588673796,0.0004934016508715493,0.19736066034861977,1.3947213206972395,0.9999999999999999,0.7894425392150879,0.7894426413944791,1.0217939117040942e-07,False,1.0037189722061157,0.871819222021439,4.078618049621582,35,-0.10442716787968365,0.3139085977205208,0.03531341467584881,0.15557139207209858,0.12996969212378773,-0.09293349246893612,0.5625975637563637,1.0183883698313119,1.0599512631895773,1.0169313969075835,1.0549607423269096,1.023829431438127,1.175972083748754,1.0135770234986945
pretrained,31,6,109976.89340421233,0.0873416958209774,0.08604964453802855,0.075123014866182,0.09071808718530505,0.0624074103276273,0.6869277230330876,0.0006869277230330875,0.0005020449310541153,0.20081797242164612,1.4016359448432922,1.0,0.8032718896865845,0.8032718896865845,0.0,False,1.0445785522460938,0.9073094023099324,4.394569396972656,36,-0.10772392898797989,0.2036256566643715,0.09704836457967758,0.23428290337324142,-0.09309404343366623,0.11008390784263611,0.5557771399617195,1.0551013292304916,1.0682486990147664,1.0238423367924046,1.11468200270636,1.0955492037566352,1.1479440440864774,1.0770221535291085
pretrained,31,7,109304.75081619703,-0.005051443450551418,-0.006111670981147621,-0.009621888939607049,0.08512668247918675,0.08060968466977503,0.5842225626111031,0.0005842225626111031,0.00048195600509643555,0.19278240203857422,1.3855648040771484,1.0,0.7711295485496521,0.7711296081542969,5.960464477539063e-08,False,1.0394623279571533,0.9028655063562,4.558503150939941,37,-0.0982731319963932,0.032313957810401917,0.20291108265519142,0.17234397307038307,-0.09450927004218102,0.2868816740810871,0.4983317144215107,1.0700646851823017,1.0958744957492952,1.07574187376562,1.0303490136570561,1.039508013417816,0.9737813884785819,0.9787132265008371
pretrained,31,8,105692.01157156019,-0.03188988114501856,-0.03305198738078552,-0.03397811480913579,0.053854699961939256,0.05412264583776576,0.7095247294221605,0.0007095247294221605,0.0004915827273258141,0.19663309093032566,1.393266181860651,0.9999999999999999,0.7865322828292847,0.7865323637213022,8.089201752881081e-08,False,0.995963454246521,0.8650828647131319,4.109272003173828,38,-0.10492954296725138,-0.09170354796307428,0.2697130601320948,0.28134904908282415,0.03908678995711462,0.06279322611434118,0.5436909656439508,0.9607720184563087,0.9483673729353325,0.9771948490503586,0.9664212076583212,0.9602007888131946,0.943875616230565,0.9630987292277614
pretrained,31,9,103599.15262146048,-0.018137706304817036,-0.019801486592794237,-0.02124197271143695,0.034741139578731706,0.042568246564588,1.1991859759603227,0.0011991859759603227,0.0004967662399368627,0.1987064959747451,1.3974129919494902,0.9999999999999999,0.7948260307312012,0.7948259838989804,4.6832220768067145e-08,False,1.0056543350219727,0.8735002568042538,4.148877143859863,39,-0.09174482684050289,0.2859308480152062,0.04781986240829739,0.07340415407504353,0.24068478335227284,-0.10696166913424221,0.5508668481239251,0.972334225393994,0.9770852563241543,0.9539229191567941,1.0146296860713198,1.00336071695295,1.0297308155885898,0.9807155544278103
pretrained,31,10,106219.24413655535,0.02660193690475765,0.025290665500599108,0.02070602577233404,0.058551011044287726,0.06207691386443958,0.7876962034830025,0.0007876962034830025,0.0004904131684452295,0.1961652673780918,1.3923305347561836,1.0,0.784661054611206,0.7846610695123672,1.4901161193847656e-08,False,0.8461048603057861,0.7349173438846494,3.085897207260132,40,0.027897926047444344,0.5575358290225267,-0.09180396609008312,0.023076117038726807,0.04476758651435375,-0.10436130128800869,0.5428878087550402,1.1075456274694473,1.1179570958597118,1.1183717604729042,1.0432562331030337,1.0900632675846669,0.9914163090128755,0.9314359637774902
pretrained,31,11,113467.1002764889,0.07029895896200711,0.06823486835036885,0.05672113635937788,0.11868726920555106,0.06830243603770907,1.436937393354518,0.001436937393354518,0.0004934424082083361,0.19737696328333448,1.3947539265666689,0.9999999999999999,0.7895078659057617,0.7895078531333377,1.277242400732348e-08,False,1.0222980976104736,0.8879568453048413,4.124931812286377,41,-0.09711484823908126,0.10910960819040025,0.26428574110780445,0.1730956413916179,-0.10026211504425322,0.07188728983913148,0.5789986827543803,1.03712146290818,1.0565291374240031,1.0326546656799105,1.0463576158940397,0.9351314441789006,1.1279024006296734,1.0611111111111111
pretrained,31,12,113055.04135644106,-0.00221441542120393,-0.0036315277207558117,-0.005757038924971425,0.11547509248420862,0.05089724407257968,0.9263086318969727,0.0009263086318969727,0.0004949582288307804,0.19798329153231217,1.3959665830646242,0.9999999999999999,0.7919332385063171,0.7919331661292484,7.23770687827141e-08,False,1.0338562726974487,0.8979961486271312,4.5628662109375,42,-0.11757799450840273,0.2725713678768703,-0.08040529702390944,0.27661730136190144,0.09590878124747956,0.0597158053091594,0.4931700357369014,0.9888633335144615,1.0141533291379978,0.9796166893478648,1.0192625206384152,0.910551296093465,1.0568736915561758,0.9814136125654451
pretrained,31,13,112334.87479927973,-0.005166947199056859,-0.006370052573690832,-0.008648248359534167,0.10980450035057876,0.05955312451808617,0.7068137377500534,0.0007068137377500535,0.0005032721640808243,0.20130886563232972,1.4026177312646593,0.9999999999999998,0.8052355051040649,0.8052354625293185,4.257474639501879e-08,False,0.9651830792427063,0.8383473706829928,3.858527660369873,43,0.027810131864888316,0.48059011037860594,-0.09179242913212096,0.11707544113908494,0.09016854103122438,-0.10951643650020876,0.485664641218526,1.026091448048592,1.0093070419373205,1.0316766856435173,1.0105291576673865,1.057337610264635,0.9290194783757015,0.9554547879434515
pretrained,31,14,110847.16187890545,-0.012194123605677398,-0.013243553464874824,-0.014419649399028551,0.09785692024082115,0.04944138578541891,0.5636508358376366,0.0005636508358376367,0.0004992986044713429,0.19971944178853718,1.3994388835770741,0.9999999999999999,0.7988777756690979,0.7988777671541483,8.514949634275126e-09,False,0.9443534016609192,0.8202549426158048,3.596167802810669,44,0.0582567166004862,0.4176695133958544,0.06556272613150732,0.07854216652257101,-0.08768772227423532,-0.11203171951430185,0.5796883191381181,1.0424386351216453,1.004133253410209,1.0662471630729378,0.9422922789206518,1.0401971937808114,0.9470504619758351,0.9678950307091011
pretrained,31,15,113926.92391602226,0.028654600327589597,0.027783860090899726,0.022207291102899308,0.1222443601328872,0.04360297578333472,0.3728108054825237,0.00037281080548252373,0.00047403222482119285,0.18961288992847716,1.3792257798569543,1.0,0.7584515810012817,0.7584515597139085,2.1287373197509396e-08,False,0.9210906028747559,0.800049132322892,3.457782745361328,45,-0.0782952282045569,0.44720366863267763,0.04765521255987029,0.059615551361015845,0.06846946743982177,-0.11131766172392027,0.5666689899350916,1.0524253138754247,1.054036194252693,1.0270848634564504,0.9872412815423873,1.0051039008384979,1.121575984990619,1.0374963945774445
pretrained,31,16,115607.49774077324,0.015824762219591504,0.014751331528882083,0.010121474075915448,0.13500419995050783,0.05276731483410369,0.559878700545856,0.000559878700545856,0.0004973885390375342,0.19895541561501368,1.3979108312300275,1.0,0.7958217263221741,0.7958216624600549,6.386211914843898e-08,False,0.9888274669647217,0.8588846249142974,4.056692600250244,46,0.03747511335781642,0.49284458958676886,-0.0953506673020976,0.16622722947171756,0.07267296367457934,-0.10360474831291608,0.4297355195241315,1.0054865027130322,0.9846774920370601,1.0193239990459473,1.0485353245261344,1.019949220166848,1.0441619270659084,1.0467055879899918
pretrained,31,17,114695.93495372703,-0.007215973078598781,-0.007884979822763816,-0.009786449513876168,0.12812951879816803,0.05823536723072733,0.1763315850070544,0.0001763315850070544,0.0004977649343865259,0.19910597375461037,1.3982119475092207,0.9999999999999999,0.7964239120483398,0.7964238950184415,1.7029898380371833e-08,False,0.9462994337081909,0.8219452445752788,3.6644365787506104,47,0.045120416475193825,0.5296087249049118,-0.10391295860920635,0.11233829547251972,0.046958396477358666,-0.09519301514540401,0.4650801404246262,1.0222140006378042,1.054929753081416,0.9992198688185272,0.9627499315256095,1.0142247510668565,1.0807433514899072,0.9436918990703851
pretrained,31,18,117005.68873652925,0.020797146840856318,0.020138061420695186,0.014181535806007808,0.1453407002699012,0.06059291331450729,0.16024386563471402,0.00016024386563471402,0.00048562224555228446,0.1942488982209138,1.3884977964418277,1.0,0.7769955396652222,0.7769955928836554,5.3218433215818095e-08,False,0.8996540904045105,0.7814296141687365,3.342636823654175,48,0.05913875704365115,0.5449808173413788,-0.09118692497057576,0.05846010228352885,0.02858361495392661,-0.10306197325033803,0.5030856065984284,1.022748062827226,1.0116330078314992,1.0125485675873276,0.8998577524893313,0.9817671809256661,0.9866587607471095,1.0382775119617225
pretrained,31,19,122899.60126421541,0.05133225331236879,0.050372871535827146,0.03786749917333503,0.18632771000602977,0.06239021125587066,0.4245879921529975,0.0004245879921529975,0.0004883677139878273,0.19534708559513092,1.3906941711902618,1.0,0.7813882827758789,0.7813883423805237,5.960464477539063e-08,False,1.0021111965179443,0.8704227258024169,4.072031497955322,49,0.05252727121114731,0.5576605722308159,-0.09380654245615005,0.06695382297039032,0.21818270534276962,-0.10154054313898087,0.3000227138400078,1.028990413717977,1.0399761864870785,1.0121727778274432,0.9920961112867532,1.1142857142857145,0.933293269230769,0.9915966386554621
pretrained,31,20,116768.17330258504,-0.0489511525361388,-0.04988973030472843,-0.04516758969060128,0.14360225760433154,0.048842745778060956,0.5079223375235286,0.0005079223375235286,0.00047945198203836175,0.19178079281534471,1.3835615856306895,1.0,0.7671231031417847,0.7671231712613791,6.811959440966575e-08,False,0.862477719783783,0.7491386289331922,3.145256996154785,50,0.046753673681191016,0.5318866845752512,-0.09074355395776887,0.040126635559967566,0.022596209176949072,-0.10103723885757585,0.5504175898219859,0.9524308174608502,0.9468745137780623,0.9571047153564893,1.0296367112810707,0.9903846153846152,1.0135222150676113,0.9600874794969929
pretrained,31,21,121949.01824848774,0.044983443402542234,0.04436863915373079,0.0335049751751124,0.17998519843565797,0.05755931312428047,0.0945825097816331,9.458250978163311e-05,0.0004939293754952296,0.1975717501980918,1.3951435003961836,0.9999999999999999,0.7902870178222656,0.7902870007923672,1.7029898380371833e-08,False,0.843805193901062,0.7329198790250694,3.083132266998291,51,0.052543675793068734,0.5687362572976521,-0.10118619139705387,0.020832054583089676,0.021935127941625443,-0.09638555880103794,0.5335246345826558,1.0691438500861281,1.0726581795633896,1.0583749337868538,1.0225936242649336,0.9190938511326862,1.0320838627700126,1.019362186788155
pretrained,31,22,121582.77275467914,-0.00243859906835453,-0.0030032672592928966,-0.005770829378944503,0.17751505633308173,0.06601374552736539,0.061726050717489905,6.172605071748991e-05,0.0005044827716691153,0.20179310866764616,1.403586217335292,0.9999999999999998,0.807172417640686,0.807172434670584,1.7029897936282623e-08,False,0.8483803272247314,0.736893789337952,3.1040732860565186,52,0.025906653808695917,0.5694438272288866,-0.10541219477142608,0.03398625339780534,0.03690833758030618,-0.09638091389622008,0.5355480366519518,0.9916662901143084,1.0025358571630094,0.9627064136965677,0.9576271186440679,0.9838028169014084,1.0421668205601724,0.9972067039106144
pretrained,31,23,123093.46938432814,0.012983972702725,0.01242525232334657,0.0073717843032592035,0.18760921679950904,0.05444752326336202,0.05199598308120454,5.199598308120454e-05,0.0004997151345014571,0.19988605380058289,1.3997721076011658,1.0,0.7995441555976868,0.7995442152023315,5.960464477539063e-08,False,0.8527390360832214,0.7406797157488821,3.1154301166534424,53,0.04306931048631668,0.5743027850985527,-0.1014358177781105,0.02588389441370964,0.03166448697447777,-0.09845023602247238,0.5249655768275261,1.0436129187650538,1.0069045203783964,1.0537813804467038,1.0290771175726925,1.0293486041517539,0.9503839338452451,1.0114845938375352
pretrained,31,24,115297.59313245383,-0.06278870602763842,-0.06333298013994282,-0.05728382771202471,0.13267920619019302,0.047076342054173916,0.08205325156450272,8.205325156450272e-05,0.0004988533351570367,0.1995413340628147,1.3990826681256294,1.0,0.7981652021408081,0.7981653362512589,1.341104507446289e-07,False,0.8119902610778809,0.705285779490609,2.9539127349853516,54,0.02516484260559082,0.5678571369498968,-0.10249661095440388,0.021934749558568,0.019997915253043175,-0.09704472310841084,0.5645866896957159,0.9298536593307981,0.8801916899722919,0.9556161965613983,0.9324324324324325,0.9551460361613352,0.8760099440646364,0.9872611464968152
pretrained,32,1,94058.64793981702,-0.05768716240021121,-0.059413520601829806,-0.06655297188877182,-0.06316646252436597,0.06773018728811687,1.3528802756752287,0.0013528802756752288,0.0004808435668902738,0.19233742675610954,1.384674853512219,0.9999999999999999,0.7693497538566589,0.7693497070244382,4.6832220768067145e-08,False,0.9631351232528687,0.8365685387118584,3.7787892818450928,32,0.0586928113230637,0.5655868745275906,-0.09404273863349644,0.028633049024002877,0.17162388030971798,-0.0982946881226131,0.3678008115717343,0.8748807130139254,0.8987705690454519,0.8625624855383022,0.9506041222459132,0.9378420641125881,0.8997493734335839,0.9897050639955481
pretrained,32,2,100327.81165896446,0.0677901873081268,0.0666516461427209,0.0636338547343258,0.003267405652968569,0.056000268860174854,0.5661138817667961,0.0005661138817667961,0.0005007142280893667,0.2002856912357467,1.4005713824714934,0.9999999999999999,0.801142692565918,0.8011427649429868,7.23770687827141e-08,False,1.0015435218811035,0.8699296498778241,4.03826379776001,33,0.0964292495378426,0.2904781981238297,-0.09726601998720852,0.04158182655061993,0.1955832972058228,-0.10301967124853817,0.5762131198176316,1.1268440206437376,1.154471978877262,1.1108063488991609,1.0661682242990655,1.0220925385577322,1.1103064066852368,1.0447005903851563
pretrained,32,3,100696.45355424915,0.0055102848492771805,0.0036743739267210973,0.0003841771892508176,0.0069163662638221934,0.06529566843205613,1.318642983479159,0.001318642983479159,0.0005088758814547743,0.2035503525819097,1.4071007051638194,1.0,0.8142013549804688,0.8142014103276387,5.534716995825306e-08,False,1.026829719543457,0.8918929621039742,4.265971660614014,34,-0.12605937144586016,-0.07749098113604955,0.11461291887930461,0.23353401997259685,0.12671960570982524,0.1486984310405595,0.5799853769796235,1.0452818452385757,1.0675310126503827,1.0426107204951207,0.982468443197756,0.9755301794453507,1.0065228299046662,1.0306781485468246
pretrained,32,4,102510.211059471,0.019275139940879704,0.01801212894001969,0.015390896402819076,0.024487424555342252,0.04360323777401964,0.7447932437062263,0.0007447932437062263,0.0004951017695878233,0.19804070783512934,1.3960814156702586,0.9999999999999999,0.7921627163887024,0.7921628313405171,1.1495181473364369e-07,False,1.0199311971664429,0.8859009817007275,4.208417892456055,35,-0.10307925886341504,0.2574857329683644,0.0404947070138795,0.19552552753261157,0.14115940087607928,-0.0949614489717143,0.5633753394441945,1.0183883698313119,1.0599512631895773,1.0169313969075835,1.0549607423269096,1.023829431438127,1.175972083748754,1.0135770234986945
pretrained,32,5,111321.84052640465,0.08724464204716753,0.08595855355152482,0.0742436462631202,0.10170367712990869,0.05945212622892464,0.6819217332771845,0.0006819217332771846,0.000501666297870023,0.2006665191480092,1.4013330382960183,0.9999999999999999,0.8026660084724426,0.8026660765920366,6.811959396557654e-08,False,1.0407569408416748,0.9039899928200971,4.350989818572998,36,-0.10684667634112496,0.16313766581671577,0.11374184382813315,0.27119143945830204,-0.09381984280688424,0.09708636892693381,0.5555092011179243,1.0551013292304916,1.0682486990147664,1.0238423367924046,1.11468200270636,1.0955492037566352,1.1479440440864774,1.0770221535291085
pretrained,32,6,110875.87619436477,-0.002974132098232718,-0.004006081196026301,-0.00705850946457587,0.09809055466041516,0.06890773990164693,0.5527931057981083,0.0005527931057981082,0.00048277031098093305,0.19310812439237324,1.3862162487847465,1.0,0.7724325060844421,0.772432497569493,8.514949190185916e-09,False,1.0411031246185303,0.9042906842281225,4.612399101257324,37,-0.09768085447805269,0.027649694255420132,0.21793708684188978,0.19239902975303785,-0.09542726991432054,0.26012185694915907,0.49500045659286634,1.0700646851823017,1.0958744957492952,1.07574187376562,1.0303490136570561,1.039508013417816,0.9737813884785819,0.9787132265008371
pretrained,32,7,107244.02986693366,-0.031640354349252164,-0.032755965067320036,-0.03333556477386378,0.06754716207440092,0.055843443756990775,0.6613136093531335,0.0006613136093531336,0.0004914129046457155,0.1965651618582862,1.3931303237165724,0.9999999999999999,0.7862606048583984,0.7862606474331448,4.257474639501879e-08,False,0.9926846027374268,0.8622348904783723,4.101017475128174,38,-0.10179858441863743,-0.09476657743964878,0.2728206164070538,0.29145320717777523,0.03780706067170414,0.05599905390824589,0.538485223693507,0.9607720184563087,0.9483673729353325,0.9771948490503586,0.9664212076583212,0.9602007888131946,0.943875616230565,0.9630987292277614
pretrained,32,8,105182.177005885,-0.017584447604077624,-0.019225805516698502,-0.020519340817322824,0.04926858478689833,0.04481527059640457,1.1737977787852287,0.0011737977787852287,0.000498336356665407,0.1993345426661628,1.3986690853323256,0.9999999999999999,0.7973380088806152,0.7973381706646512,1.6178403594580004e-07,False,1.0171220302581787,0.8834609703267188,4.2265214920043945,39,-0.09134030501757351,0.25673551697816166,0.05425968979086193,0.0871085359581879,0.2499159260519913,-0.10799423764858929,0.5513148738869599,0.972334225393994,0.9770852563241543,0.9539229191567941,1.0146296860713198,1.00336071695295,1.0297308155885898,0.9807155544278103
pretrained,32,9,107849.03412855924,0.02672457338298284,0.025354648464112284,0.020800797164384315,0.07277797332151315,0.054171827404610025,0.8428616140569959,0.0008428616140569959,0.00049229651024299,0.19691860409719603,1.3938372081943922,1.0,0.7876744866371155,0.7876744163887843,7.024833115210072e-08,False,0.8498931527137756,0.7382078128619011,3.1051535606384277,40,0.02886656246015004,0.55552238731512,-0.09136143566242286,0.02454387529620103,0.045728822637881555,-0.10555716843477317,0.5422569563878434,1.1075456274694473,1.1179570958597118,1.1183717604729042,1.0432562331030337,1.0900632675846669,0.9914163090128755,0.9314359637774902
pretrained,32,10,115135.83609584918,0.06965507705097962,0.06756483288115356,0.05511957335812822,0.13146068686424262,0.07126280369202505,1.4625234763537134,0.0014625234763537135,0.0004935174781296935,0.19740699125187738,1.3948139825037547,0.9999999999999999,0.7896279096603394,0.7896279650075093,5.534716995825306e-08,False,1.0164439678192139,0.8828720127754622,4.093716621398926,41,-0.09679251483508519,0.09626302548817225,0.2726861132042748,0.18387808331421443,-0.10061447641679219,0.06677765824965068,0.5778021109955651,1.03712146290818,1.0565291374240031,1.0326546656799105,1.0463576158940397,0.9351314441789006,1.1279024006296734,1.0611111111111111
pretrained,32,11,113469.45154178505,-0.013058327227736477,-0.014473204960068986,-0.015283285194943097,0.11870553138987305,0.050562594411470714,0.9397275224328039,0.000939727522432804,0.0004948991883013928,0.19795967532055717,1.3959193506411143,1.0,0.7918385863304138,0.7918387012822286,1.1495181473364369e-07,False,1.0350853204727173,0.8990636859607204,4.579080581665039,42,-0.117289840642895,0.2591399779277188,0.05903362908533641,0.29219748878053253,0.09805292689374515,-0.08066983467766217,0.48953565263322424,0.9888633335144615,1.0141533291379978,0.9796166893478648,1.0192625206384152,0.910551296093465,1.0568736915561758,0.9814136125654451
pretrained,32,12,112774.67761245178,-0.004904317408594316,-0.0061230042085593794,-0.007817519006490093,0.11327611732442033,0.04776209882074747,0.7222278618386814,0.0007222278618386813,0.0005032157711684703,0.20128630846738815,1.4025726169347763,1.0,0.8051450848579407,0.8051452338695526,1.4901161193847656e-07,False,0.9698582291603088,0.8424081543055633,3.904663324356079,43,0.027907676994800568,0.47505639120936394,-0.0911853052675724,0.12448267266154289,0.09099365398287773,-0.11010100319981575,0.482845913618803,1.026091448048592,1.0093070419373205,1.0316766856435173,1.0105291576673865,1.057337610264635,0.9290194783757015,0.9554547879434515
pretrained,32,13,111267.37418369003,-0.012310088994129442,-0.013365619487218372,-0.014641388074570069,0.10126395330484617,0.052584481099918035,0.5703858456441334,0.0005703858456441335,0.0004988717207951207,0.19954868831804826,1.3990973766360963,0.9999999999999998,0.7981947064399719,0.7981947532721927,4.6832220768067145e-08,False,0.9475778341293335,0.8230556490724089,3.616100788116455,44,0.05863404061113084,0.41310994859252653,0.06654263819966996,0.08167753155742372,-0.0875954500266484,-0.11195323829139986,0.579584529357297,1.0424386351216453,1.004133253410209,1.0662471630729378,0.9422922789206518,1.0401971937808114,0.9470504619758351,0.9678950307091011
pretrained,32,14,114342.76040325982,0.028514554748405585,0.027639604530369066,0.021699796800430785,0.1254365414362597,0.049455826619655106,0.3764197283557483,0.0003764197283557483,0.000474635399878025,0.18985415995121002,1.37970831990242,1.0,0.7594165802001953,0.7594166398048401,5.960464477539063e-08,False,0.9228551387786865,0.8015817887352865,3.468702554702759,45,-0.07836471125483513,0.44535502418875694,0.04815957322716713,0.06174476444721222,0.06790554895997047,-0.1114894486963749,0.5666892491281033,1.0524253138754247,1.054036194252693,1.0270848634564504,0.9872412815423873,1.0051039008384979,1.121575984990619,1.0374963945774445
pretrained,32,15,116038.1040259872,0.015905879975717463,0.014826855821464369,0.009738097219539102,0.13821411648018134,0.06078955648765056,0.5650632381439209,0.0005650632381439209,0.0004976312629878521,0.19905250519514084,1.3981050103902817,1.0,0.796209990978241,0.7962100207805634,2.9802322387695312e-08,False,0.9896388649940491,0.8595893962878255,4.069770812988281,46,0.03718866407871246,0.49205347895622253,-0.09521704912185669,0.17020253837108612,0.0720735713839531,-0.10383545607328415,0.4275342524051666,1.0054865027130322,0.9846774920370601,1.0193239990459473,1.0485353245261344,1.019949220166848,1.0441619270659084,1.0467055879899918
pretrained,32,16,115116.22317161434,-0.0072724284024415775,-0.007944639065857073,-0.009747552778351869,0.1313127094960299,0.05692291588400886,0.17987048519509188,0.0001798704851950919,0.0004974939541092942,0.19899758164371767,1.3979951632874352,1.0,0.7959902882575989,0.7959903265748705,3.831727157788123e-08,False,0.9465076923370361,0.8221261357219113,3.6679415702819824,47,0.04456035313861709,0.5294986952628409,-0.10370627897126336,0.11440532548086982,0.04642477152603011,-0.09529130267245431,0.46410843623535974,1.0222140006378042,1.054929753081416,0.9992198688185272,0.9627499315256095,1.0142247510668565,1.0807433514899072,0.9436918990703851
pretrained,32,17,117424.09775203902,0.020709118717372466,0.02004821316092098,0.014136999403241566,0.1483860475456491,0.05872677292755248,0.16180076130798882,0.00016180076130798882,0.000485905430146626,0.19436217205865042,1.388724344117301,1.0,0.7774487733840942,0.7774486882346019,8.514949234594837e-08,False,0.899296760559082,0.7811192414085586,3.3407797813415527,48,0.05821018240281514,0.545455105070557,-0.09139623546174594,0.059175010238374987,0.02842934003898076,-0.10296593659690448,0.5030925343079227,1.022748062827226,1.0116330078314992,1.0125485675873276,0.8998577524893313,0.9817671809256661,0.9866587607471095,1.0382775119617225
pretrained,32,18,123289.97597186857,0.05090570457930843,0.04995463735404937,0.03709109930819299,0.18890405151171996,0.06853809315755742,0.4165793742452349,0.0004165793742452349,0.0004888280640755381,0.19553122563021524,1.3910624512604304,0.9999999999999999,0.7821248173713684,0.7821249025208608,8.514949234594837e-08,False,1.0015554428100586,0.8699400042651528,4.066080093383789,49,0.0523665217416627,0.5580812623458249,-0.0940289417547839,0.06716044300368854,0.21464378439954349,-0.10150228387543134,0.30327921413949555,1.028990413717977,1.0399761864870785,1.0121727778274432,0.9920961112867532,1.1142857142857145,0.933293269230769,0.9915966386554621
pretrained,32,19,117141.18521521013,-0.048939256420034716,-0.049872592708278374,-0.04530911775707613,0.14632927935395723,0.05468691198626792,0.501739508339337,0.0005017395083393371,0.00048010583168693957,0.19204233267477583,1.3840846653495513,0.9999999999999998,0.7681693434715271,0.7681693306991026,1.277242445141269e-08,False,0.862368643283844,0.7490438862891345,3.1454153060913086,50,0.04656247581754411,0.5320004836789198,-0.09100437004651343,0.04033743377242768,0.022481864052159434,-0.1010379626282624,0.5506600753537245,0.9524308174608502,0.9468745137780623,0.9571047153564893,1.0296367112810707,0.9903846153846152,1.0135222150676113,0.9600874794969929
pretrained,32,20,122335.90965398728,0.044959995896492355,0.044345841552084986,0.03328759428284221,0.18257852266895125,0.059232980643036164,0.09327046094196184,9.327046094196184e-05,0.0004946323258004019,0.19785293032016077,1.3957058606403216,1.0,0.7914117574691772,0.7914117212806433,3.618853394726784e-08,False,0.8429933786392212,0.7322147452479848,3.08027982711792,51,0.05191652929144244,0.5687112816210305,-0.10138534674687047,0.02087739376085143,0.021757897787860442,-0.0964675835732903,0.534589827858976,1.0691438500861281,1.0726581795633896,1.0583749337868538,1.0225936242649336,0.9190938511326862,1.0320838627700126,1.019362186788155
pretrained,32,21,121969.49224843342,-0.002431502108092398,-0.002995174569676462,-0.00545792478743379,0.18012284747143892,0.0600449917984292,0.060332654310123995,6.0332654310124e-05,0.0005048734175839595,0.2019493670335838,1.4038987340671674,0.9999999999999998,0.8077974319458008,0.8077974681343347,3.618853394726784e-08,False,0.847701907157898,0.7363045211550756,3.101588487625122,52,0.02584663884980337,0.5694779745702232,-0.10547991176801069,0.03394311959190027,0.03642192403120653,-0.0964694552655731,0.5362597099904503,0.9916662901143084,1.0025358571630094,0.9627064136965677,0.9576271186440679,0.9838028169014084,1.0421668205601724,0.9972067039106144
pretrained,32,22,123483.30484631007,0.012970119320890205,0.0124114036220897,0.007431313084803532,0.19017392574273817,0.05239530372991439,0.05121760336416109,5.121760336416109e-05,0.0005004964383052929,0.20019857532211716,1.4003971506442343,0.9999999999999999,0.800794243812561,0.8007943012884686,5.747590758886645e-08,False,0.8519814014434814,0.7400216426622065,3.1131129264831543,53,0.04278007176305565,0.5742758477904967,-0.10160241621945587,0.025866071028368798,0.03131518912102493,-0.09859615910266128,0.525961395619171,1.0436129187650538,1.0069045203783964,1.0537813804467038,1.0290771175726925,1.0293486041517539,0.9503839338452451,1.0114845938375352
pretrained,32,23,115664.06339121136,-0.06277895582969051,-0.06332225611252229,-0.057342768658002856,0.13542722719528444,0.05192140221098253,0.08044780045747757,8.044780045747757e-05,0.0004994130773203714,0.19976523092814857,1.3995304618562971,0.9999999999999999,0.7990608811378479,0.7990609237125943,4.257474639501879e-08,False,0.8119862675666809,0.7052823107708539,2.954526424407959,54,0.025184110073106614,0.5679040535220078,-0.1026013136974403,0.02197754409696373,0.019946469260113564,-0.09716391723070827,0.5647530539759568,0.9298536593307981,0.8801916899722919,0.9556161965613983,0.9324324324324325,0.9551460361613352,0.8760099440646364,0.9872611464968152
pretrained,32,24,119451.1520899113,0.03331097252240278,0.03274213777092405,0.024200923742116767,0.16283771022376037,0.06419118572718326,0.038976142449038215,3.8976142449038216e-05,0.0005116725925888334,0.20466903703553335,1.4093380740710668,1.0,0.818676233291626,0.8186761481421336,8.514949234594837e-08,False,0.8310903310775757,0.7218758895002756,3.0447142124176025,55,0.02475420332380704,0.5608978415174144,-0.10286642664245196,0.018980189625705995,0.03943454048463277,-0.10180261039308139,0.5606022620839732,0.9869331771848514,0.9986076251350232,0.9760156672096543,1.0082345191040842,1.0462322533673099,0.9882937211777227,1.0513323983169707
pretrained,33,1,106442.53638657116,0.06631101959150754,0.06442536386571152,0.05802128399789548,0.0605259570588732,0.05009346121955438,1.2691086647765977,0.0012691086647765976,0.0005008486445461001,0.20033945781844004,1.40067891563688,0.9999999999999999,0.8013578057289124,0.8013578312737599,2.554484757055775e-08,False,1.0025882720947266,0.8708371083833115,4.04725456237793,33,0.09519638174346515,0.2800329332905156,-0.09699008560606412,0.04201731511524745,0.20607796364596911,-0.10334937221237592,0.5770148640232426,1.1268440206437376,1.154471978877262,1.1108063488991609,1.0661682242990655,1.0220925385577322,1.1103064066852368,1.0447005903851563
pretrained,33,2,106854.07609695458,0.005694565121969308,0.0038663087554473563,8.505866704630995e-05,0.06414426428370879,0.07066497115578543,1.3108815071838242,0.0013108815071838243,0.0005086770786770753,0.20347083147083012,1.40694166294166,0.9999999999999999,0.813883364200592,0.81388332588332,3.831727202197044e-08,False,1.0295956134796143,0.8942953870519796,4.279544353485107,34,-0.12512260568993433,-0.07834822578089579,0.11785727845770971,0.22668236600501196,0.12933735655886786,0.14962883400065558,0.5799649964485849,1.0452818452385757,1.0675310126503827,1.0426107204951207,0.982468443197756,0.9755301794453507,1.0065228299046662,1.0306781485468246
pretrained,33,3,108754.94110880884,0.019040281320063634,0.01778935424166228,0.014024206722811142,0.08050154797150366,0.04666153929967469,0.7342285002980913,0.0007342285002980913,0.000494079664349556,0.1976318657398224,1.3952637314796448,1.0,0.7905274629592896,0.7905274629592896,0.0,False,1.0221341848373413,0.8878144724790716,4.221013069152832,35,-0.10314780473709106,0.24901257455348969,0.041809603571891785,0.19589769840240479,0.14711600542068481,-0.09448406100273132,0.5637959837913513,1.0183883698313119,1.0599512631895773,1.0169313969075835,1.0549607423269096,1.023829431438127,1.175972083748754,1.0135770234986945
pretrained,33,4,118100.55975834768,0.08722522899231322,0.08593281881499615,0.07006996191164272,0.15326396246880003,0.053849051713073054,0.6882434231894357,0.0006882434231894357,0.0005011871669973646,0.20047486679894586,1.4009497335978918,1.0,0.8018996119499207,0.8018994671957835,1.44754137121339e-07,False,1.0410054922103882,0.9042058817959004,4.3521504402160645,36,-0.10744963267019819,0.15761758706399373,0.11736461094447545,0.27190910599061424,-0.09302523412874766,0.09807123563119344,0.555512327168669,1.0551013292304916,1.0682486990147664,1.0238423367924046,1.11468200270636,1.0955492037566352,1.1479440440864774,1.0770221535291085
pretrained,33,5,117641.63561387939,-0.002857356340516426,-0.003885876116144771,-0.006656168023328702,0.14996081550397988,0.0670604211701711,0.5496532805263997,0.0005496532805263997,0.00048234609221773484,0.19293843688709394,1.385876873774188,1.0,0.7717536687850952,0.771753747548376,7.876328078637584e-08,False,1.0407745838165283,0.9040053173133435,4.615762233734131,37,-0.09800699965230056,0.026853560869182863,0.2205045609069722,0.19165413959750108,-0.09493143723479339,0.2603152929139989,0.4936108825994389,1.0700646851823017,1.0958744957492952,1.07574187376562,1.0303490136570561,1.039508013417816,0.9737813884785819,0.9787132265008371
pretrained,33,6,113791.55215249056,-0.03161293861818071,-0.0327272180576057,-0.031953315158321435,0.12120014088575481,0.06385281080192727,0.6598432617528098,0.0006598432617528099,0.000491474276142461,0.19658971045698442,1.3931794209139687,0.9999999999999999,0.7863588333129883,0.7863588418279375,8.514949190185916e-09,False,0.9929213523864746,0.8624405286107203,4.103447437286377,38,-0.10153101491076608,-0.09505869554621835,0.27465760601418354,0.28999027503388264,0.03799681259053092,0.05582993371146064,0.5381150831069266,0.9607720184563087,0.9483673729353325,0.9771948490503586,0.9664212076583212,0.9602007888131946,0.943875616230565,0.9630987292277614
pretrained,33,7,111617.72065342529,-0.017465404318204092,-0.01910362815116673,-0.019024319336783585,0.10408491219327531,0.03818181288608168,1.1702880689076012,0.0011702880689076012,0.0004984481792364801,0.19937927169459205,1.398758543389184,1.0,0.7975170612335205,0.7975170867783681,2.554484757055775e-08,False,1.0181450843811035,0.884349583847268,4.231052875518799,39,-0.09143753296562604,0.24943383091262408,0.05571834423712321,0.087557174797569,0.2549065654831273,-0.10794173872896601,0.5517633562641484,0.972334225393994,0.9770852563241543,0.9539229191567941,1.0146296860713198,1.00336071695295,1.0297308155885898,0.9807155544278103
pretrained,33,8,114445.32862532874,0.026715743716527518,0.025332966444308713,0.01959836678059001,0.1262203429256591,0.050741279035875345,0.8555490965289728,0.0008555490965289728,0.0004921552485653332,0.1968620994261333,1.3937241988522664,0.9999999999999998,0.7874484658241272,0.7874483977045328,6.811959440966575e-08,False,0.8504356145858765,0.7386789892572936,3.1080734729766846,40,0.02882544616503374,0.5547617759023393,-0.09110398484127863,0.024525939619966908,0.04639839859945433,-0.10575811458485468,0.5423505391393388,1.1075456274694473,1.1179570958597118,1.1183717604729042,1.0432562331030337,1.0900632675846669,0.9914163090128755,0.9314359637774902
pretrained,33,9,122161.93332483245,0.06952441090154826,0.0674261220811061,0.05180314822239997,0.18141439580776086,0.06781809319403617,1.4703315278249127,0.0014703315278249128,0.0004934851000351566,0.19739404001406263,1.3947880800281252,0.9999999999999999,0.7895761132240295,0.7895761600562503,4.6832220768067145e-08,False,1.0145819187164307,0.8812546574747189,4.081596374511719,41,-0.096829178077834,0.0922138967684337,0.276694407420499,0.1844019197991916,-0.10056486193622863,0.06644740487848008,0.5776364111474581,1.03712146290818,1.0565291374240031,1.0326546656799105,1.0463576158940397,0.9351314441789006,1.1279024006296734,1.0611111111111111
pretrained,33,10,120376.15094210455,-0.013197461136315813,-0.014618157507211849,-0.015182522707360034,0.16927066352125297,0.060775808417042845,0.9460470357111521,0.0009460470357111521,0.0004946870356798172,0.19787481427192688,1.3957496285438538,1.0,0.7914992570877075,0.7914992570877075,0.0,False,1.0361135005950928,0.899956751867821,4.586835861206055,42,-0.11718003451824188,0.25477564334869385,0.05977087467908859,0.29489290714263916,0.0994059219956398,-0.080694779753685,0.4890294671058655,0.9888633335144615,1.0141533291379978,0.9796166893478648,1.0192625206384152,0.910551296093465,1.0568736915561758,0.9814136125654451
pretrained,33,11,119652.62300211475,-0.004787552224528424,-0.006010558855115589,-0.007650500509674038,0.16424732286702481,0.05254319710891759,0.7266549292419638,0.0007266549292419638,0.000502990780930434,0.2011963123721736,1.4023926247443472,0.9999999999999999,0.8047851324081421,0.8047852494886945,1.1708055236425707e-07,False,0.9715563058853149,0.8438830850086003,3.920422315597534,43,0.02798791070069584,0.472935162750738,-0.090984634788973,0.12595186409141335,0.09223227974559578,-0.1102116775832006,0.48208909508373055,1.026091448048592,1.0093070419373205,1.0316766856435173,1.0105291576673865,1.057337610264635,0.9290194783757015,0.9554547879434515
pretrained,33,12,118056.81830649884,-0.012276160724969842,-0.013336980465423642,-0.014065383219100568,0.1529502367209301,0.0553659414601173,0.575781809432166,0.000575781809432166,0.0004987997375428677,0.19951989501714706,1.3990397900342941,1.0,0.7980796694755554,0.7980795800685883,8.940696716308594e-08,False,0.9498581290245056,0.8250362880525797,3.6300907135009766,44,0.05954238027334213,0.4097159579396248,0.06766865402460098,0.08282066136598587,-0.0875060111284256,-0.11201388388872147,0.5797722414135933,1.0424386351216453,1.004133253410209,1.0662471630729378,0.9422922789206518,1.0401971937808114,0.9470504619758351,0.9678950307091011
pretrained,33,13,121303.22329484888,0.028376572029626512,0.027498665768898922,0.02043399630675888,0.17561959786565307,0.044707296759281485,0.3792037761637143,0.0003792037761637143,0.0004748425180358547,0.1899370072143419,1.3798740144286836,0.9999999999999998,0.759748101234436,0.7597480288573673,7.23770687827141e-08,False,0.9246968626976013,0.8031814898056344,3.4802114963531494,45,-0.07822989512767112,0.44273544262562475,0.04885425205741609,0.06260328154478753,0.06876962046538079,-0.11170711208667078,0.5669744105211325,1.0524253138754247,1.054036194252693,1.0270848634564504,0.9872412815423873,1.0051039008384979,1.121575984990619,1.0374963945774445
pretrained,33,14,123109.4953144005,0.015974386491739878,0.014890552538419755,0.009055879442748771,0.18771497076958055,0.060789869223574204,0.569850399025849,0.000569850399025849,0.0004975116252899169,0.1990046501159668,1.3980093002319336,1.0,0.7960186004638672,0.7960186004638672,0.0,False,0.9913347363471985,0.8610624114292067,4.086413383483887,46,0.03759826719760895,0.49046826362609863,-0.0951344445347786,0.1722821146249771,0.07261809706687927,-0.1038702055811882,0.42603790760040283,1.0054865027130322,0.9846774920370601,1.0193239990459473,1.0485353245261344,1.019949220166848,1.0441619270659084,1.0467055879899918
pretrained,33,15,122131.05135352636,-0.007274134994216475,-0.007947753813589808,-0.009470470782274068,0.18120740883057462,0.05925817686536288,0.18153003709656845,0.00018153003709656844,0.0004972550033458642,0.19890200133834568,1.3978040026766911,0.9999999999999999,0.7956080436706543,0.7956080053533823,3.831727202197044e-08,False,0.9484083652496338,0.8237770392375996,3.6815860271453857,47,0.045237110129424496,0.5284731398735727,-0.10365198446171625,0.11592053728444235,0.04673219578606741,-0.09525001687662943,0.4625390182648386,1.0222140006378042,1.054929753081416,0.9992198688185272,0.9627499315256095,1.0142247510668565,1.0807433514899072,0.9436918990703851
pretrained,33,16,124570.99865459831,0.020641723631070752,0.019978107729615502,0.013008629719991237,0.19724493598005943,0.060577948589871436,0.1645447228636061,0.0001645447228636061,0.00048586150631308556,0.19434460252523422,1.3886892050504684,1.0,0.7773783802986145,0.7773784101009369,2.9802322387695312e-08,False,0.9006635546684265,0.782306423687731,3.348764419555664,48,0.05916642025113106,0.544827576726675,-0.09132936224341393,0.059657298028469086,0.028488297015428543,-0.1030152402818203,0.5022050105035305,1.022748062827226,1.0116330078314992,1.0125485675873276,0.8998577524893313,0.9817671809256661,0.9866587607471095,1.0382775119617225
pretrained,33,17,130813.54314456825,0.05106703404790869,0.05011234201693138,0.03516864572335705,0.23555315760016338,0.06279151793493783,0.4199097699352673,0.0004199097699352673,0.0004888104540961129,0.1955241816384452,1.3910483632768904,0.9999999999999999,0.7820966243743896,0.7820967265537808,1.0217939117040942e-07,False,1.0026377439498901,0.8708800790907257,4.07429313659668,49,0.0529840758868626,0.5577770977147988,-0.09401224713240353,0.06776705969657215,0.2158805935510567,-0.10151193450604168,0.30111535478915485,1.028990413717977,1.0399761864870785,1.0121727778274432,0.9920961112867532,1.1142857142857145,0.933293269230769,0.9915966386554621
pretrained,33,18,124291.36712248124,-0.048921154341245776,-0.04985856865660343,-0.042861970311471195,0.19543889237732526,0.05495410177266152,0.506025486758777,0.0005060254867587771,0.0004800931683608464,0.19203726734433857,1.384074534688677,0.9999999999999998,0.7681490778923035,0.7681490693773538,8.514949634275126e-09,False,0.8632209300994873,0.7497841732112001,3.1495673656463623,50,0.047212981751986904,0.5311862278197492,-0.09099564967410906,0.04051997991544859,0.02247689398271696,-0.10104161767022951,0.5506411838744367,0.9524308174608502,0.9468745137780623,0.9571047153564893,1.0296367112810707,0.9903846153846152,1.0135222150676113,0.9600874794969929
pretrained,33,19,129807.27006839974,0.044994930453807536,0.04437880983707365,0.03099708053909855,0.22962712375580585,0.06382301678764084,0.09495936174477851,9.495936174477851e-05,0.000494806483121855,0.197922593248742,1.3958451864974841,1.0,0.7916902899742126,0.7916903729949682,8.302075560351341e-08,False,0.8436398506164551,0.7327762636728203,3.0838189125061035,51,0.052721918427518416,0.5685765080686127,-0.10146143952650685,0.02083290075617175,0.021707489022186804,-0.09646115372223515,0.5340837769742524,1.0691438500861281,1.0726581795633896,1.0583749337868538,1.0225936242649336,0.9190938511326862,1.0320838627700126,1.019362186788155
pretrained,33,20,129417.40328859533,-0.0024384348620708485,-0.0030034279250997775,-0.005551777126454587,0.227306394202608,0.06462095146513488,0.06163500142948944,6.163500142948944e-05,0.0005048995784350804,0.20195983137403217,1.4039196627480641,0.9999999999999998,0.8078392744064331,0.8078393254961282,5.10896951411155e-08,False,0.8482095003128052,0.7367454109675318,3.103801727294922,52,0.02597241582615034,0.569418897054025,-0.1055294376398836,0.03414021166307585,0.036540181509086056,-0.09643039373414858,0.5358881253216947,0.9916662901143084,1.0025358571630094,0.9627064136965677,0.9576271186440679,0.9838028169014084,1.0421668205601724,0.9972067039106144
pretrained,33,21,131025.57214276209,0.012985704768915918,0.012426217906571724,0.006748856914397636,0.23679020541850737,0.05469908603003453,0.05206844263843127,5.2068442638431276e-05,0.0005003988064293351,0.20015952257173403,1.400319045143468,0.9999999999999999,0.8006380200386047,0.8006380902869359,7.024833115210072e-08,False,0.8526341915130615,0.7405886489123261,3.1159114837646484,53,0.04324578733316489,0.5742481859134776,-0.10159787668713502,0.02592292853764125,0.03139426426163741,-0.09856164588459901,0.5253483565258128,1.0436129187650538,1.0069045203783964,1.0537813804467038,1.0290771175726925,1.0293486041517539,0.9503839338452451,1.0114845938375352
pretrained,33,22,122728.54672846453,-0.06277942035744921,-0.06332371062083464,-0.05401753872665156,0.1851936434866387,0.04841953589565774,0.0815909217510905,8.15909217510905e-05,0.0004993271508387158,0.19973086033548632,1.3994617206709727,1.0,0.7989234328269958,0.7989234413419455,8.514949634275126e-09,False,0.8121263980865479,0.7054040265939028,2.954965829849243,54,0.025297419035008956,0.5678067159439837,-0.10260611506445069,0.021991222032478858,0.019928586536220122,-0.09712474527103562,0.5647069167877947,0.9298536593307981,0.8801916899722919,0.9556161965613983,0.9324324324324325,0.9551460361613352,0.8760099440646364,0.9872611464968152
pretrained,33,23,126747.19621049841,0.03331337695640957,0.03274421142560335,0.022773864694237794,0.21102791233407148,0.06120808306389982,0.03924541441457627,3.924541441457627e-05,0.0005117223305361612,0.2046889322144645,1.409377864428929,0.9999999999999999,0.8187556266784668,0.818755728857858,1.0217939117040942e-07,False,0.8313986659049988,0.7221437057285325,3.0460293292999268,55,0.024879006935017434,0.5607065430709294,-0.10289237435374943,0.018994616610663262,0.03955129374350819,-0.10179655786071506,0.5605574718543461,0.9869331771848514,0.9986076251350232,0.9760156672096543,1.0082345191040842,1.0462322533673099,0.9882937211777227,1.0513323983169707
pretrained,33,24,130555.39384600427,0.030863236056254184,0.030045616387295082,0.02026641295089804,0.23404160445523747,0.05494558340535917,0.28299957300935474,0.00028299957300935473,0.0005104559074555125,0.204182362982205,1.4083647259644099,0.9999999999999999,0.8167293071746826,0.8167294519288197,1.44754137121339e-07,False,0.8240245580673218,0.7157386370428072,3.012053966522217,56,0.03086742625704833,0.573358525122915,-0.10542501083442143,-0.09875735214778356,0.02491419815591403,0.021062827269945822,0.5539793861763818,1.0357733081792009,1.0341142880338432,1.0231835256931106,0.9411956876837635,1.048016701461378,0.9239052404881549,1.0130736392742796
pretrained,34,1,100916.34050027472,0.010769583282362216,0.00916340500274715,0.005786565334081048,0.009080199457611293,0.06587268247060489,1.0813897997140884,0.0010813897997140884,0.0005089388175734453,0.2035755270293781,1.407151054058756,0.9999999999999999,0.8143020868301392,0.8143021081175119,2.1287372753420186e-08,False,1.0341545343399048,0.8982552153980953,4.306937217712402,34,-0.12133604926722391,0.1185316156063761,-0.08223947776215418,0.23324079918009893,0.11577758299452917,0.1612126390848841,0.5748128901634897,1.0452818452385757,1.0675310126503827,1.0426107204951207,0.982468443197756,0.9755301794453507,1.0065228299046662,1.0306781485468246
pretrained,34,2,102847.92508888758,0.020270227247266348,0.0191404541527902,0.016360458812512718,0.027690642143983202,0.04499967747718384,0.6101256321583475,0.0006101256321583475,0.0004978152258055551,0.19912609032222206,1.3982521806444441,0.9999999999999999,0.7965043187141418,0.7965043612888882,4.257474639501879e-08,False,1.014373779296875,0.8810738698719598,4.211759090423584,35,-0.10436931412134853,0.27399635155286106,0.03257686112608227,0.2029324604996613,0.13359258909310612,-0.09475677620087353,0.5560278280505112,1.0183883698313119,1.0599512631895773,1.0169313969075835,1.0549607423269096,1.023829431438127,1.175972083748754,1.0135770234986945
pretrained,34,3,111851.000599988,0.08882720919060305,0.08753774568927275,0.07519113641672708,0.10595346073273548,0.0614336434405042,0.6833505353757313,0.0006833505353757314,0.0005016195215284824,0.20064780861139297,1.401295617222786,1.0,0.8025911450386047,0.8025912344455719,8.940696716308594e-08,False,1.0428719520568848,0.9058270682199554,4.384520530700684,36,-0.10560610145330429,0.1685132533311844,0.09948380291461945,0.2747640758752823,-0.09504170715808868,0.10817993432283401,0.5497067421674728,1.0551013292304916,1.0682486990147664,1.0238423367924046,1.11468200270636,1.0955492037566352,1.1479440440864774,1.0770221535291085
pretrained,34,4,111289.08231373086,-0.003977594059686118,-0.005023810991791833,-0.007972190437552951,0.10143926141745185,0.06915982244538645,0.5689072933580195,0.0005689072933580195,0.000482039734987276,0.1928158939949104,1.3856317879898208,1.0,0.7712635397911072,0.7712635759796416,3.618853439135705e-08,False,1.042323350906372,0.9053505593150885,4.636362075805664,37,-0.09607555424528463,0.027945739350148602,0.2063325151268925,0.19434676612062113,-0.09674033974962576,0.276254321581551,0.4879365518156971,1.0700646851823017,1.0958744957492952,1.07574187376562,1.0303490136570561,1.039508013417816,0.9737813884785819,0.9787132265008371
pretrained,34,5,107626.2942062634,-0.03177018128098641,-0.03291237587117335,-0.03357699938701142,0.07085902439089631,0.05993524720911752,0.689969632242407,0.0006899696322424071,0.0004903997454260077,0.19615989817040308,1.392319796340806,0.9999999999999999,0.7846395969390869,0.7846395926816121,4.257474817137563e-09,False,0.9948174953460693,0.8640874974592238,4.116990566253662,38,-0.10065071231552533,-0.09550918585487775,0.2658576970653874,0.2979082768516881,0.037098255540643416,0.0592995887356145,0.5359960799770696,0.9607720184563087,0.9483673729353325,0.9771948490503586,0.9664212076583212,0.9602007888131946,0.943875616230565,0.9630987292277614
pretrained,34,6,105581.98160403784,-0.017340920524051007,-0.018994546056818384,-0.020124581090458962,0.05286869520001858,0.04268503799162465,1.1859349321041788,0.0011859349321041788,0.000498289532427277,0.1993158129709108,1.3986316259418214,0.9999999999999999,0.7972633242607117,0.7972632518836429,7.23770687827141e-08,False,1.0160633325576782,0.8825413971880568,4.243289470672607,39,-0.09062208075608527,0.2628409058919975,0.04848661060844148,0.09030521820698464,0.2518107385507652,-0.10869373221482553,0.5458723397127219,0.972334225393994,0.9770852563241543,0.9539229191567941,1.0146296860713198,1.00336071695295,1.0297308155885898,0.9807155544278103
pretrained,34,7,108339.63887315904,0.027486340882063143,0.026118635274939184,0.021277133798960384,0.07697680147266195,0.05661944947365974,0.838539603033236,0.0008385396030332361,0.0004934651644102166,0.19738606576408663,1.3947721315281734,1.0,0.7895441651344299,0.7895442630563467,9.792191679736106e-08,False,0.8551503419876099,0.7427741494457953,3.1281330585479736,40,0.031002298795751143,0.5567731772150313,-0.092405484191009,0.025307890826037932,0.04716299367802482,-0.10498058157307763,0.5371397052492415,1.1075456274694473,1.1179570958597118,1.1183717604729042,1.0432562331030337,1.0900632675846669,0.9914163090128755,0.9314359637774902
pretrained,34,8,115713.70214997191,0.07016113619824438,0.06806431471906804,0.05510079942294747,0.13579811083743576,0.0744101988365269,1.4677313965346133,0.0014677313965346132,0.0004935418175799506,0.19741672703198027,1.3948334540639604,0.9999999999999999,0.7896668910980225,0.7896669081279208,1.7029898380371833e-08,False,1.0197980403900146,0.8857853231942658,4.117894172668457,41,-0.0959344900080136,0.09848949845348084,0.2631257453135082,0.188054797904832,-0.10148223702396666,0.07002795274768556,0.5777187326124735,1.03712146290818,1.0565291374240031,1.0326546656799105,1.0463576158940397,0.9351314441789006,1.1279024006296734,1.0611111111111111
pretrained,34,9,115283.97117522599,-0.002290038995832022,-0.0037137432020709626,-0.006150679191747169,0.13257672354116867,0.05858583790960165,0.9332579406244413,0.0009332579406244413,0.0004947331813829287,0.19789327255317146,1.395786545106343,0.9999999999999999,0.7915731072425842,0.7915730902126858,1.7029898380371833e-08,False,1.0374956130981445,0.9011572395347107,4.606347560882568,42,-0.11727961312447277,0.25253644425954136,-0.08061365942869869,0.29875537593449863,0.1003992094525269,0.06048464987959179,0.4857175930270127,0.9888633335144615,1.0141533291379978,0.9796166893478648,1.0192625206384152,0.910551296093465,1.0568736915561758,0.9814136125654451
pretrained,34,10,114630.67952141585,-0.004439301840168164,-0.005666803868311976,-0.007812097236814853,0.12763319193865974,0.057371312686118406,0.7306057342461177,0.0007306057342461177,0.0005031305844230312,0.2012522337692125,1.4025044675384248,0.9999999999999998,0.8050088882446289,0.8050089350768497,4.6832220768067145e-08,False,0.9769389033317566,0.8485583497471926,3.966317653656006,43,0.029359025614602213,0.4712006726435252,-0.0913938975759915,0.13176162328038896,0.09287392135177339,-0.109858336193221,0.47605699087892256,1.026091448048592,1.0093070419373205,1.0316766856435173,1.0105291576673865,1.057337610264635,0.9290194783757015,0.9554547879434515
pretrained,34,11,113088.2989827922,-0.012385260150116206,-0.013455215872950399,-0.01464920824368205,0.11573521841356682,0.0550246943717826,0.585259307708059,0.000585259307708059,0.0004987015521952084,0.19948062087808338,1.3989612417561665,0.9999999999999999,0.7979224920272827,0.7979224835123331,8.514949634275126e-09,False,0.9509817361831665,0.8260122408302465,3.6375138759613037,44,0.061178379825183316,0.4086053419326033,0.0661026510809149,0.08422350617391722,-0.08750655768173082,-0.11197406319635256,0.5793707418654646,1.0424386351216453,1.004133253410209,1.0662471630729378,0.9422922789206518,1.0401971937808114,0.9470504619758351,0.9678950307091011
pretrained,34,12,116189.4971952416,0.028303324750166947,0.02742280359987803,0.02134429204500273,0.1393370105392332,0.04515000161327287,0.3823972025087901,0.0003823972025087901,0.0004742550450776304,0.18970201803105216,1.3794040360621043,1.0,0.7588079571723938,0.7588080721242085,1.1495181473364369e-07,False,0.924157977104187,0.8027134197264404,3.481281042098999,45,-0.07743518746324948,0.4432836627321584,0.04778171756437846,0.063605718846832,0.06901372277310916,-0.11226683056780268,0.5660171961145741,1.0524253138754247,1.054036194252693,1.0270848634564504,0.9872412815423873,1.0051039008384979,1.121575984990619,1.0374963945774445
pretrained,34,13,117925.53975373898,0.016034743220340264,0.014941475782274782,0.009519055043734957,0.15200727332834307,0.06302415490749838,0.5791742961321558,0.0005791742961321558,0.0004974188549177988,0.19896754196711952,1.397935083934239,0.9999999999999999,0.7958701252937317,0.7958701678684781,4.257474639501879e-08,False,0.996502697467804,0.8655512454239457,4.13388204574585,46,0.039669106049197045,0.48795875374759945,-0.09544730718646732,0.17801206771816525,0.07366854165281567,-0.1035202347806522,0.419659072799342,1.0054865027130322,0.9846774920370601,1.0193239990459473,1.0485353245261344,1.019949220166848,1.0441619270659084,1.0467055879899918
pretrained,34,14,117004.59843547174,-0.007131606004988189,-0.00780951539582031,-0.00988342870940148,0.14533273617318387,0.06417783108484562,0.18553066679409583,0.00018553066679409584,0.0004974812322429249,0.19899249289716997,1.3979849857943398,1.0,0.7959699630737305,0.7959699715886797,8.514949190185916e-09,False,0.9539928436279297,0.8286276555256034,3.7229397296905518,47,0.04790543658392768,0.5265656177486693,-0.10401819007737298,0.12006183607237678,0.04742432279246192,-0.09497430281979699,0.4570352796997343,1.0222140006378042,1.054929753081416,0.9992198688185272,0.9627499315256095,1.0142247510668565,1.0807433514899072,0.9436918990703851
pretrained,34,15,119312.65074031362,0.020397130603627467,0.019726167481483925,0.013295854378371117,0.16186590961211644,0.06474638121122904,0.17141841777733385,0.00017141841777733386,0.0004863488328244005,0.1945395331297602,1.3890790662595205,1.0,0.7781580090522766,0.778158132519041,1.234667643679188e-07,False,0.9051503539085388,0.7862036079905079,3.375943660736084,48,0.06237528047391347,0.5433723809463638,-0.09138565191200801,0.061364091400589266,0.02859243697353772,-0.10315388121775218,0.498835343335356,1.022748062827226,1.0116330078314992,1.0125485675873276,0.8998577524893313,0.9817671809256661,0.9866587607471095,1.0382775119617225
pretrained,34,16,125357.99969883916,0.05163616757924472,0.050668130504311515,0.03703192938762426,0.20228465482665148,0.06773631653821548,0.43202343370233254,0.00043202343370233253,0.0004889061807521752,0.1955624723008701,1.39112494460174,0.9999999999999999,0.782249927520752,0.7822498892034799,3.831727202197044e-08,False,1.0064618587493896,0.8742016630019,4.10158634185791,49,0.055185773542949124,0.5573865223143781,-0.09396281359451158,0.0704584244106497,0.21994145693523542,-0.10159965870635851,0.2925902950976576,1.028990413717977,1.0399761864870785,1.0121727778274432,0.9920961112867532,1.1142857142857145,0.933293269230769,0.9915966386554621
pretrained,34,17,119113.0039132555,-0.04886577749404741,-0.04981728968702981,-0.04461297582724379,0.16046110235935795,0.05578846719900535,0.5214516041534287,0.0005214516041534287,0.0004794465165053095,0.1917786066021238,1.3835572132042475,0.9999999999999999,0.7671143412590027,0.767114426408495,8.514949234594837e-08,False,0.8651894330978394,0.7514939931907887,3.1585443019866943,50,0.048421778317008696,0.5301670400159699,-0.09084970078298024,0.041171193655048094,0.022486363138471327,-0.10092890581914357,0.5495322314756257,0.9524308174608502,0.9468745137780623,0.9571047153564893,1.0296367112810707,0.9903846153846152,1.0135222150676113,0.9600874794969929
pretrained,34,18,124407.71940055695,0.045070725333415274,0.0444511960352989,0.03275527240066299,0.1961913578848844,0.059499662497269,0.09800771943160466,9.800771943160466e-05,0.0004949789441057614,0.19799157764230457,1.395983155284609,0.9999999999999998,0.791966438293457,0.7919663105692178,1.2772423918505638e-07,False,0.8457903861999512,0.7346441951469183,3.0941648483276367,51,0.05459227146846907,0.568533499858209,-0.10152957854526384,0.020977848342486782,0.021835361740418835,-0.09646199909704073,0.5320525962327207,1.0691438500861281,1.0726581795633896,1.0583749337868538,1.0225936242649336,0.9190938511326862,1.0320838627700126,1.019362186788155
pretrained,34,19,124029.77030695938,-0.0024697428282998146,-0.0030379874771329085,-0.005636318629379036,0.19374195604400846,0.06373833577006187,0.06467196611421469,6.467196611421469e-05,0.000505141888612083,0.2020567554448332,1.4041135108896665,1.0,0.8082268834114075,0.808227021779333,1.3836792556176647e-07,False,0.8498198986053467,0.7381441851517662,3.1109321117401123,52,0.026337462876524248,0.5693859881056207,-0.10561075301042624,0.03480498998292855,0.036905900974358835,-0.09644600243440696,0.534622413505401,0.9916662901143084,1.0025358571630094,0.9627064136965677,0.9576271186440679,0.9838028169014084,1.0421668205601724,0.9972067039106144
pretrained,34,20,125574.9980189995,0.013019153464968625,0.012458522725760535,0.0070987644603924364,0.20366313694968163,0.0564483289056148,0.05345838463732175,5.345838463732175e-05,0.0005001204181462526,0.20004816725850105,1.400096334517002,1.0,0.8001925945281982,0.8001926690340042,7.450580596923828e-08,False,0.8540812730789185,0.7418455679901573,3.121941089630127,53,0.04411829821765423,0.5742780547589064,-0.10155446268618107,0.026137612760066986,0.03162329085171223,-0.09849370457231998,0.5238909106701612,1.0436129187650538,1.0069045203783964,1.0537813804467038,1.0290771175726925,1.0293486041517539,0.9503839338452451,1.0114845938375352
pretrained,34,21,117621.00000118026,-0.06279446341472339,-0.06334061830218618,-0.056569723805093154,0.1498116832963794,0.0543654030358183,0.08403133600950241,8.403133600950242e-05,0.0004988867789506912,0.1995547115802765,1.399109423160553,1.0,0.7982189059257507,0.798218846321106,5.960464477539063e-08,False,0.8124233484268188,0.7056619543822608,2.955582618713379,54,0.025456808507442474,0.5676931813359261,-0.10254312306642532,0.022058380767703056,0.01992187835276127,-0.09701158851385117,0.5644244626164436,0.9298536593307981,0.8801916899722919,0.9556161965613983,0.9324324324324325,0.9551460361613352,0.8760099440646364,0.9872611464968152
pretrained,34,22,121470.51995298856,0.033297586890762565,0.03272816887944896,0.02412551288808363,0.17675498517087163,0.056355779728172024,0.039697269776037686,3.969726977603769e-05,0.0005115233760859284,0.2046093504343714,1.409218700868743,1.0,0.8184373378753662,0.8184374017374858,6.386211959252819e-08,False,0.8317790031433105,0.7224740624562547,3.047412633895874,55,0.02497083081730775,0.560764245156731,-0.10287164204886981,0.019004942317094126,0.03977051324078015,-0.10173770838550159,0.5600988189024585,0.9869331771848514,0.9986076251350232,0.9760156672096543,1.0082345191040842,1.0462322533673099,0.9882937211777227,1.0513323983169707
pretrained,34,23,125119.87754199552,0.030860933270070223,0.030043154424788332,0.021473833068290184,0.20076648119771556,0.05075325917107509,0.2834514443363462,0.00028345144433634625,0.0005101603429232325,0.204064137169293,1.408128274338586,0.9999999999999999,0.8162566423416138,0.8162565486771718,9.36644419802235e-08,False,0.8246474266052246,0.7162796537807319,3.014150857925415,56,0.03115586803427764,0.5734290001647813,-0.10542414656707219,-0.09863999060222081,0.02505203948489257,0.021138221557651243,0.5532890079276902,1.0357733081792009,1.0341142880338432,1.0231835256931106,0.9411956876837635,1.048016701461378,0.9239052404881549,1.0130736392742796
pretrained,34,24,119348.48431360627,-0.04539253221792805,-0.04612690918317219,-0.041346872545031166,0.16211755369062908,0.05395890075889357,0.2657877765595913,0.0002657877765595913,0.00050380560303373,0.201522241213492,1.4030444824269839,0.9999999999999999,0.8060889840126038,0.8060889648539677,1.915863601098522e-08,False,0.811556875705719,0.704909345739274,2.957857608795166,57,0.02633912355772086,0.5692219199346644,-0.10258261247404984,0.01929617540112563,0.021259826208863936,-0.09893962873944215,0.5654051961111171,0.9120432847339066,0.8673832471904358,0.9509451683395475,0.9694550503297468,0.9555112881806108,0.8717948717948719,1.0287068738477745
pretrained,35,1,101704.05012394514,0.01872465313985061,0.017040501239451444,0.014500616479606614,0.016754987848256242,0.04508742737299256,1.1608441472053528,0.0011608441472053528,0.0004937202616461686,0.19748810465846744,1.3949762093169347,0.9999999999999999,0.7899524569511414,0.7899524186338693,3.831727202197044e-08,False,1.0261205434799194,0.8912769796017896,4.2460761070251465,35,-0.10389340562479837,0.21300454544169561,0.0456374596272196,0.22407768773181097,0.15046578752143042,-0.09359469903366907,0.5643026243363107,1.0183883698313119,1.0599512631895773,1.0169313969075835,1.0549607423269096,1.023829431438127,1.175972083748754,1.0135770234986945
pretrained,35,2,110519.16663245864,0.08796004636615495,0.0866741933853239,0.07557102550030104,0.09517956887461043,0.05707111052106293,0.6824842797858375,0.0006824842797858375,0.0005001082750303405,0.2000433100121362,1.4000866200242723,0.9999999999999999,0.8001731634140015,0.8001732400485446,7.663454315576246e-08,False,1.0392248630523682,0.9026592469606122,4.3332905769348145,36,-0.10649562094892775,0.12977731760059083,0.1258370035461017,0.2886343204549381,-0.09354768906320846,0.10289126421724046,0.552903404193265,1.0551013292304916,1.0682486990147664,1.0238423367924046,1.11468200270636,1.0955492037566352,1.1479440440864774,1.0770221535291085
pretrained,35,3,109387.74422151099,-0.0090036557609261,-0.010237341136585809,-0.013399968085514823,0.0858208045912413,0.08082407604291392,0.7634331248700619,0.0007634331248700619,0.00048223637177475864,0.19289454870990347,1.3857890974198068,0.9999999999999999,0.7715782523155212,0.7715781948396137,5.747590758886645e-08,False,1.040694236755371,0.9039355287427481,4.64469051361084,37,-0.09700521480824267,-0.0958893339016608,0.22649196136210645,0.19781515348170484,0.023948864745242243,0.2569659088871309,0.48767266023371897,1.0700646851823017,1.0958744957492952,1.07574187376562,1.0303490136570561,1.039508013417816,0.9737813884785819,0.9787132265008371
pretrained,35,4,105843.06973481571,-0.03153175948421172,-0.03240467670233049,-0.03352841507569408,0.055205029006199724,0.05825278981304992,0.4107736077691827,0.0004107736077691827,0.000490970832428762,0.19638833297150476,1.3927766659430094,0.9999999999999999,0.7855533361434937,0.7855533318860188,4.257474817137563e-09,False,0.9926702976226807,0.8622224652135779,4.111999988555908,38,-0.09900166786142758,-0.09738666511007718,0.27605238610080307,0.2945077424602849,0.03677279927900859,0.055072889264140806,0.5339825158672673,0.9607720184563087,0.9483673729353325,0.9771948490503586,0.9664212076583212,0.9602007888131946,0.943875616230565,0.9630987292277614
pretrained,35,5,103875.96355841242,-0.016960303779333996,-0.018585120228766683,-0.020149610609059503,0.037313382476908186,0.04515928159535928,1.1552729830145836,0.0011552729830145835,0.0004989437546048845,0.1995775018419538,1.3991550036839075,1.0,0.7983099222183228,0.7983100073678151,8.514949234594837e-08,False,1.0237491130828857,0.889217181330491,4.269837856292725,39,-0.09112747332879476,0.2279743892805917,0.05898203381470271,0.09746452101639339,0.2640101803200585,-0.10845002851315905,0.5511463774102074,0.972334225393994,0.9770852563241543,0.9539229191567941,1.0146296860713198,1.00336071695295,1.0297308155885898,0.9807155544278103
pretrained,35,6,106516.03596366062,0.026842106722742676,0.025415623738244353,0.02124697224460472,0.06117422512684989,0.05227740810673969,0.8965002021619252,0.0008965002021619252,0.0004936597110437496,0.19746388441749985,1.3949277688349997,0.9999999999999999,0.7898556590080261,0.7898555376699994,1.2133802673730543e-07,False,0.8538445234298706,0.7416399298578094,3.1250994205474854,40,0.029744161559002724,0.5532514045813254,-0.09111530679677216,0.02560026970292839,0.047430284587400284,-0.10634857762072769,0.541437763986843,1.1075456274694473,1.1179570958597118,1.1183717604729042,1.0432562331030337,1.0900632675846669,0.9914163090128755,0.9314359637774902
pretrained,35,7,113671.94224108975,0.06930019512893115,0.06718149255827055,0.05535105440800513,0.120275434478744,0.07500309887777959,1.4897769210594043,0.0014897769210594043,0.0004935803690126965,0.1974321476050786,1.394864295210157,0.9999999999999999,0.7897284626960754,0.7897285904203142,1.2772423874096717e-07,False,1.0107629299163818,0.8779375259500959,4.061957836151123,41,-0.09655826645238061,0.08296953780310493,0.2817934889878545,0.1904360194291387,-0.10087388115269799,0.06547604394810538,0.576757057436875,1.03712146290818,1.0565291374240031,1.0326546656799105,1.0463576158940397,0.9351314441789006,1.1279024006296734,1.0611111111111111
pretrained,35,8,111983.55537670071,-0.013425434167735673,-0.01485315400706455,-0.016027462108142557,0.10701174236153965,0.05527539981876413,0.9535657050354142,0.0009535657050354141,0.0004946308609630381,0.19785234438521523,1.3957046887704305,1.0,0.7914092540740967,0.791409377540861,1.234667643679188e-07,False,1.0379786491394043,0.9015767993092697,4.601663112640381,42,-0.11713929527572225,0.24160402960010938,0.06158090702125005,0.3055447185678142,0.1021657804293292,-0.08071304910949298,0.48695690876671244,0.9888633335144615,1.0141533291379978,0.9796166893478648,1.0192625206384152,0.910551296093465,1.0568736915561758,0.9814136125654451
pretrained,35,9,111327.84774592551,-0.004615511634530667,-0.00585539214726194,-0.007817550923430772,0.10175214894819606,0.05115915020174369,0.7431584612599442,0.0007431584612599443,0.0005032477115413973,0.2012990846165589,1.4025981692331178,1.0,0.8051962852478027,0.8051963384662355,5.3218432771728885e-08,False,0.9754137396812439,0.8472336094323584,3.958740711212158,43,0.028061109461954642,0.46798285549240454,-0.09092997307223935,0.13167971079902988,0.09330976461725574,-0.11036911154431955,0.48026564424591406,1.026091448048592,1.0093070419373205,1.0316766856435173,1.0105291576673865,1.057337610264635,0.9290194783757015,0.9554547879434515
pretrained,35,10,109832.30556644087,-0.012366245659945485,-0.013433675488794039,-0.014935721295717441,0.08952107046949875,0.054092856340402604,0.5828894291605269,0.000582889429160527,0.0004984902590513229,0.19939610362052917,1.3987922072410583,1.0,0.7975843548774719,0.7975844144821167,5.960464477539063e-08,False,0.952886700630188,0.8276668719253731,3.648315668106079,44,0.06034474074840546,0.40517982468008995,0.0685548298060894,0.08537478372454643,-0.08755645528435707,-0.1118396483361721,0.5799419246613979,1.0424386351216453,1.004133253410209,1.0662471630729378,0.9422922789206518,1.0401971937808114,0.9470504619758351,0.9678950307091011
pretrained,35,11,112842.81254507581,0.02829318496103772,0.027410031712516325,0.021744555332078863,0.11381152468125211,0.050917977593489844,0.3842964321374893,0.0003842964321374893,0.0004749261401593685,0.1899704560637474,1.3799409121274948,1.0,0.7598817348480225,0.7598818242549896,8.940696716308594e-08,False,0.9258930683135986,0.804220500802133,3.4863812923431396,45,-0.07834606245160103,0.4410906918346882,0.04914327710866928,0.06396118178963661,0.06846563890576363,-0.11162439361214638,0.5673096664249897,1.0524253138754247,1.054036194252693,1.0270848634564504,0.9872412815423873,1.0051039008384979,1.121575984990619,1.0374963945774445
pretrained,35,12,114525.44973307304,0.01599877755000767,0.014911336841458844,0.010283091209979616,0.12683163233087336,0.05474032879283263,0.5730559538517679,0.0005730559538517679,0.000497834190194096,0.19913367607763838,1.3982673521552766,0.9999999999999999,0.7965347170829773,0.7965347043105533,1.277242400732348e-08,False,0.9912031888961792,0.8609481507650345,4.086555004119873,46,0.03742178316627229,0.49070379297648153,-0.09568068970526969,0.17337593595896447,0.0720265076628753,-0.10345298637236869,0.42560565631304464,1.0054865027130322,0.9846774920370601,1.0193239990459473,1.0485353245261344,1.019949220166848,1.0441619270659084,1.0467055879899918
pretrained,35,13,113622.53084378174,-0.007206245159643299,-0.007884002127001022,-0.00993621483654327,0.119892865812954,0.0599489663724782,0.18559415319136216,0.00018559415319136216,0.0004973154781120165,0.1989261912448066,1.3978523824896132,0.9999999999999999,0.79570472240448,0.7957047649792264,4.257474639501879e-08,False,0.9468045234680176,0.8223839599663959,3.671046018600464,47,0.044942690325634804,0.5294812901743821,-0.10421689759407726,0.11509077836360249,0.04605079655136379,-0.09470929365072933,0.46336063582982334,1.0222140006378042,1.054929753081416,0.9992198688185272,0.9627499315256095,1.0142247510668565,1.0807433514899072,0.9436918990703851
pretrained,35,14,115904.58857937725,0.020748099543192566,0.020084552937243316,0.014468401293991465,0.1372213885085748,0.05720242803258662,0.16396483672516676,0.00016396483672516678,0.0004863056580403022,0.19452226321612087,1.3890445264322415,0.9999999999999998,0.7780891060829163,0.778089052864483,5.3218433215818095e-08,False,0.8988234996795654,0.780708172231609,3.3381335735321045,48,0.058245956099459095,0.5458741887871708,-0.09195365464048727,0.05888490671558039,0.028133564761706753,-0.1025686085756336,0.5033836468522037,1.022748062827226,1.0116330078314992,1.0125485675873276,0.8998577524893313,0.9817671809256661,0.9866587607471095,1.0382775119617225
pretrained,35,15,121653.00107765933,0.0505410897551406,0.04959607353547768,0.037662248258842596,0.1779898636765792,0.06212453818323633,0.4108806460031441,0.0004108806460031441,0.0004890760805990015,0.19563043223960058,1.3912608644792013,1.0,0.782521665096283,0.7825217289584026,6.386211959252819e-08,False,1.0009766817092896,0.8694372987603444,4.059363842010498,49,0.052498224590505876,0.5585637608809131,-0.09431673639586993,0.06693398154207639,0.21158032811113767,-0.10131369584373065,0.30605413711496765,1.028990413717977,1.0399761864870785,1.0121727778274432,0.9920961112867532,1.1142857142857145,0.933293269230769,0.9915966386554621
pretrained,35,16,115584.98868483529,-0.048950299294513444,-0.04987967694237494,-0.04600806618063935,0.134835750404672,0.05707905817464273,0.49710242024489815,0.0004971024202448982,0.0004805878549814224,0.19223514199256897,1.384470283985138,1.0,0.7689406275749207,0.7689405679702759,5.960464477539063e-08,False,0.8620815873146057,0.7487945526422594,3.144456386566162,50,0.046727489680051804,0.5319070927798748,-0.09139585122466087,0.04008761793375015,0.022302884608507156,-0.1008392907679081,0.5512100569903851,0.9524308174608502,0.9468745137780623,0.9571047153564893,1.0296367112810707,0.9903846153846152,1.0135222150676113,0.9600874794969929
pretrained,35,17,120710.88954152443,0.04496112031025179,0.04434746168177517,0.033698113153552346,0.17157432622845425,0.06080925340459829,0.09213761932083539,9.21376193208354e-05,0.0004952898688082184,0.19811594752328737,1.3962318950465746,0.9999999999999999,0.7924637198448181,0.7924637900931493,7.024833115210072e-08,False,0.842119574546814,0.731455768656791,3.0776004791259766,51,0.051643273394022665,0.5686428496348006,-0.10169392584690026,0.020757530416761122,0.021456497322235785,-0.09642202167638711,0.5356157967554671,1.0691438500861281,1.0726581795633896,1.0583749337868538,1.0225936242649336,0.9190938511326862,1.0320838627700126,1.019362186788155
pretrained,35,18,120352.45655246917,-0.0024060146295078466,-0.0029693509046004873,-0.005745228242653741,0.16910711368484832,0.06556031398095612,0.05963817824210446,5.963817824210446e-05,0.0005052162613719701,0.20208650454878807,1.4041730090975761,1.0,0.8083459734916687,0.8083460181951523,4.470348358154297e-08,False,0.8467698097229004,0.7354949116098444,3.098072052001953,52,0.02580692246556282,0.5695760194212198,-0.10567666403949261,0.033740436658263206,0.03588069789111614,-0.09640984050929546,0.5370824281126261,0.9916662901143084,1.0025358571630094,0.9627064136965677,0.9576271186440679,0.9838028169014084,1.0421668205601724,0.9972067039106144
pretrained,35,19,121843.8265105845,0.012950661958471388,0.012391686890621534,0.007353034948164734,0.17927725298980934,0.0563420871359258,0.05071384991918293,5.071384991918293e-05,0.0005012669866638525,0.200506794665541,1.401013589331082,0.9999999999999999,0.8020272850990295,0.802027178662164,1.0643686554345777e-07,False,0.8512020111083984,0.7393446728186559,3.110771656036377,53,0.04260283176388058,0.5742957129010132,-0.10183534185801235,0.0257808140345982,0.030927786869662133,-0.09867145280752865,0.5268996490963868,1.0436129187650538,1.0069045203783964,1.0537813804467038,1.0290771175726925,1.0293486041517539,0.9503839338452451,1.0114845938375352
pretrained,35,20,114129.03012391971,-0.062774559214692,-0.06331708883087817,-0.058099849908245654,0.1237987399750844,0.052426737870414006,0.07912683274064744,7.912683274064744e-05,0.00049990856221744,0.199963424886976,1.3999268497739517,0.9999999999999998,0.7998537421226501,0.7998536995479033,4.2574746839108e-08,False,0.8118575811386108,0.7051705351596406,2.954667329788208,54,0.025215174736721163,0.5679548994771071,-0.10278209884251868,0.021949404584509974,0.019871007384998446,-0.09718132604445731,0.5649729387036391,0.9298536593307981,0.8801916899722919,0.9556161965613983,0.9324324324324325,0.9551460361613352,0.8760099440646364,0.9872611464968152
pretrained,35,21,117865.9837599768,0.033310984134178545,0.03274323484567909,0.024609506566188447,0.15157879474674596,0.06341096410946237,0.03771566227078438,3.7715662270784376e-05,0.0005118820177657265,0.20475280710629057,1.4095056142125808,0.9999999999999998,0.8190111517906189,0.8190112284251616,7.663454271167325e-08,False,0.8306354284286499,0.7214807660798123,3.042741060256958,55,0.024916561054331904,0.5608170532754488,-0.10295760844435012,0.01906816821013177,0.038728838520390635,-0.10179519866194045,0.5612221860459872,0.9869331771848514,0.9986076251350232,0.9760156672096543,1.0082345191040842,1.0462322533673099,0.9882937211777227,1.0513323983169707
pretrained,35,22,121406.14105363902,0.030852405337970845,0.030035445178749898,0.021956039684782318,0.17631843717181883,0.05567205480581112,0.28211748600006104,0.000282117486000061,0.0005107060553772109,0.20428242215088438,1.4085648443017684,0.9999999999999998,0.8171296715736389,0.8171296886035369,1.7029897936282623e-08,False,0.8234363794326782,0.715227751572009,3.0100626945495605,56,0.030633900048477297,0.5732978598347731,-0.10546027709330832,-0.09882214505757606,0.02467596318040574,0.02106539878462041,0.5546093003026076,1.0357733081792009,1.0341142880338432,1.0231835256931106,0.9411956876837635,1.048016701461378,0.9239052404881549,1.0130736392742796
pretrained,35,23,115812.97108764929,-0.045336288571636296,-0.046069909787500585,-0.04251989406283757,0.13653886036376495,0.05480634509567372,0.2643295276377882,0.0002643295276377882,0.0005044262457106794,0.2017704982842718,1.4035409965685435,0.9999999999999999,0.8070819973945618,0.807081993137087,4.257474817137563e-09,False,0.8112912178039551,0.7046785982176539,2.957571268081665,57,0.026223345260534964,0.5691747633474213,-0.10270009509154729,0.01930160687438079,0.021180652614150725,-0.0990704031927245,0.5658901301877839,0.9120432847339066,0.8673832471904358,0.9509451683395475,0.9694550503297468,0.9555112881806108,0.8717948717948719,1.0287068738477745
pretrained,35,24,112879.14703393776,-0.024817100468844777,-0.02533243060909962,-0.025673128642683913,0.11409677847818578,0.0646209351420949,0.02535212997879277,2.535212997879277e-05,0.0005032321491411755,0.2012928596564702,1.4025857193129405,1.0,0.8051714301109314,0.805171438625881,8.514949634275126e-09,False,0.8261523246765137,0.7175867916371073,3.0129892826080322,58,0.028115429782441664,0.5600877430822169,-0.1032832834337439,0.01958534201341014,0.030620070972612906,-0.0980095762227263,0.5628842738057886,1.0000531712757406,0.9794685529360748,1.000391488535496,0.999641962047977,1.0055594162612926,1.0401069518716577,0.9831029185867896
pretrained,36,1,108374.62987139284,0.08562025942302087,0.08374629871392836,0.074489424789814,0.07727481866679431,0.055707877539606085,1.2370761164597104,0.0012370761164597105,0.0004905813586499009,0.19623254345996038,1.3924650869199209,1.0,0.7849299907684326,0.7849301738398418,1.8307140914330944e-07,False,1.0149492025375366,0.8815736761483163,4.174267292022705,36,-0.10689287313393184,0.06845760664769582,0.1774621116263526,0.32467449775763924,-0.08933967032602855,0.08066545001098088,0.544972877417292,1.0551013292304916,1.0682486990147664,1.0238423367924046,1.11468200270636,1.0955492037566352,1.1479440440864774,1.0770221535291085
pretrained,36,2,107754.61760170567,-0.0045662282330029,-0.005721009339759053,-0.009155482988823202,0.07196552476636442,0.07692378176786623,0.6808419722531522,0.0006808419722531523,0.000479909728414246,0.1919638913656984,1.3839277827313967,1.0,0.7678554654121399,0.7678555654627934,1.0005065353979603e-07,False,1.0427154302597046,0.9056911151143295,4.693323135375977,37,-0.08993217854627542,-0.102031712819423,0.25844516099563664,0.22073374928108283,0.02386976831725665,0.2099332535373313,0.47898195923439096,1.0700646851823017,1.0958744957492952,1.07574187376562,1.0303490136570561,1.039508013417816,0.9737813884785819,0.9787132265008371
pretrained,36,3,104316.32445833687,-0.031106073478169072,-0.03190854573005675,-0.03343375833804572,0.041377267467478496,0.05691002078319582,0.3392458079116686,0.0003392458079116686,0.0004893327717270169,0.1957331086908068,1.3914662173816137,1.0,0.7829323410987854,0.7829324347632274,9.36644419802235e-08,False,0.9869036674499512,0.8572136338871914,4.098597526550293,38,-0.09427427181175776,-0.10145883687904902,0.2873183744294303,0.30010804108210976,0.037128339920725145,0.04465244284697942,0.5265259104115623,0.9607720184563087,0.9483673729353325,0.9771948490503586,0.9664212076583212,0.9602007888131946,0.943875616230565,0.9630987292277614
pretrained,36,4,102476.35644286871,-0.016074473817971002,-0.01763835166760519,-0.01953666935705393,0.024165149199554925,0.04649102178260723,1.0925224785293852,0.0010925224785293852,0.0004981690538781031,0.19926762155124123,1.3985352431024825,0.9999999999999999,0.7970705032348633,0.7970704862049649,1.7029898380371833e-08,False,1.032825231552124,0.8971005976670717,4.308358192443848,39,-0.08966123844896046,0.16595613424267086,0.07690721963133129,0.11851678256477627,0.2859109735914639,-0.10960638310228077,0.5519765115209988,0.972334225393994,0.9770852563241543,0.9539229191567941,1.0146296860713198,1.00336071695295,1.0297308155885898,0.9807155544278103
pretrained,36,5,105051.35765374058,0.02665235974175384,0.02512775922422117,0.020897480033001636,0.04808464894276143,0.0604403942040974,0.9936095587909222,0.0009936095587909223,0.0004925153763698681,0.19700615054794723,1.3940123010958945,0.9999999999999999,0.7880247235298157,0.7880246021917889,1.2133802673730543e-07,False,0.8635217547416687,0.7500454661754399,3.175855875015259,40,0.03138080638434204,0.5416665787675551,-0.08745205748294083,0.028912795973675576,0.05259904664541992,-0.10955409306500641,0.5424469227769545,1.1075456274694473,1.1179570958597118,1.1183717604729042,1.0432562331030337,1.0900632675846669,0.9914163090128755,0.9314359637774902
pretrained,36,6,111946.6296423467,0.06778456578852143,0.06563715255669145,0.055223300254794105,0.10671718907942518,0.0681847976373929,1.5213137295629298,0.0015213137295629299,0.000491803450775998,0.1967213803103992,1.3934427606207982,0.9999999999999999,0.7868854403495789,0.7868855212415964,8.089201752881081e-08,False,0.9937968254089355,0.8632009548161402,3.9691245555877686,41,-0.0964460958327566,0.06171094732625143,0.3056630130325045,0.20054214554173605,-0.10027528447764261,0.05489695178610937,0.5739083226237978,1.03712146290818,1.0565291374240031,1.0326546656799105,1.0463576158940397,0.9351314441789006,1.1279024006296734,1.0611111111111111
pretrained,36,7,110194.96476932586,-0.014209925157873116,-0.01564732121562884,-0.017113763732296745,0.09251751920486806,0.05828187715479248,0.9651192788566861,0.0009651192788566862,0.0004940605802195413,0.19762423208781654,1.395248464175633,0.9999999999999999,0.7904969453811646,0.7904969283512662,1.7029898380371833e-08,False,1.0425989627838135,0.9055899527501281,4.599933624267578,42,-0.11387847896133152,0.20965628538812908,0.06741710965122494,0.327638926250594,0.10724223617996487,-0.08374575312648502,0.48566967461790356,0.9888633335144615,1.0141533291379978,0.9796166893478648,1.0192625206384152,0.910551296093465,1.0568736915561758,0.9814136125654451
pretrained,36,8,109592.48393544214,-0.004203805852880604,-0.005467408017643116,-0.007810136363930787,0.0875286661181327,0.056425665543908606,0.7669259251228401,0.0007669259251228401,0.0005028163841260332,0.2011265536504133,1.4022531073008264,0.9999999999999998,0.8045060634613037,0.8045062146016528,1.5114034912500074e-07,False,0.9830693602561951,0.853883196974851,4.043083190917969,43,0.027826050030333643,0.45141471895788393,-0.08909956392432963,0.14198543104742253,0.09890066060636724,-0.11202698972608366,0.4809996930084058,1.026091448048592,1.0093070419373205,1.0316766856435173,1.0105291576673865,1.057337610264635,0.9290194783757015,0.9554547879434515
pretrained,36,9,108133.58200763247,-0.012222379949233031,-0.01331206188071321,-0.014896952251173294,0.07521790970596332,0.05172391678007812,0.6051301211118697,0.0006051301211118697,0.0004986440496785302,0.19945761987141206,1.398915239742824,0.9999999999999998,0.7978304028511047,0.7978304794856479,7.663454315576246e-08,False,0.9670376777648926,0.8399582544916557,3.7425224781036377,44,0.06397870715175355,0.38221749450479237,0.07738104994807923,0.09494888569627488,-0.08668842379535949,-0.11276919607605257,0.5809314825705119,1.0424386351216453,1.004133253410209,1.0662471630729378,0.9422922789206518,1.0401971937808114,0.9470504619758351,0.9678950307091011
pretrained,36,10,111007.78906971277,0.027484210960768474,0.026580152148085068,0.021666758472715212,0.09916231250043095,0.04555288643504847,0.40449471984590785,0.00040449471984590785,0.0004757687103535448,0.19030748414141793,1.380614968282836,1.0,0.7612298727035522,0.7612299365656718,6.386211959252819e-08,False,0.937995195388794,0.8147322748182315,3.5589518547058105,45,-0.07821523078850337,0.4244449021560805,0.054267372403826036,0.07007462105580739,0.07265458575316838,-0.11209225335291456,0.5688660027725356,1.0524253138754247,1.054036194252693,1.0270848634564504,0.9872412815423873,1.0051039008384979,1.121575984990619,1.0374963945774445
pretrained,36,11,112711.55384224327,0.016444222959003163,0.015348155177296041,0.010526305218655557,0.11277951025353616,0.06181785068899316,0.5803935517157828,0.0005803935517157828,0.0004985236642616137,0.19940946570464546,1.398818931409291,0.9999999999999999,0.797637939453125,0.7976378628185818,7.663454315576246e-08,False,0.9927093386650085,0.8622563758320794,4.11461877822876,46,0.03650817487921032,0.48372209657515797,-0.09464946548853603,0.17893854369010243,0.07242043901767048,-0.10476000021610943,0.42782021154250416,1.0054865027130322,0.9846774920370601,1.0193239990459473,1.0485353245261344,1.019949220166848,1.0441619270659084,1.0467055879899918
pretrained,36,12,111756.70133096649,-0.007786291624925168,-0.00847164712690629,-0.01053297805328758,0.10519907254732874,0.05905080694160317,0.19337068285260883,0.00019337068285260885,0.0004976017400622367,0.19904069602489471,1.3980813920497894,1.0,0.7961628437042236,0.7961627840995789,5.960464477539063e-08,False,0.946611225605011,0.8222160635758611,3.674893617630005,47,0.04337462782859802,0.5261691845953465,-0.10326537862420082,0.1179412268102169,0.04534832760691643,-0.0957753174006939,0.4662073291838169,1.0222140006378042,1.054929753081416,0.9992198688185272,0.9627499315256095,1.0142247510668565,1.0807433514899072,0.9436918990703851
pretrained,36,13,114004.42086798539,0.020780332210748487,0.020112615263780054,0.01465865279324377,0.1228410333683656,0.059666160555861804,0.16682565744434066,0.00016682565744434067,0.0004875124072922128,0.19500496291688513,1.39000992583377,0.9999999999999998,0.7800197601318359,0.7800198516675398,9.15357039055209e-08,False,0.8973762392997742,0.779451097837968,3.3322904109954834,48,0.05654389757130826,0.5452257950923272,-0.0918161834457091,0.05918519172285283,0.028104996042592173,-0.10318877947117602,0.5059450824878045,1.022748062827226,1.0116330078314992,1.0125485675873276,0.8998577524893313,0.9817671809256661,0.9866587607471095,1.0382775119617225
pretrained,36,14,119605.84765107222,0.05007081449874651,0.04913341728715204,0.03789095251870211,0.16392047743575744,0.0637698309737946,0.40334899883185116,0.00040334899883185115,0.0004897487376417432,0.1958994950566973,1.3917989901133947,1.0,0.783598005771637,0.7835979802267894,2.554484757055775e-08,False,0.9989193677902222,0.8676503385951568,4.046810626983643,49,0.05114017746278218,0.5582024524254459,-0.09443753265908786,0.06600397772022656,0.2082572350544589,-0.10146196239760943,0.3122956523937839,1.028990413717977,1.0399761864870785,1.0121727778274432,0.9920961112867532,1.1142857142857145,0.933293269230769,0.9915966386554621
pretrained,36,15,113641.50321376265,-0.04894675112641367,-0.04986666249554483,-0.04651665803205069,0.12003979908733364,0.05271959367253786,0.4863557315298489,0.0004863557315298489,0.00048136773918356214,0.19254709567342487,1.3850941913468495,0.9999999999999998,0.7701885104179382,0.770188382693699,1.2772423918505638e-07,False,0.86185622215271,0.7485988029498103,3.1442019939422607,50,0.04644499453050749,0.5314849178705896,-0.0914981056536947,0.04017701478941099,0.02231904970748083,-0.10104899001973017,0.5521211187754358,0.9524308174608502,0.9468745137780623,0.9571047153564893,1.0296367112810707,0.9903846153846152,1.0135222150676113,0.9600874794969929
pretrained,36,16,118677.12674008207,0.04492518032298487,0.044311482899405785,0.03403433313406252,0.15737764515471742,0.06607025866642507,0.09182701313069888,9.182701313069888e-05,0.000495657834357449,0.1982631337429796,1.396526267485959,0.9999999999999999,0.7930524945259094,0.7930525349719182,4.0446008764405406e-08,False,0.8409225940704346,0.730416084625116,3.0726635456085205,51,0.05076535658112594,0.568551002602492,-0.10174120350607804,0.020672284598861418,0.021296425323401175,-0.09652193023690156,0.536978064637099,1.0691438500861281,1.0726581795633896,1.0583749337868538,1.0225936242649336,0.9190938511326862,1.0320838627700126,1.019362186788155
pretrained,36,17,118326.07302453415,-0.0023960078985415523,-0.0029580570847216325,-0.005582288701780806,0.15487772522235532,0.06164737538837424,0.05806612116949916,5.806612116949917e-05,0.000505491742598159,0.20219669703926363,1.4043933940785274,1.0,0.8087868094444275,0.8087867881570547,2.1287372753420186e-08,False,0.846045970916748,0.7348661932112456,3.095309019088745,52,0.02568902341382842,0.5695890177573477,-0.10569793092353005,0.033519050904682685,0.03559822110193114,-0.09649876611573358,0.5378013838614737,0.9916662901143084,1.0025358571630094,0.9627064136965677,0.9576271186440679,0.9838028169014084,1.0421668205601724,0.9972067039106144
pretrained,36,18,119790.61878951063,0.01293586977533212,0.01237720248412888,0.0075556239066328,0.16521008898272405,0.055534797074718464,0.050090419394629326,5.0090419394629326e-05,0.0005015944662903036,0.20063778651612146,1.4012755730322428,0.9999999999999999,0.8025512099266052,0.8025511460644856,6.386211959252819e-08,False,0.8504950404167175,0.7387306058781272,3.108119010925293,53,0.042250179286514006,0.5742756766932351,-0.10190053603478841,0.025686981688652716,0.03075056762567588,-0.09873725048133306,0.5276743812220437,1.0436129187650538,1.0069045203783964,1.0537813804467038,1.0290771175726925,1.0293486041517539,0.9503839338452451,1.0114845938375352
pretrained,36,19,112206.36064252582,-0.06277113859003824,-0.06331262183653497,-0.05929427478484838,0.10878492602940426,0.057382236630571896,0.07784977235964369,7.78497723596437e-05,0.0005000664120806116,0.20002656483224462,1.400053129664489,0.9999999999999998,0.8001062870025635,0.8001062593289778,2.7673585645260346e-08,False,0.8117402195930481,0.7050685962163894,2.954416036605835,54,0.02516529123697961,0.5680047382733651,-0.10281770330454623,0.021923564108354693,0.019862092765314227,-0.09720886152769839,0.5650708784482308,0.9298536593307981,0.8801916899722919,0.9556161965613983,0.9324324324324325,0.9551460361613352,0.8760099440646364,0.9872611464968152
pretrained,36,20,115880.47660281361,0.03331179814774865,0.032744275273244305,0.02531857015672232,0.13704186475902036,0.05876737145787559,0.037452127252305956,3.7452127252305955e-05,0.0005119258843894515,0.20477035375578062,1.4095407075115614,1.0,0.8190813660621643,0.8190814150231227,4.896095839868053e-08,False,0.8304483294487,0.7213182539706884,3.0419843196868896,55,0.02488937734493188,0.5608688568962472,-0.10296999902597495,0.019072368208851137,0.03858815639146737,-0.10180035472980567,0.5613515949142831,0.9869331771848514,0.9986076251350232,0.9760156672096543,1.0082345191040842,1.0462322533673099,0.9882937211777227,1.0513323983169707
pretrained,36,21,119360.80388187588,0.030850508486528483,0.030033767387678934,0.022517064741784318,0.16220403392252702,0.052902088434446944,0.28186289806451115,0.0002818628980645112,0.0005107494297304323,0.20429977189217297,1.4085995437843457,0.9999999999999998,0.8171990513801575,0.8171990875686914,3.618853394726784e-08,False,0.8232605457305908,0.7150750243589107,3.009418487548828,56,0.0305336836193289,0.5732924855713333,-0.10545431157307966,-0.0988454603190933,0.024634617513843937,0.02106315935296671,0.5547758258347,1.0357733081792009,1.0341142880338432,1.0231835256931106,0.9411956876837635,1.048016701461378,0.9239052404881549,1.0130736392742796
pretrained,36,22,113862.52849299736,-0.04533086769557049,-0.04606432941185479,-0.043111949897206146,0.12174794180729898,0.053117155639561965,0.26411962722029003,0.00026411962722029,0.0005044645776173898,0.20178583104695597,1.403571662093912,1.0,0.8071432709693909,0.8071433241878241,5.3218433215818095e-08,False,0.8112213611602783,0.7046179215079077,2.957354784011841,57,0.026180635073355246,0.5691869788404023,-0.1027089200381722,0.01929869210081439,0.021173429542354155,-0.09907691100878377,0.5659460954900299,0.9120432847339066,0.8673832471904358,0.9509451683395475,0.9694550503297468,0.9555112881806108,0.8717948717948719,1.0287068738477745
pretrained,36,23,110977.8506163855,-0.024819511330314015,-0.025334742823573064,-0.026244197390664376,0.09891929385380127,0.0683109887433334,0.025244047599179642,2.524404759917964e-05,0.0005032403274838413,0.20129613099353655,1.402592261987073,0.9999999999999999,0.8051846027374268,0.805184523974146,7.876328078637584e-08,False,0.8260184526443481,0.717470511867406,3.0124595165252686,58,0.028067116226468763,0.5600867965923888,-0.10328231512435845,0.019586034651313505,0.030558534498725615,-0.0980138158691781,0.5629976490246398,1.0000531712757406,0.9794685529360748,1.000391488535496,0.999641962047977,1.0055594162612926,1.0401069518716577,0.9831029185867896
pretrained,36,24,104322.06360999496,-0.05923804180440473,-0.05997401255677082,-0.060065908422924086,0.04143000493311633,0.05153239004478286,0.2790772286908967,0.0002790772286908967,0.000503542408613222,0.2014169634452888,1.4028339268905774,0.9999999999999998,0.8056677579879761,0.8056678537811548,9.579317872265847e-08,False,0.8258873820304871,0.7173566653787269,3.011237144470215,59,0.032834305561014576,0.5733651399080242,-0.1030515701110874,-0.09836539333420141,0.02207425901932375,0.023248520812817974,0.5498947381441082,0.9160800047452287,0.912869623396696,0.9328680427305247,1.0992120343839542,1.0241879751209397,1.1696658097686377,0.9851562499999998
pretrained,37,1,99432.39179481758,-0.0040136342580375794,-0.005676082051824238,-0.009132109690960425,-0.005708483874688586,0.06847251632543679,1.1922969349793024,0.0011922969349793026,0.0004782447830906937,0.19129791323627748,1.3825958264725549,0.9999999999999999,0.7651916742324829,0.7651916529451097,2.1287373197509396e-08,False,1.0480797290802002,0.9103504858683723,4.839954853057861,37,-0.08423075186354775,-0.10706716137272973,0.265713876911572,0.22114699227469306,0.023720874318054724,0.22936615986483436,0.4513500098671232,1.0700646851823017,1.0958744957492952,1.07574187376562,1.0303490136570561,1.039508013417816,0.9737813884785819,0.9787132265008371
pretrained,37,2,96261.85985555395,-0.03105342952933876,-0.03188630869713105,-0.035925037554823534,-0.03883303470403887,0.056009734509465,0.3716827684215138,0.00037168276842151383,0.00048825869602816445,0.19530347841126577,1.3906069568225317,1.0,0.7812139987945557,0.7812139136450633,8.514949234594837e-08,False,0.9902262687683105,0.8600996087234474,4.1587300300598145,38,-0.08912841283849307,-0.1061750655727727,0.2899564648313182,0.3081335867089885,0.03583089954086713,0.048422436629022875,0.5129600907010692,0.9607720184563087,0.9483673729353325,0.9771948490503586,0.9664212076583212,0.9602007888131946,0.943875616230565,0.9630987292277614
pretrained,37,3,94696.84878850846,-0.014706232979211697,-0.016257851961242742,-0.019227279128891078,-0.05600134829549974,0.04117931074860411,1.0781413465738297,0.0010781413465738297,0.0004978779543723379,0.19915118174893517,1.3983023634978704,1.0,0.7966047525405884,0.7966047269957408,2.554484757055775e-08,False,1.033606767654419,0.8977794313003414,4.351809501647949,39,-0.0878538531916482,0.13133854738303594,0.07742821744510106,0.14131092599460057,0.31159038415976936,-0.11129732855728697,0.5374831067664283,0.972334225393994,0.9770852563241543,0.9539229191567941,1.0146296860713198,1.00336071695295,1.0297308155885898,0.9807155544278103
pretrained,37,4,97290.17163532245,0.028980781394774446,0.027385524228010993,0.02560739365700291,-0.027853053593480448,0.05081802090032772,1.0589407959154675,0.0010589407959154676,0.0004925896706325668,0.19703586825302674,1.3940717365060533,0.9999999999999998,0.7881434559822083,0.7881434730121066,1.7029898380371833e-08,False,0.8857906460762024,0.7693879794248222,3.291249990463257,40,0.036122178392750864,0.535767553108079,-0.08680390034403121,0.03368651654039109,0.06507741447005952,-0.11023196790899553,0.526382205741746,1.1075456274694473,1.1179570958597118,1.1183717604729042,1.0432562331030337,1.0900632675846669,0.9914163090128755,0.9314359637774902
pretrained,37,5,103648.02240924045,0.0675491323775721,0.06534936332263297,0.05948076107442192,0.03519625675863569,0.07137098555388435,1.5701805161578315,0.0015701805161578315,0.0004925241454371384,0.19700965817485538,1.3940193163497105,0.9999999999999999,0.7880385518074036,0.7880386326994211,8.089201752881081e-08,False,0.9871095418930054,0.8573924541563581,3.9549667835235596,41,-0.09558790443199022,0.04888654606682913,0.311063108167478,0.21384200187666075,-0.10142175374286516,0.05387658359748976,0.5693414184663976,1.03712146290818,1.0565291374240031,1.0326546656799105,1.0463576158940397,0.9351314441789006,1.1279024006296734,1.0611111111111111
pretrained,37,6,101871.82162679435,-0.015697637536159603,-0.017136851636522454,-0.01972031178199525,0.018374282474811765,0.057966749963426496,0.9694630929401943,0.0009694630929401943,0.0004937735785331045,0.19750943141324181,1.3950188628264837,1.0,0.7900375723838806,0.7900377256529674,1.5326908675561413e-07,False,1.049781084060669,0.9118282640279246,4.6499834060668945,42,-0.11333384045532774,0.1583122941000121,0.08408068439790181,0.3643996896488326,0.12332635692187718,-0.08417559095791408,0.4673904063446181,0.9888633335144615,1.0141533291379978,0.9796166893478648,1.0192625206384152,0.910551296093465,1.0568736915561758,0.9814136125654451
pretrained,37,7,101591.18459713104,-0.0014746533538503304,-0.0027548052560738556,-0.005557832763867175,0.015662624699584127,0.05692349977279072,0.7808877101966314,0.0007808877101966314,0.0005019772797822952,0.2007909119129181,1.4015818238258362,1.0,0.8031636476516724,0.8031636476516724,0.0,False,1.0185891389846802,0.8847352847752622,4.446200370788574,43,0.03281853348016739,0.40260377526283264,-0.08636225014925003,0.1909610629081726,0.11888092011213303,-0.11442866176366806,0.4555266201496124,1.026091448048592,1.0093070419373205,1.0316766856435173,1.0105291576673865,1.057337610264635,0.9290194783757015,0.9554547879434515
pretrained,37,8,100223.72004786678,-0.012283698225337814,-0.01346046465239148,-0.01603621940747372,0.0022322065850272077,0.05211602585833597,0.6932593200887952,0.0006932593200887952,0.0004988522029348783,0.1995408811739513,1.3990817623479024,0.9999999999999999,0.7981634140014648,0.7981635246958048,1.1069433991650612e-07,False,0.9955087900161743,0.8646879483804152,3.9534215927124023,44,0.07572276251656668,0.32940339403493063,0.09216014402253286,0.12152492361409323,-0.08451706064598902,-0.11502382052796228,0.5807296569858278,1.0424386351216453,1.004133253410209,1.0662471630729378,0.9422922789206518,1.0401971937808114,0.9470504619758351,0.9678950307091011
pretrained,37,9,102652.54382088609,0.025189921608180788,0.024234021365993064,0.021189130613545076,0.02584002034586108,0.04837366294577597,0.4583264929907662,0.0004583264929907662,0.00047452131020171294,0.1898085240806852,1.3796170481613703,1.0,0.7592340111732483,0.7592340963227406,8.514949234594837e-08,False,0.9637091159820557,0.8370671024617354,3.748286485671997,45,-0.07490016094275884,0.38675617107323235,0.06126096525362559,0.08878667333296367,0.08717795142105647,-0.11490836313792635,0.565826762999807,1.0524253138754247,1.054036194252693,1.0270848634564504,0.9872412815423873,1.0051039008384979,1.121575984990619,1.0374963945774445
pretrained,37,10,104380.9867188647,0.018016765647973276,0.01683779898328197,0.012898109971750463,0.041971118079811576,0.06465975524400062,0.6612594649195671,0.0006612594649195671,0.0004975130754922118,0.1990052301968847,1.3980104603937693,1.0,0.7960208058357239,0.7960209207875386,1.1495181473364369e-07,False,1.0263866186141968,0.8915080895269664,4.495426177978516,46,0.04458369740418025,0.44756984018853735,-0.092323615614857,0.23089212977460452,0.08637267404368945,-0.10668161458202771,0.3895868887858731,1.0054865027130322,0.9846774920370601,1.0193239990459473,1.0485353245261344,1.019949220166848,1.0441619270659084,1.0467055879899918
pretrained,37,11,103437.3155630385,-0.008314130061300551,-0.00904064222316503,-0.011572074004808567,0.03323090457566713,0.05663721001328242,0.23510073870420456,0.00023510073870420457,0.0004977708655808654,0.19910834623234613,1.3982166924646922,1.0,0.7964332699775696,0.7964333849293843,1.1495181473364369e-07,False,0.9837271571159363,0.8544545520676488,3.98628568649292,47,0.0539994543152196,0.5037022685366017,-0.1022272849721568,0.1575088208275182,0.05210928299597331,-0.09688106126018933,0.4317885195570333,1.0222140006378042,1.054929753081416,0.9992198688185272,0.9627499315256095,1.0142247510668565,1.0807433514899072,0.9436918990703851
pretrained,37,12,105276.5717480848,0.018507699230402297,0.017781360382708167,0.013627693777815635,0.05012104460155731,0.06524892496149086,0.22394504291670664,0.00022394504291670664,0.000489449624770454,0.1957798499081816,1.3915596998163633,1.0,0.7831194400787354,0.7831193996327266,4.0446008764405406e-08,False,0.9263197183609009,0.8045910843246272,3.517322063446045,48,0.07121238990553788,0.5328701226306813,-0.0901694582509143,0.07601107044943742,0.03036384231277875,-0.1056103916572673,0.48532242460974623,1.022748062827226,1.0116330078314992,1.0125485675873276,0.8998577524893313,0.9817671809256661,0.9866587607471095,1.0382775119617225
pretrained,37,13,110876.27937283234,0.05421645715888879,0.05319044429131892,0.04462420577658255,0.09809383426602725,0.06697167775774787,0.4839038694543498,0.0004839038694543498,0.0004898169131151268,0.19592676524605074,1.3918535304921014,0.9999999999999999,0.7837069630622864,0.7837070609842027,9.792191635327185e-08,False,1.020121455192566,0.8860662377224936,4.210963726043701,49,0.060912086495331336,0.5532793839062964,-0.09361264216048379,0.08422878278153281,0.24039253486054282,-0.10231412308556695,0.2571139772023473,1.028990413717977,1.0399761864870785,1.0121727778274432,0.9920961112867532,1.1142857142857145,0.933293269230769,0.9915966386554621
pretrained,37,14,105397.37632953645,-0.048402293044828126,-0.04941456436207192,-0.049493416001211356,0.051209778815185736,0.05218721100739689,0.5858495661190579,0.0005858495661190579,0.000478476355118411,0.1913905420473644,1.3827810840947286,0.9999999999999998,0.765562117099762,0.7655621681894571,5.10896951411155e-08,False,0.8766299486160278,0.7614310987101442,3.215008497238159,50,0.05317855732781546,0.5227156217609132,-0.0902551327432905,0.04683426128966467,0.023159564605781002,-0.10113540930407389,0.5455025370631899,0.9524308174608502,0.9468745137780623,0.9571047153564893,1.0296367112810707,0.9903846153846152,1.0135222150676113,0.9600874794969929
pretrained,37,15,110107.67476608734,0.04533178897420531,0.044690850954616,0.03730199439307047,0.09179809479729795,0.06572643178083482,0.11777363557900702,0.00011777363557900703,0.0004955575575253794,0.19822302301015177,1.3964460460203036,1.0,0.7928921580314636,0.7928920920406073,6.599085633496315e-08,False,0.8546446561813354,0.7423349163353118,3.137082099914551,51,0.06177366604762416,0.5682906628187214,-0.1018042817179646,0.021926102095416594,0.022597252258232642,-0.09641874129218717,0.523635339790157,1.0691438500861281,1.0726581795633896,1.0583749337868538,1.0225936242649336,0.9190938511326862,1.0320838627700126,1.019362186788155
pretrained,37,16,109752.8077797351,-0.0026415897000887645,-0.003222908730986407,-0.006338292115925761,0.08886157882455448,0.06803552286364582,0.07667707705071986,7.667707705071986e-05,0.0005063515555645738,0.20254062222582953,1.4050812444516592,1.0,0.8101625442504883,0.8101624889033183,5.534716995825306e-08,False,0.8581136465072632,0.7453480430479642,3.148745059967041,52,0.02775272673794202,0.5690841781241553,-0.1060643760221345,0.038491144244159975,0.03920308819838933,-0.09647624620369502,0.5280094849211829,0.9916662901143084,1.0025358571630094,0.9627064136965677,0.9576271186440679,0.9838028169014084,1.0421668205601724,0.9972067039106144
pretrained,37,17,111139.90425489418,0.013206826338066469,0.012638368923944654,0.0085541257009117,0.1002331640429105,0.056349190348886365,0.061189936207873497,6.11899362078735e-05,0.0005000152638448136,0.20000610553792547,1.4000122110758506,0.9999999999999998,0.8000243902206421,0.8000244221517012,3.193105913013028e-08,False,0.8621498942375183,0.7488538832816528,3.1576457023620605,53,0.048413909705621844,0.574530482026083,-0.10157689478780543,0.02763319175158227,0.03326886865709508,-0.09842921075012004,0.516159653397543,1.0436129187650538,1.0069045203783964,1.0537813804467038,1.0290771175726925,1.0293486041517539,0.9503839338452451,1.0114845938375352
pretrained,37,18,104091.07806917522,-0.06286579004042314,-0.06342300034335835,-0.06341042072518357,0.03930286961247942,0.049602525895049945,0.0974874421954155,9.74874421954155e-05,0.0004972790474338191,0.19891161897352766,1.397823237947055,0.9999999999999998,0.7956464290618896,0.79564647589411,4.6832220323977936e-08,False,0.8142391443252563,0.7072391346601686,2.960526943206787,54,0.02613710399184907,0.5671187580696173,-0.10238743413771903,0.02262535478387559,0.020032053547246104,-0.09652418483580863,0.5629983485809393,0.9298536593307981,0.8801916899722919,0.9556161965613983,0.9324324324324325,0.9551460361613352,0.8760099440646364,0.9872611464968152
pretrained,37,19,107492.56245128976,0.03325070012925302,0.032677962849554154,0.027072313363434138,0.06970307787280638,0.06655789793785657,0.04367482715419338,4.367482715419338e-05,0.0005107850674539804,0.20431402698159218,1.4086280539631844,1.0,0.8172561526298523,0.8172561079263687,4.470348358154297e-08,False,0.834743857383728,0.7250493021287763,3.059429407119751,55,0.02534485049545765,0.5605222638696432,-0.1028162706643343,0.019133880734443665,0.04186946712434292,-0.10149775631725788,0.5574435647577047,0.9869331771848514,0.9986076251350232,0.9760156672096543,1.0082345191040842,1.0462322533673099,0.9882937211777227,1.0513323983169707
pretrained,37,20,110720.54128325815,0.030850660217586645,0.03002978772071918,0.02447618243776719,0.096825224651238,0.052919286813288446,0.28758271091750687,0.00028758271091750687,0.0005090404421623264,0.20361617686493055,1.4072323537298612,1.0,0.8144647479057312,0.8144647074597224,4.0446008764405406e-08,False,0.8284206390380859,0.7195570244580127,3.027723550796509,56,0.03272367774375848,0.5738125531268972,-0.10559630260935851,-0.09801987425557204,0.026074854124869623,0.021624482635940828,0.5493806092334645,1.0357733081792009,1.0341142880338432,1.0231835256931106,0.9411956876837635,1.048016701461378,0.9239052404881549,1.0130736392742796
pretrained,37,21,105594.83241597297,-0.04555684468456633,-0.04629410954713453,-0.046304946958341024,0.052983960369699434,0.04927365353604928,0.27042033949068617,0.00027042033949068616,0.0005023336556873152,0.2009334622749261,1.4018669245498523,1.0,0.8037338256835938,0.8037338490997046,2.3416110828122783e-08,False,0.8127204179763794,0.705919985714492,2.960507869720459,57,0.026804364153317023,0.5692329414721047,-0.10245115975184102,0.019479513966611434,0.021470394783786345,-0.09848230252308507,0.5639462478991066,0.9120432847339066,0.8673832471904358,0.9509451683395475,0.9694550503297468,0.9555112881806108,0.8717948717948719,1.0287068738477745
pretrained,37,22,102924.67992049581,-0.0247715789122257,-0.025286772414757408,-0.02783667888110946,0.028415730053811927,0.06536897130443901,0.02583963264312092,2.583963264312092e-05,0.0005025797842868737,0.2010319137147495,1.4020638274294988,0.9999999999999998,0.8041276335716248,0.8041276548589975,2.1287372753420186e-08,False,0.8280864953994751,0.7192667909811892,3.0201468467712402,58,0.02853214288396494,0.5611211034868444,-0.10331563172595842,0.01962447086615221,0.03175145494086401,-0.09771628198879106,0.5600027415369238,1.0000531712757406,0.9794685529360748,1.000391488535496,0.999641962047977,1.0055594162612926,1.0401069518716577,0.9831029185867896
pretrained,37,23,96756.4389168193,-0.059191723563366216,-0.05992965932409178,-0.06462678150261689,-0.03352294813132972,0.05376206634950463,0.2824783484850611,0.0002824783484850611,0.0005021930193262441,0.20087720773049766,1.4017544154609953,0.9999999999999999,0.8035086393356323,0.8035088309219907,1.9158635833349535e-07,False,0.8304674625396729,0.7213348727623509,3.027601718902588,59,0.03492945273007664,0.5739229119249752,-0.10301331962857929,-0.09786388810191837,0.02293376651193413,0.024021461872117844,0.5450696146913937,0.9160800047452287,0.912869623396696,0.9328680427305247,1.0992120343839542,1.0241879751209397,1.1696658097686377,0.9851562499999998
pretrained,37,24,103912.43921579405,0.07521430157683184,0.07395890525825055,0.06690124017335457,0.037651307632853515,0.0854603118165735,0.6737988569906781,0.0006737988569906782,0.0004944610648921559,0.19778442595686235,1.3955688519137246,1.0,0.7911376357078552,0.7911377038274492,6.811959396557654e-08,False,1.0190870761871338,0.8851677875339821,4.127178192138672,60,0.17811355633395057,0.584459057876042,-0.09964071320635934,-0.09814371275050301,0.04316664380686622,0.18359515709536414,0.20845001084463935,1.0911163764566931,1.1234912300099247,1.0672516751244587,0.9214727924405344,0.9787449392712549,0.9501831501831501,0.9801744647105474
pretrained,38,1,96707.40307125126,-0.031143985381484107,-0.03292596928748737,-0.037429472944041454,-0.034046999755777074,0.06764946376528765,1.3546509455357278,0.0013546509455357278,0.0004863085597753525,0.194523423910141,1.389046847820282,1.0,0.778093695640564,0.778093695640564,0.0,False,0.9918638467788696,0.8615219909107912,4.196506023406982,38,-0.08461849018931389,-0.1099049337208271,0.2902187444269657,0.30928585305809975,0.03224944695830345,0.05637707561254501,0.5063923038542271,0.9607720184563087,0.9483673729353325,0.9771948490503586,0.9664212076583212,0.9602007888131946,0.943875616230565,0.9630987292277614
pretrained,38,2,95219.17797788867,-0.013836205035867022,-0.015388946927528457,-0.018560348963120837,-0.05020860422909257,0.04797488979610683,1.080588924033301,0.0010805889240333012,0.0004951793221490724,0.19807172885962898,1.396143457719258,0.9999999999999999,0.7922868728637695,0.7922869154385159,4.257474639501879e-08,False,1.0346230268478394,0.8986621428201133,4.4278059005737305,39,-0.08382131691489902,0.12892186109508785,0.06890566859926495,0.16093195442642483,0.3180388755031994,-0.11425041194472996,0.5212733692356518,0.972334225393994,0.9770852563241543,0.9539229191567941,1.0146296860713198,1.00336071695295,1.0297308155885898,0.9807155544278103
pretrained,38,3,98220.94849540666,0.03316245878560786,0.031524852254186,0.029256288109231487,-0.01811275020090597,0.056791318379102215,1.0951517501047678,0.001095151750104768,0.0004911483797643866,0.19645935190575461,1.3929187038115092,1.0,0.7858373522758484,0.7858374076230183,5.534716995825306e-08,False,0.912199854850769,0.7923267267092726,3.4287562370300293,40,0.05053067633083888,0.5365539720015866,-0.087800710861172,0.038143411810908995,0.0719559123473508,-0.10865864104458262,0.49927537941506933,1.1075456274694473,1.1179570958597118,1.1183717604729042,1.0432562331030337,1.0900632675846669,0.9914163090128755,0.9314359637774902
pretrained,38,4,104436.02257879355,0.06552233654252237,0.06327646167739398,0.05694044701557412,0.04247598165131872,0.0729656967330114,1.6171530038118362,0.0016171530038118363,0.0004928403879914965,0.1971361551965986,1.394272310393197,0.9999999999999999,0.7885445356369019,0.7885446207863942,8.514949234594837e-08,False,0.9895278215408325,0.8594929451698586,3.9888854026794434,41,0.0476002139704568,-0.09211335277983121,0.2994292309241635,0.22689528071454593,-0.1050228024167674,0.0564224650817258,0.5667889645057065,1.03712146290818,1.0565291374240031,1.0326546656799105,1.0463576158940397,0.9351314441789006,1.1279024006296734,1.0611111111111111
pretrained,38,5,102549.5663435784,-0.016356224615546533,-0.01806327154782139,-0.0211294036566802,0.02486179546616918,0.07030434943061324,1.2440313579780715,0.0012440313579780715,0.0004929082973727158,0.19716331894908634,1.3943266378981727,1.0,0.7886533737182617,0.7886532757963454,9.792191635327185e-08,False,1.052762746810913,0.9144181033865797,4.655969619750977,42,-0.10986889047282083,0.12922444300992147,0.09695549415690558,0.39194185393197195,0.13060850756508963,-0.0872944284762655,0.44843302028519766,0.9888633335144615,1.0141533291379978,0.9796166893478648,1.0192625206384152,0.910551296093465,1.0568736915561758,0.9814136125654451
pretrained,38,6,102581.40203644359,0.001560254630673663,0.000310442003806477,-0.0028796933085391916,0.025164425375337585,0.06364646435415194,0.7495654416935784,0.0007495654416935784,0.0004990794296775544,0.1996317718710218,1.3992635437420435,1.0,0.7985270619392395,0.7985270874840871,2.554484757055775e-08,False,1.0530598163604736,0.9146761347188109,4.88700532913208,43,0.04688792356422969,0.3427043786006314,-0.08373366243072919,0.2521440317588193,0.13515447878411838,-0.11589810944029261,0.422740959163223,1.026091448048592,1.0093070419373205,1.0316766856435173,1.0105291576673865,1.057337610264635,0.9290194783757015,0.9554547879434515
pretrained,38,7,101173.090967692,-0.01246379927976693,-0.013728717299567261,-0.016030806141232166,0.011594891057214118,0.04922543646217396,0.7841830807072775,0.0007841830807072775,0.000497520635170596,0.1990082540682384,1.3980165081364766,0.9999999999999999,0.7960330843925476,0.7960330162729532,6.811959440966575e-08,False,1.0197813510894775,0.8857708270520057,4.1490349769592285,44,0.09601536499602453,0.26937744872910635,0.10292472051722662,0.15164404468876974,-0.08230587733643396,-0.11670237673180445,0.579046675137111,1.0424386351216453,1.004133253410209,1.0662471630729378,0.9422922789206518,1.0401971937808114,0.9470504619758351,0.9678950307091011
pretrained,38,8,103298.22521658053,0.022017605548231733,0.02100493548790716,0.017745018498473895,0.03192915666910334,0.05178494226830655,0.5163426335368837,0.0005163426335368837,0.00047500241813915116,0.19000096725566049,1.380001934511321,1.0,0.7600038051605225,0.760003869022642,6.386211959252819e-08,False,0.9867375493049622,0.857069345499766,3.980055093765259,45,-0.06919135579041072,0.3404913800103324,0.0686552780015128,0.11564801952668599,0.10475150815078191,-0.12080961146524977,0.5604547815663474,1.0524253138754247,1.054036194252693,1.0270848634564504,0.9872412815423873,1.0051039008384979,1.121575984990619,1.0374963945774445
pretrained,38,9,105234.57074266506,0.02001682945036265,0.018745196464166725,0.014467527685640103,0.04974193086666745,0.0669049302384801,0.7533230589968818,0.0007533230589968818,0.0004941331275871821,0.19765325103487288,1.3953065020697457,0.9999999999999999,0.7906129360198975,0.7906130041394914,6.811959396557654e-08,False,1.0629925727844238,0.9233036173288321,4.951417922973633,46,0.06540512187140327,0.39490716797964914,-0.08940422641379495,0.29073669654982426,0.10288502914564948,-0.10824902462107794,0.3437192354883466,1.0054865027130322,0.9846774920370601,1.0193239990459473,1.0485353245261344,1.019949220166848,1.0441619270659084,1.0467055879899918
pretrained,38,10,104191.8556769269,-0.00915730685616778,-0.009908484050245803,-0.012374544924967684,0.04023208579684778,0.05729399710296031,0.26229604652949734,0.00026229604652949735,0.0004961109986262663,0.19844439945050651,1.396888798901013,0.9999999999999999,0.793777585029602,0.7937775978020261,1.277242400732348e-08,False,1.0336263179779053,0.8977964124955605,4.498383522033691,47,0.08138921697224888,0.46163105805005344,-0.10043639849339214,0.21122731108750614,0.062278563422816124,-0.09800800095711437,0.3819182499178818,1.0222140006378042,1.054929753081416,0.9992198688185272,0.9627499315256095,1.0142247510668565,1.0807433514899072,0.9436918990703851
pretrained,38,11,105680.40236687782,0.015085683861495891,0.014286593518082036,0.01038132058127311,0.0537507639983984,0.06274715240555011,0.2982046114546911,0.0002982046114546911,0.0004893200764698643,0.19572803058794572,1.3914560611758913,0.9999999999999998,0.7829120755195618,0.7829121223517825,4.6832220768067145e-08,False,0.9705027341842651,0.8429679642564896,3.8676581382751465,48,0.10452792580638612,0.5053830647042818,-0.08736419145550048,0.10168526108775819,0.033074145870549326,-0.10836383913244524,0.45105763311897,1.022748062827226,1.0116330078314992,1.0125485675873276,0.8998577524893313,0.9817671809256661,0.9866587607471095,1.0382775119617225
pretrained,38,12,111691.80722355215,0.058011339646895754,0.056882872529244066,0.04768135784608801,0.1046791838559018,0.06494124022830786,0.5795921257564001,0.0005795921257564001,0.0004875697381794453,0.1950278952717781,1.3900557905435562,1.0,0.7801116704940796,0.7801115810871124,8.940696716308594e-08,False,1.040992021560669,0.904194181338219,4.37924337387085,49,0.0790376365184784,0.5421741679310799,-0.0918656587600708,0.11319860816001892,0.2693641558289528,-0.1031622365117073,0.19125332683324814,1.028990413717977,1.0399761864870785,1.0121727778274432,0.9920961112867532,1.1142857142857145,0.933293269230769,0.9915966386554621
pretrained,38,13,106270.48294202056,-0.04742237119302961,-0.04853824480322677,-0.04841414214727845,0.05900493503395143,0.054797866506561606,0.6940472892352513,0.0006940472892352512,0.00047806474513241226,0.19122589805296492,1.3824517961059295,0.9999999999999998,0.7649036645889282,0.764903592211859,7.237706922680331e-08,False,0.9039489030838013,0.7851600410635846,3.369107723236084,50,0.0682786532810756,0.504413431244237,-0.08896547768797194,0.059357000248772745,0.024701839046818858,-0.10226042036499297,0.5344749742320605,0.9524308174608502,0.9468745137780623,0.9571047153564893,1.0296367112810707,0.9903846153846152,1.0135222150676113,0.9600874794969929
pretrained,38,14,111109.5408292518,0.04622875730605158,0.04553529590969618,0.03736178577672602,0.09998728053718131,0.07241119453007717,0.16867323858397354,0.00016867323858397353,0.0004943665729037354,0.19774662916149416,1.3954932583229882,1.0,0.7909864783287048,0.7909865166459764,3.831727157788123e-08,False,0.8770962953567505,0.7618361623424431,3.2555489540100098,51,0.0840382043804441,0.5669519816126143,-0.10152472662074227,0.023601275735667754,0.02418174674468379,-0.09622190254075189,0.4989734206880842,1.0691438500861281,1.0726581795633896,1.0583749337868538,1.0225936242649336,0.9190938511326862,1.0320838627700126,1.019362186788155
pretrained,38,15,110697.3200578814,-0.0030912710618983263,-0.0037100393746013482,-0.00666334073343395,0.0966357636507188,0.06623647693942873,0.11448974055903272,0.00011448974055903272,0.0005063899899167675,0.20255599596670698,1.4051119919334136,0.9999999999999998,0.8102239370346069,0.8102239838668273,4.6832220323977936e-08,False,0.8774333596229553,0.7621289326441621,3.238576650619507,52,0.03160270090614045,0.5676780321768351,-0.10613664452518737,0.047532139079911356,0.04428145076547349,-0.09641935144151961,0.5114616730383463,0.9916662901143084,1.0025358571630094,0.9627064136965677,0.9576271186440679,0.9838028169014084,1.0421668205601724,0.9972067039106144
pretrained,38,16,112156.01096038557,0.013768921372825815,0.013177291932103152,0.009045545804399507,0.10838483694537937,0.05407054980522131,0.08241556957364077,8.241556957364076e-05,0.0005013487687600512,0.20053950750402044,1.4010790150080408,0.9999999999999998,0.8021580576896667,0.8021580300160815,2.7673585201171136e-08,False,0.8822484612464905,0.7663112767739715,3.255694627761841,53,0.06150453883622373,0.5745641027710267,-0.10171676826264178,0.031098371105534678,0.03677195283983434,-0.09882273924137866,0.49660054195140085,1.0436129187650538,1.0069045203783964,1.0537813804467038,1.0290771175726925,1.0293486041517539,0.9503839338452451,1.0114845938375352
pretrained,38,17,105030.95844164465,-0.06293920263273489,-0.06352804863269923,-0.06297654766745463,0.04789976704287491,0.04982955529900333,0.1312996926052229,0.0001312996926052229,0.0004972946244691099,0.19891784978764399,1.3978356995752879,0.9999999999999999,0.795671284198761,0.7956713991505757,1.1495181473364369e-07,False,0.8202364444732666,0.7124483233813654,2.983050584793091,54,0.02870077879301139,0.5654856456177575,-0.10233740082808904,0.024361048425946913,0.020362278978739462,-0.09658044895955495,0.5600080979721886,0.9298536593307981,0.8801916899722919,0.9556161965613983,0.9324324324324325,0.9551460361613352,0.8760099440646364,0.9872611464968152
pretrained,38,18,108450.04875031773,0.03313196637142135,0.032553166793890975,0.02675936279743072,0.07791650485812218,0.0651475003563311,0.0515677678797927,5.15677678797927e-05,0.0005088270216115884,0.20353080864463535,1.4070616172892705,0.9999999999999998,0.8141233921051025,0.814123234578541,1.575265615727517e-07,False,0.8412171602249146,0.7306719415360081,3.085787296295166,55,0.026610243267246647,0.5596292215798582,-0.10248543588178499,0.019344612157770558,0.04614616291863577,-0.10104537276285036,0.551800568721124,0.9869331771848514,0.9986076251350232,0.9760156672096543,1.0082345191040842,1.0462322533673099,0.9882937211777227,1.0513323983169707
pretrained,38,19,111957.73501025,0.03293142689033046,0.03234379606419502,0.02604389967167909,0.10680579603682816,0.05690783014053773,0.06246060026543482,6.246060026543482e-05,0.0005065975431352854,0.20263901725411415,1.4052780345082283,1.0,0.8105561137199402,0.8105560690164566,4.470348358154297e-08,False,0.835463285446167,0.7256741894040635,3.0534441471099854,56,0.03628806211054325,0.574226500466466,-0.10557008348405361,0.022323375567793846,0.02771197259426117,-0.09706893377006054,0.5420891065150499,1.0357733081792009,1.0341142880338432,1.0231835256931106,0.9411956876837635,1.048016701461378,0.9239052404881549,1.0130736392742796
pretrained,38,20,106772.93639672622,-0.04578885612933614,-0.046310320703157326,-0.04578620853628886,0.06343308168992057,0.04826988378762537,0.04588933821235383,4.5889338212353835e-05,0.000500747657247952,0.2002990628991808,1.4005981257983617,1.0,0.8011963367462158,0.8011962515967235,8.514949234594837e-08,False,0.8150880336761475,0.7079764705818455,2.967576742172241,57,0.028038391311253824,0.5690207066280502,-0.1022591409938676,0.019736321110810556,0.021780810718025484,-0.09803992190531322,0.5617228331310409,0.9120432847339066,0.8673832471904358,0.9509451683395475,0.9694550503297468,0.9555112881806108,0.8717948717948719,1.0287068738477745
pretrained,38,21,104079.9708777457,-0.024705958669518746,-0.025221424172268914,-0.02754465115528399,0.03920034607367551,0.0662383107807786,0.026976683842284493,2.6976683842284493e-05,0.0005016862082162074,0.20067448328648296,1.4013489665729657,0.9999999999999998,0.8026978969573975,0.8026979331459314,3.618853394726784e-08,False,0.8311442136764526,0.7219226913310013,3.0315582752227783,58,0.02963780159396784,0.561696051752993,-0.10326563646750792,0.019766223749944134,0.033008764630981846,-0.09740884681897505,0.556565641558596,1.0000531712757406,0.9794685529360748,1.000391488535496,0.999641962047977,1.0055594162612926,1.0401069518716577,0.9831029185867896
pretrained,38,22,97839.51719459383,-0.05921829810304924,-0.05995825739115568,-0.0642007436979166,-0.02208190378851893,0.05836987671444319,0.28669701729501995,0.00028669701729501995,0.0005001491148556982,0.20005964594227926,1.4001192918845586,1.0,0.8002384901046753,0.8002385837691173,9.36644419802235e-08,False,0.8356709480285645,0.7258545628313294,3.0463876724243164,59,0.03795660606452397,0.5742851974708694,-0.10285878607204982,-0.09720085987022944,0.023698359195675173,0.02462486124464444,0.5394946219665664,0.9160800047452287,0.912869623396696,0.9328680427305247,1.0992120343839542,1.0241879751209397,1.1696658097686377,0.9851562499999998
pretrained,38,23,105225.26917338689,0.0767751634626852,0.07548843443394615,0.06733584270048763,0.04965793116458417,0.08807984505230942,0.7022494780165809,0.0007022494780165809,0.0004934490259204592,0.1973796103681837,1.3947592207363673,1.0,0.7895184755325317,0.7895184414727345,3.4059797204832876e-08,False,1.0197913646697998,0.8857795247373618,4.131281852722168,60,0.19348429569176265,0.5841696304934365,-0.09942726365157536,-0.09795234671660832,0.043340702142034254,0.18726361223629542,0.1891213698046548,1.0911163764566931,1.1234912300099247,1.0672516751244587,0.9214727924405344,0.9787449392712549,0.9501831501831501,0.9801744647105474
pretrained,38,24,102890.0744102169,-0.020990321103844578,-0.02219233822364597,-0.02537033308803477,0.028088952474602413,0.07602708796106031,0.7365449262516839,0.0007365449262516839,0.0004919982249183315,0.1967992899673326,1.3935985799346648,0.9999999999999998,0.7871969938278198,0.7871971598693297,1.6604150987475919e-07,False,0.8188230395317078,0.7112206554477379,2.9716570377349854,61,0.0272342094353267,0.5706441790929861,-0.10238656987036979,-0.0944127200969628,0.023871360080582743,0.02119533504758561,0.5538542063108511,0.9575598807831897,0.9536357930098714,0.9593638617140574,0.9904526166902407,1.019303688383316,0.9602929838087895,1.0035059331175835
pretrained,39,1,98474.30627378178,-0.013626608618763858,-0.015256937262182135,-0.01777202020217995,-0.015493317840457044,0.045574047234458126,1.1608962948833192,0.0011608962948833192,0.0004933225736021995,0.19732902944087982,1.3946580588817596,1.0,0.7893159985542297,0.7893161177635193,1.1920928955078125e-07,False,1.0354218482971191,0.8993559903150097,4.43922233581543,39,-0.08266551792621613,0.11169540137052536,0.07661405205726624,0.17311806231737137,0.3167247399687767,-0.1146635115146637,0.5191767737269402,0.972334225393994,0.9770852563241543,0.9539229191567941,1.0146296860713198,1.00336071695295,1.0297308155885898,0.9807155544278103
pretrained,39,2,101667.02540884264,0.034084494345639316,0.032421849473956765,0.02897622097921995,0.016396913376179656,0.05828020474833499,1.1196890398859978,0.0011196890398859978,0.0004894473031163215,0.19577892124652863,1.3915578424930573,1.0,0.7831156253814697,0.7831156849861145,5.960464477539063e-08,False,0.9241986870765686,0.8027487799591679,3.5033891201019287,40,0.05412236973643303,0.5295574069023132,-0.08631003648042679,0.042649876326322556,0.07738079875707626,-0.10946888476610184,0.49206846952438354,1.1075456274694473,1.1179570958597118,1.1183717604729042,1.0432562331030337,1.0900632675846669,0.9914163090128755,0.9314359637774902
pretrained,39,3,108017.88491356943,0.06471576855238736,0.06246725011563492,0.05404972016491801,0.07422738299296405,0.07561498903732769,1.6225593984127045,0.0016225593984127045,0.0004915222339332104,0.19660889357328415,1.3932177871465683,1.0,0.786435604095459,0.7864355742931366,2.9802322387695312e-08,False,0.9875806570053101,0.8578016595435884,3.9856209754943848,41,0.04638976976275444,-0.09449636191129684,0.30239051580429077,0.23284049332141876,-0.1021125316619873,0.05181243643164635,0.5631756782531738,1.03712146290818,1.0565291374240031,1.0326546656799105,1.0463576158940397,0.9351314441789006,1.1279024006296734,1.0611111111111111
pretrained,39,4,106007.32575648552,-0.016918425111699498,-0.018613206125010384,-0.020505318807028758,0.056668968051182045,0.05893807730493496,1.2334978729486465,0.0012334978729486466,0.0004919373244047165,0.1967749297618866,1.3935498595237732,1.0,0.7870997190475464,0.7870997190475464,0.0,False,1.052711009979248,0.9143731653455731,4.643165111541748,42,-0.10766111314296722,0.11284798383712769,0.10432448983192444,0.40439650416374207,0.13573604822158813,-0.08911381661891937,0.4394699037075043,0.9888633335144615,1.0141533291379978,0.9796166893478648,1.0192625206384152,0.910551296093465,1.0568736915561758,0.9814136125654451
pretrained,39,5,106175.84790487941,0.002829246109404604,0.0015897217215063986,-0.0013463961946499035,0.05816622166664698,0.05687299620229672,0.7386661853109087,0.0007386661853109087,0.0004981256888381072,0.1992502755352429,1.3985005510704858,0.9999999999999999,0.7970011234283447,0.7970011021409715,2.1287373197509396e-08,False,1.0617351531982422,0.9222114365534007,5.021565914154053,43,0.05074880910771232,0.3140727904226098,-0.0820939365242209,0.2763395634080682,0.14543441204088073,-0.11715633901102201,0.4126547005559717,1.026091448048592,1.0093070419373205,1.0316766856435173,1.0105291576673865,1.057337610264635,0.9290194783757015,0.9554547879434515
pretrained,39,6,104691.7438190748,-0.012683248353064225,-0.013977793585733145,-0.016089142621405657,0.04481484067342445,0.054755232563662604,0.8151887548821313,0.0008151887548821313,0.0004968467807131155,0.1987387122852462,1.3974774245704924,0.9999999999999999,0.7949548959732056,0.7949548491409848,4.6832220768067145e-08,False,1.026431679725647,0.8915472291110689,4.208258152008057,44,0.10088364247764858,0.24310382668461117,0.10959489111389431,0.16673093502010616,-0.08117196496043888,-0.11756674732480732,0.5784254169889859,1.0424386351216453,1.004133253410209,1.0662471630729378,0.9422922789206518,1.0401971937808114,0.9470504619758351,0.9678950307091011
pretrained,39,7,106743.42332228644,0.02062973524596501,0.019597338131622788,0.01631430125456885,0.06317413394103233,0.04089984026078062,0.5362786927393506,0.0005362786927393506,0.0004757627764982838,0.19030511059931352,1.3806102211986269,0.9999999999999998,0.7612203359603882,0.7612204423972537,1.0643686554345777e-07,False,0.9963992834091187,0.8654614211138693,4.075309753417969,45,-0.06807455633367812,0.3184741341641971,0.07252873267446244,0.12875785465751374,0.11159707392965043,-0.1222305542656354,0.5589473151734896,1.0524253138754247,1.054036194252693,1.0270848634564504,0.9872412815423873,1.0051039008384979,1.121575984990619,1.0374963945774445
pretrained,39,8,108836.30522338391,0.020904517872533335,0.0196066589955477,0.014843211461808083,0.08118894890126616,0.06343206996851487,0.7790373691490717,0.0007790373691490718,0.0004930547092642103,0.19722188370568414,1.3944437674113683,1.0,0.7888874411582947,0.7888875348227367,9.36644419802235e-08,False,1.0714627504348755,0.930660720157495,5.072241306304932,46,0.07111253163644246,0.37401537916490013,-0.08802760073116847,0.31051193497010643,0.10938176086970738,-0.10919428297451567,0.3322002770645278,1.0054865027130322,0.9846774920370601,1.0193239990459473,1.0485353245261344,1.019949220166848,1.0441619270659084,1.0467055879899918
pretrained,39,9,107667.49043294578,-0.009982933527831417,-0.0107391994614221,-0.012965317816597299,0.07121453655243337,0.0598181093552903,0.269263431429863,0.00026926343142986297,0.000494920297392777,0.1979681189571108,1.3959362379142217,1.0,0.791872501373291,0.7918724758284434,2.554484757055775e-08,False,1.0460741519927979,0.9086084637441914,4.656172275543213,47,0.08838355860539845,0.44420245609113146,-0.09924837627581187,0.23114316484757833,0.06533959082194737,-0.09871974268129893,0.3688993485910552,1.0222140006378042,1.054929753081416,0.9992198688185272,0.9627499315256095,1.0142247510668565,1.0807433514899072,0.9436918990703851
pretrained,39,10,109067.76344756785,0.013828547780451839,0.013005532208388848,0.008847264791251683,0.08313880436291332,0.061540060384565345,0.3227017585720334,0.0003227017585720334,0.0004894176205354078,0.19576704821416313,1.3915340964283263,0.9999999999999999,0.7830681800842285,0.7830681928566525,1.277242400732348e-08,False,0.9820767045021057,0.8530209871419899,3.9781875610351562,48,0.11229283575500759,0.4950564524957112,-0.08648493673120228,0.11167855773653301,0.03401568744863781,-0.10928211148296085,0.44272351477827343,1.022748062827226,1.0116330078314992,1.0125485675873276,0.8998577524893313,0.9817671809256661,0.9866587607471095,1.0382775119617225
pretrained,39,11,115332.25515738322,0.05858530963220554,0.057436693591199406,0.046234876665438976,0.13293987130019014,0.0713238054367568,0.5983061641454697,0.0005983061641454696,0.0004873310854392393,0.19493243417569572,1.3898648683513914,0.9999999999999999,0.7797298431396484,0.7797297367027829,1.0643686554345777e-07,False,1.0449575185775757,0.9076385682831118,4.420612812042236,49,0.08269781832184109,0.537716167313712,-0.09150751467261997,0.12186585579599651,0.27446456466402325,-0.10342491950307575,0.1781880280801228,1.028990413717977,1.0399761864870785,1.0121727778274432,0.9920961112867532,1.1142857142857145,0.933293269230769,0.9915966386554621
pretrained,39,12,109777.1422154595,-0.04703015406449418,-0.048166169423663474,-0.0466302487667381,0.0890635520122206,0.05507858957537144,0.714367927717311,0.000714367927717311,0.0004784221827451672,0.19136887309806688,1.3827377461961337,1.0,0.7654754519462585,0.7654754923922673,4.0446008764405406e-08,False,0.9125699400901794,0.7926481786638921,3.4228968620300293,50,0.07284880668989249,0.49727901310792993,-0.0887371724737542,0.06421412767044135,0.025218494768653593,-0.10263170062431268,0.5318084308611495,0.9524308174608502,0.9468745137780623,0.9571047153564893,1.0296367112810707,0.9903846153846152,1.0135222150676113,0.9600874794969929
pretrained,39,13,114799.74644811937,0.04646369220344093,0.045752732593475676,0.037040610811079816,0.12891793672042395,0.05627547794247068,0.18514174808348924,0.00018514174808348925,0.000494481668408428,0.1977926673633712,1.3955853347267424,0.9999999999999999,0.7911707758903503,0.7911706694534848,1.0643686554345777e-07,False,0.8824858665466309,0.7665174843976227,3.287163019180298,51,0.08999042053307804,0.5663167371281556,-0.10155250291739193,0.024140483034508553,0.02446046684469494,-0.09624016444597927,0.492884559822934,1.0691438500861281,1.0726581795633896,1.0583749337868538,1.0225936242649336,0.9190938511326862,1.0320838627700126,1.019362186788155
pretrained,39,14,114355.8413961132,-0.0032383672599662905,-0.0038667772860176974,-0.00672472982665453,0.12553658143606772,0.0668674908459659,0.12420796177216922,0.00012420796177216921,0.0005064425165099757,0.2025770066039903,1.4051540132079803,0.9999999999999998,0.810308039188385,0.8103080264159606,1.277242445141269e-08,False,0.8829832077026367,0.7669494694369761,3.266047477722168,52,0.03267077888761247,0.5670303122273512,-0.1061319692858628,0.050511048840624934,0.045662143932921534,-0.09644503731812751,0.5067027227154799,0.9916662901143084,1.0025358571630094,0.9627064136965677,0.9576271186440679,0.9838028169014084,1.0421668205601724,0.9972067039106144
pretrained,39,15,115880.71616562216,0.013933308299622027,0.013334472038266876,0.008700709556297207,0.13704364877176545,0.05612715558801044,0.08852785612855638,8.852785612855638e-05,0.0005022537708282471,0.20090150833129883,1.4018030166625977,1.0,0.8036059141159058,0.8036060333251953,1.1920928955078125e-07,False,0.8877637982368469,0.7711018376154689,3.284899950027466,53,0.06526550650596619,0.5744392722845078,-0.10187172889709473,0.032236870378255844,0.03771555796265602,-0.0990297794342041,0.491244301199913,1.0436129187650538,1.0069045203783964,1.0537813804467038,1.0290771175726925,1.0293486041517539,0.9503839338452451,1.0114845938375352
pretrained,39,16,108516.85334320099,-0.06294925746316349,-0.06354692192181821,-0.06134847317434976,0.07848415320581714,0.05577955216802903,0.14061534830502104,0.00014061534830502105,0.0004974025434681347,0.1989610173872539,1.3979220347745076,0.9999999999999998,0.7958440184593201,0.7958440695490152,5.10896951411155e-08,False,0.8222514986991882,0.7141985772434727,2.990920066833496,54,0.029567086270877285,0.5648038956735815,-0.10233830181615694,0.02501559177679674,0.02042953217668192,-0.09662271557109697,0.5591449114893163,0.9298536593307981,0.8801916899722919,0.9556161965613983,0.9324324324324325,0.9551460361613352,0.8760099440646364,0.9872611464968152
pretrained,39,17,112046.22285756543,0.03310391880042696,0.032523699366791226,0.0258452376432542,0.10751119092054295,0.06363600142943222,0.05344470643571422,5.3444706435714226e-05,0.0005083404321755681,0.20333617287022726,1.4066723457404546,1.0,0.8133446574211121,0.8133446914809093,3.4059797204832876e-08,False,0.8431088924407959,0.7323150792611999,3.093550682067871,55,0.02710122375616006,0.5590838151318687,-0.10241739132574626,0.019505893279399195,0.047151885394539156,-0.100918781544481,0.5504933553082603,0.9869331771848514,0.9986076251350232,0.9760156672096543,1.0082345191040842,1.0462322533673099,0.9882937211777227,1.0513323983169707
pretrained,39,18,115670.66928550658,0.03293785433786223,0.032347778760454915,0.02527909961017553,0.135476602515605,0.0537262396977304,0.06527058354445864,6.527058354445863e-05,0.0005061521620622703,0.20246086482490816,1.4049217296498164,1.0,0.8098434805870056,0.8098434592996329,2.1287372753420186e-08,False,0.8376230001449585,0.7275500937564044,3.061856985092163,56,0.03748379913823943,0.5742327560271536,-0.10555438058716912,0.022597371467522193,0.028088982083967734,-0.09690648423773904,0.5400579561080252,1.0357733081792009,1.0341142880338432,1.0231835256931106,0.9411956876837635,1.048016701461378,0.9239052404881549,1.0130736392742796
pretrained,39,19,110307.3735151666,-0.04584304022656571,-0.04636694681087994,-0.04463617575610424,0.09344228936562793,0.05203725212254326,0.04880736023187637,4.8807360231876374e-05,0.0005004214269242117,0.2001685707696847,1.4003371415393695,1.0,0.800674319267273,0.800674283078739,3.618853394726784e-08,False,0.8159044981002808,0.7086856425699883,2.9703009128570557,57,0.028503832274249602,0.5688385971422707,-0.10223453412098546,0.019844272040895033,0.02184007955448966,-0.09793403664869924,0.5611417897577797,0.9120432847339066,0.8673832471904358,0.9509451683395475,0.9694550503297468,0.9555112881806108,0.8717948717948719,1.0287068738477745
pretrained,39,20,107527.72385002706,-0.024683514742975254,-0.025199128367945023,-0.026902688161743266,0.07000728352184094,0.06935364635912541,0.027386925050190858,2.7386925050190858e-05,0.0005014157494796174,0.20056629979184698,1.4011325995836936,0.9999999999999998,0.8022652864456177,0.8022651991673873,8.727823042065097e-08,False,0.8321636915206909,0.7228081985353519,3.0353965759277344,58,0.030091719435794,0.5615438965282269,-0.10326918986226832,0.01986760619495595,0.03328539404485906,-0.09729710992957866,0.5557776835880108,1.0000531712757406,0.9794685529360748,1.000391488535496,0.999641962047977,1.0055594162612926,1.0401069518716577,0.9831029185867896
pretrained,39,21,101078.93675348216,-0.059232522506216134,-0.05997325029905087,-0.06204914724889235,0.010674199671426576,0.05432126796955977,0.2880762586636203,0.0002880762586636203,0.0004995993099042347,0.19983972396169392,1.3996794479233876,0.9999999999999998,0.7993589043617249,0.7993588958467752,8.514949634275126e-09,False,0.837073028087616,0.7270723940969948,3.051670551300049,59,0.038931456527539654,0.5742787729416574,-0.10285416884081705,-0.09698555512087687,0.023826205304690762,0.024751384875604077,0.5380519043122018,0.9160800047452287,0.912869623396696,0.9328680427305247,1.0992120343839542,1.0241879751209397,1.1696658097686377,0.9851562499999998
pretrained,39,22,108751.87748022114,0.07720534587445793,0.0759103822535474,0.06528059085156052,0.08047564495438586,0.09041708862797534,0.7096247460160937,0.0007096247460160937,0.0004932495446077416,0.19729981784309664,1.3945996356861932,1.0,0.7891992330551147,0.7891992713723863,3.831727157788123e-08,False,1.0196430683135986,0.8856507161589927,4.1307806968688965,60,0.19787041363971572,0.5839840721871172,-0.09941390635711808,-0.09788591148597856,0.04312839997666221,0.1881770443703447,0.18413988766925674,1.0911163764566931,1.1234912300099247,1.0672516751244587,0.9214727924405344,0.9787449392712549,0.9501831501831501,0.9801744647105474
pretrained,39,23,106335.73177015407,-0.021007046727856582,-0.022217048257456407,-0.024689046549128266,0.05958234042954469,0.07591484048574189,0.7456215960638864,0.0007456215960638864,0.0004911083541810512,0.1964433416724205,1.392886683344841,1.0,0.7857733368873596,0.785773366689682,2.9802322387695312e-08,False,0.8194325566291809,0.7117500752718544,2.9730587005615234,61,0.027630262076854706,0.5704976879060268,-0.10234608128666878,-0.09409726038575172,0.02393602393567562,0.021217333152890205,0.5531620346009731,0.9575598807831897,0.9536357930098714,0.9593638617140574,0.9904526166902407,1.019303688383316,0.9602929838087895,1.0035059331175835
pretrained,39,24,101193.86290614324,-0.04785344135628511,-0.04835504282911263,-0.05049878475816839,0.011797779745304826,0.05428448147857046,0.02694211580923639,2.694211580923639e-05,0.0005000078997441701,0.20000315989766804,1.4000063197953359,0.9999999999999998,0.8000126481056213,0.8000126395906717,8.514949634275126e-09,False,0.8254799246788025,0.7170027524198318,3.011399269104004,62,0.04062052550060408,0.5703526783202375,-0.10186528680580004,-0.098137873091868,0.01957469726247446,0.018848466819950505,0.5506067919944013,0.906604323640961,0.8950099292047539,0.9116191074982402,0.9460906818993214,1.0010145417653027,0.8916097952629467,1.0064498790647676
pretrained,40,1,103840.90058494335,0.04035172557641653,0.03840900584943352,0.0339839803945468,0.036988321203950236,0.06008681618806863,1.3830673034702028,0.0013830673034702027,0.0004860466000224863,0.19441864000899453,1.3888372800179891,1.0,0.7776744365692139,0.7776745600359782,1.234667643679188e-07,False,0.9600018262863159,0.8338469915463823,3.739628314971924,40,0.08323432451912335,0.5246863881392139,-0.08573446476033755,0.04930707386561803,0.084629304174866,-0.10868417524865698,0.4525615493101733,1.1075456274694473,1.1179570958597118,1.1183717604729042,1.0432562331030337,1.0900632675846669,0.9914163090128755,0.9314359637774902
pretrained,40,2,110305.26517825283,0.06455295167279385,0.06225258599352701,0.05275887386285555,0.093424961733237,0.07355533332862432,1.6716337597795894,0.0016716337597795893,0.0004915791297597545,0.1966316519039018,1.3932633038078035,0.9999999999999999,0.7865265011787415,0.786526607615607,1.0643686554345777e-07,False,0.9959890246391296,0.8651050748739519,4.047452926635742,41,0.05336478884731019,-0.09663703878011023,0.2949216232768127,0.2367879764309951,-0.09999461312379157,0.05341771404658044,0.5581395493022032,1.03712146290818,1.0565291374240031,1.0326546656799105,1.0463576158940397,0.9351314441789006,1.1279024006296734,1.0611111111111111
pretrained,40,3,108171.19200794477,-0.01765355631107479,-0.01934697466036095,-0.021160602158327754,0.07553944683668312,0.0655017452354775,1.2351949417165347,0.0012351949417165346,0.0004901430383324623,0.19605721533298492,1.3921144306659698,1.0,0.7842288613319397,0.7842288613319397,0.0,False,1.0550317764282227,0.9163889574707248,4.66213321685791,42,-0.10331101715564728,0.095155268907547,0.11798013746738434,0.4200558364391327,0.14254269003868103,-0.09274619817733765,0.42032328248023987,0.9888633335144615,1.0141533291379978,0.9796166893478648,1.0192625206384152,0.910551296093465,1.0568736915561758,0.9814136125654451
pretrained,40,4,108681.08769135304,0.005930285516893896,0.004713784455391945,0.001202338829640561,0.0798767096995453,0.06269848066443236,0.716542471732412,0.0007165424717324121,0.0004935187500502383,0.1974075000200953,1.3948150000401907,1.0,0.7896300554275513,0.7896300000803813,5.534716995825306e-08,False,1.0797966718673706,0.9378994723389907,5.266991138458252,43,0.06904152355023793,0.2605869205934661,-0.07926039823463985,0.32453635654279167,0.16302973351308278,-0.11814710178545546,0.3802129658205169,1.026091448048592,1.0093070419373205,1.0316766856435173,1.0105291576673865,1.057337610264635,0.9290194783757015,0.9554547879434515
pretrained,40,5,107128.68798605667,-0.012929505807099728,-0.014283991246987537,-0.015610268364399493,0.06654322124232959,0.045535598143675596,0.8790624439716339,0.0008790624439716339,0.0004941075880612646,0.19764303522450585,1.3952860704490118,1.0,0.7905721664428711,0.7905721408980235,2.554484757055775e-08,False,1.0343605279922485,0.8984341392111352,4.289885520935059,44,0.11712790599891118,0.19434635660478047,0.11738907120057515,0.19377136549779347,-0.0783989770071847,-0.11924405821732115,0.5750083359224456,1.0424386351216453,1.004133253410209,1.0662471630729378,0.9422922789206518,1.0401971937808114,0.9470504619758351,0.9678950307091011
pretrained,40,6,109289.48279290648,0.021239744948228223,0.02017008559958322,0.016252184290038572,0.08499887231152137,0.044069335583064154,0.5732878978763309,0.0005732878978763309,0.000474673594747271,0.1898694378989084,1.3797388757978166,0.9999999999999998,0.7594776749610901,0.7594777515956332,7.663454315576246e-08,False,1.012237310409546,0.8792181565749098,4.27923059463501,45,0.08104072298322404,0.2723287248185703,-0.06397082869495666,0.1558401190808841,0.13026260371719087,-0.12589860920395174,0.5503972672990389,1.0524253138754247,1.054036194252693,1.0270848634564504,0.9872412815423873,1.0051039008384979,1.121575984990619,1.0374963945774445
pretrained,40,7,111623.61530963366,0.022414977547748238,0.02135733884979718,0.01569459767571496,0.10413222396883337,0.06877507963194081,0.5441758930683135,0.0005441758930683135,0.0004908110121531147,0.1963244048612459,1.3926488097224918,1.0,0.7852976322174072,0.7852976194449837,1.277242356323427e-08,False,1.0928418636322021,0.949230381936663,5.364290237426758,46,0.09411557550941194,0.3254786708525249,-0.08533800606216704,0.3467910566500255,0.1299118229321071,-0.11098639879907884,0.3000272789171764,1.0054865027130322,0.9846774920370601,1.0193239990459473,1.0485353245261344,1.019949220166848,1.0441619270659084,1.0467055879899918
pretrained,40,8,110284.65560074075,-0.011230304550697512,-0.011995308566012386,-0.01419497755389795,0.0932555444337958,0.0663659603772076,0.2813503316470555,0.0002813503316470555,0.0004926419444382191,0.19705677777528763,1.3941135555505753,1.0,0.7882272005081177,0.7882271111011505,8.940696716308594e-08,False,1.0762124061584473,0.9347862187008699,5.058104515075684,47,0.11335098743438721,0.4013066366314888,-0.09706833958625793,0.2699970379471779,0.07776100933551788,-0.0999884381890297,0.33464110642671585,1.0222140006378042,1.054929753081416,0.9992198688185272,0.9627499315256095,1.0142247510668565,1.0807433514899072,0.9436918990703851
pretrained,40,9,111374.75270408347,0.01075334491233293,0.009884395044847949,0.005967469195039654,0.10213044184533959,0.058148564330082746,0.37225192572389326,0.00037225192572389325,0.0004878229940576214,0.19512919762304856,1.390258395246097,0.9999999999999998,0.7805168628692627,0.7805167904921939,7.23770687827141e-08,False,1.0106756687164307,0.8778617318348497,4.286003589630127,48,0.13686625074063027,0.46650836776409826,-0.08385549326028144,0.13549760888729775,0.03741974170718873,-0.11127370436276712,0.41883722852383337,1.022748062827226,1.0116330078314992,1.0125485675873276,0.8998577524893313,0.9817671809256661,0.9866587607471095,1.0382775119617225
pretrained,40,10,117952.5015712222,0.06026216599291612,0.05905960468990168,0.046119672214473766,0.1522011091929415,0.07901990266256277,0.6501995250582695,0.0006501995250582695,0.0004846554542226451,0.19386218168905806,1.387724363378116,0.9999999999999999,0.7754487991333008,0.775448726756232,7.23770687827141e-08,False,1.0511140823364258,0.9129860916190201,4.497725486755371,49,0.09160580273185456,0.5249256023338862,-0.08989424471344268,0.14244577075753892,0.28984834040914265,-0.10396793697561538,0.1450366654566356,1.028990413717977,1.0399761864870785,1.0121727778274432,0.9920961112867532,1.1142857142857145,0.933293269230769,0.9915966386554621
pretrained,40,11,112376.26277634864,-0.04609206829290324,-0.04727529065169089,-0.04457622887912549,0.11013235776473451,0.05014954901837005,0.7637538925877638,0.0007637538925877638,0.0004774107504636049,0.19096430018544197,1.381928600370884,1.0,0.7638572454452515,0.7638572007417679,4.470348358154297e-08,False,0.9317759871482849,0.8093303391769109,3.5501203536987305,50,0.08293787948787212,0.4812819119542837,-0.08743534423410892,0.07575382851064205,0.02697494998574257,-0.10352895595133305,0.5240157302469015,0.9524308174608502,0.9468745137780623,0.9571047153564893,1.0296367112810707,0.9903846153846152,1.0135222150676113,0.9600874794969929
pretrained,40,12,117572.7256591737,0.04699332641631271,0.046241641735025985,0.036009040765403726,0.14946260334318084,0.06642409626085212,0.2253948290433202,0.0002253948290433202,0.0004928090276994875,0.19712361107979504,1.3942472221595898,0.9999999999999999,0.7884944081306458,0.7884944443191797,3.618853394726784e-08,False,0.895610511302948,0.7779174059868406,3.3627724647521973,51,0.1039653896753277,0.5654739692275013,-0.10107250218944891,0.025592026433774395,0.025926220363804264,-0.09605110889034613,0.4761660053793873,1.0691438500861281,1.0726581795633896,1.0583749337868538,1.0225936242649336,0.9190938511326862,1.0320838627700126,1.019362186788155
pretrained,40,13,117078.29493363161,-0.0035530758145635444,-0.004205318221297105,-0.00677048734772703,0.14587071790986372,0.06357203828819817,0.14904349137629788,0.00014904349137629788,0.0005057389688278947,0.2022955875311579,1.404591175062316,1.0,0.8091824054718018,0.8091823501246318,5.534716995825306e-08,False,0.8947192430496216,0.7771432602182102,3.3255035877227783,52,0.03461562043854169,0.5657990085227149,-0.10593394615820476,0.05665272793599538,0.04948223329016141,-0.09636164137295314,0.4957459973437445,0.9916662901143084,1.0025358571630094,0.9627064136965677,0.9576271186440679,0.9838028169014084,1.0421668205601724,0.9972067039106144
pretrained,40,14,118673.88908505192,0.014239090156158651,0.01362843687059856,0.008627688264935165,0.1573546567743188,0.057125011990398475,0.09962530114821028,9.962530114821027e-05,0.000502636233078582,0.20105449323143282,1.4021089864628655,1.0,0.8042179942131042,0.804217972925731,2.1287373197509396e-08,False,0.8982239961624146,0.7801874500928486,3.339670181274414,53,0.07179620010512214,0.5743494097675597,-0.10185227649552483,0.03450894621866088,0.04019090799348693,-0.09920221673590798,0.4802090291466032,1.0436129187650538,1.0069045203783964,1.0537813804467038,1.0290771175726925,1.0293486041517539,0.9503839338452451,1.0114845938375352
pretrained,40,15,111126.37577862202,-0.06298378889454626,-0.0635987694059702,-0.05973287097310688,0.10012362682273734,0.05003682043050817,0.1596452561872346,0.0001596452561872346,0.0004968881141394376,0.19875524565577507,1.3975104913115501,1.0,0.7950209379196167,0.7950209826231003,4.470348358154297e-08,False,0.8255650997161865,0.7170767345172954,3.003150463104248,54,0.030751194804906845,0.5637340489774942,-0.10217367671430111,0.026156270876526833,0.020702721551060677,-0.09658156894147396,0.5574110094457865,0.9298536593307981,0.8801916899722919,0.9556161965613983,0.9324324324324325,0.9551460361613352,0.8760099440646364,0.9872611464968152
pretrained,40,16,114736.48689810176,0.0330707118136373,0.032486537009643435,0.02536943379118363,0.1284376687530039,0.05889216278165828,0.058193410081522956,5.8193410081522955e-05,0.0005074407013931445,0.2029762805572578,1.4059525611145154,0.9999999999999998,0.8119050860404968,0.8119051222290308,3.618853394726784e-08,False,0.8465190529823303,0.7352771070723851,3.108391761779785,55,0.02749413544578211,0.5583804279033626,-0.10223973249750479,0.019659460655280514,0.04979942659182207,-0.10073654805975302,0.5476428299610103,0.9869331771848514,0.9986076251350232,0.9760156672096543,1.0082345191040842,1.0462322533673099,0.9882937211777227,1.0513323983169707
pretrained,40,17,118449.20686594806,0.03295205185405714,0.032358668704433935,0.024516323573316654,0.15575627185775498,0.05604559062868877,0.06923930825931685,6.923930825931684e-05,0.0005053794743227108,0.20215178972908432,1.4043035794581686,0.9999999999999999,0.8086071014404297,0.8086071589163373,5.747590758886645e-08,False,0.8405686616897583,0.7301086628653267,3.073061943054199,56,0.03878590118672165,0.5743411707558802,-0.10543581816766945,0.023006029693143693,0.02887659732784542,-0.09671597156141487,0.5371420907654932,1.0357733081792009,1.0341142880338432,1.0231835256931106,0.9411956876837635,1.048016701461378,0.9239052404881549,1.0130736392742796
pretrained,40,18,112948.64554344896,-0.045910648510579355,-0.04643814397781676,-0.04368352152990837,0.11464188420451571,0.05138267753338203,0.05302334683282031,5.3023346832820314e-05,0.0005000080234770263,0.20000320939081057,1.400006418781621,0.9999999999999999,0.8000128269195557,0.800012837563242,1.0643686376710093e-08,False,0.8168582916259766,0.7095140971001578,2.973393678665161,57,0.028899036880050383,0.5687084221946341,-0.10216245560773782,0.01998534479311534,0.022030003901038847,-0.09784075378307275,0.5603804016219718,0.9120432847339066,0.8673832471904358,0.9509451683395475,0.9694550503297468,0.9555112881806108,0.8717948717948719,1.0287068738477745
pretrained,40,19,110104.77415323126,-0.024662527277811153,-0.025178446156078227,-0.02634081039082733,0.09177416902166824,0.06946190415959723,0.02777041228754168,2.777041228754168e-05,0.0005013340179409299,0.20053360717637198,1.401067214352744,1.0,0.8021343350410461,0.8021344287054881,9.36644419802235e-08,False,0.8333107233047485,0.7238044976841197,3.0400068759918213,58,0.030413556311811724,0.5615277210516589,-0.10326904111674853,0.019958860640014925,0.03382450288959912,-0.09726456605962344,0.5548089662832874,1.0000531712757406,0.9794685529360748,1.000391488535496,0.999641962047977,1.0055594162612926,1.0401069518716577,0.9831029185867896
pretrained,40,20,103500.11404033999,-0.05924387324492608,-0.059985229193601164,-0.06084617739212094,0.0338174896983765,0.05778996137658409,0.28920190994228634,0.00028920190994228634,0.0004991514062775033,0.19966056251100134,1.3993211250220023,0.9999999999999998,0.7986422777175903,0.7986422500440047,2.7673585645260346e-08,False,0.8382797837257385,0.7281205687262793,3.056204319000244,59,0.039682291182024126,0.574333309861166,-0.1028487908520869,-0.09681177165891444,0.024037094520671015,0.024841814967138415,0.5367660519800015,0.9160800047452287,0.912869623396696,0.9328680427305247,1.0992120343839542,1.0241879751209397,1.1696658097686377,0.9851562499999998
pretrained,40,21,111391.44022001585,0.07754435059731635,0.07624461337888144,0.0642783154473334,0.10226495139586977,0.08338292500319765,0.7139025852084159,0.0007139025852084159,0.0004930284539503711,0.19721138158014845,1.3944227631602968,0.9999999999999998,0.7888455986976624,0.7888455263205936,7.23770687827141e-08,False,1.0195422172546387,0.8855631180421919,4.129833221435547,60,0.20107242252145494,0.5838918813637324,-0.09937609945024764,-0.09783528212990081,0.043120002107960825,0.1882888057402202,0.18083826984677995,1.0911163764566931,1.1234912300099247,1.0672516751244587,0.9214727924405344,0.9787449392712549,0.9501831501831501,0.9801744647105474
pretrained,40,22,108915.1836337585,-0.021014996918712114,-0.022230223268200455,-0.024360316769472652,0.08185436902660848,0.07899468800422704,0.7515829301306178,0.0007515829301306178,0.0004905006648706539,0.19620026594826157,1.3924005318965231,0.9999999999999999,0.7848010659217834,0.7848010637930463,2.1287371865241766e-09,False,0.8198464512825012,0.712109579599907,2.974000930786133,61,0.027860902515905228,0.5704004767217806,-0.10230486813400474,-0.09389539781425682,0.024044269961970177,0.021204766152160492,0.5526898505964449,0.9575598807831897,0.9536357930098714,0.9593638617140574,0.9904526166902407,1.019303688383316,0.9602929838087895,1.0035059331175835
pretrained,40,23,103641.80755007266,-0.0479150288664576,-0.048417272117157295,-0.04986022918774494,0.03513840250531319,0.06288525332899303,0.027859777212142944,2.7859777212142947e-05,0.000499798765938197,0.19991950637527878,1.3998390127505576,0.9999999999999999,0.7996780872344971,0.7996780255011151,6.17333819619148e-08,False,0.8262349963188171,0.7176585993132318,3.0145022869110107,62,0.04134504523660454,0.5702600556292704,-0.10185912224863258,-0.0980603841266462,0.019602265475051728,0.018797593457358208,0.5499145465769938,0.906604323640961,0.8950099292047539,0.9116191074982402,0.9460906818993214,1.0010145417653027,0.8916097952629467,1.0064498790647676
pretrained,40,24,106220.22470876669,0.02541769479247802,0.024878156987452327,0.02032435660277437,0.05855970203246341,0.06193885848751698,0.025161339768341562,2.5161339768341563e-05,0.0005011410638689995,0.2004564255475998,1.4009128510951996,1.0,0.801825761795044,0.8018257021903992,5.960464477539063e-08,False,0.8377265930175781,0.7276400733822909,3.068822145462036,63,0.05102783441543579,0.5610737837851048,-0.10196271166205406,-0.09849371388554573,0.02250014618039131,0.017025459557771683,0.5488292016088963,1.0798634244603893,1.039007305019145,1.1395080340749941,0.8803773584905662,0.9280405405405406,0.9914452949122017,1.0066755674232308
pretrained,41,1,106249.93839063724,0.06444995521284524,0.06249938390637233,0.05493531641756779,0.05882298366761196,0.07775334500088335,1.3409435653260777,0.0013409435653260777,0.0004932062354471002,0.19728249417884008,1.3945649883576803,1.0,0.789129912853241,0.7891299767153606,6.386211959252819e-08,False,0.9867898225784302,0.8571147494882023,3.9765825271606445,41,0.04572088590690068,-0.09702556633523532,0.31019576585718567,0.22502691245504788,-0.10025692784360477,0.05251839703747205,0.5638205329222339,1.03712146290818,1.0565291374240031,1.0326546656799105,1.0463576158940397,0.9351314441789006,1.1279024006296734,1.0611111111111111
pretrained,41,2,104208.05524715764,-0.017533455748892868,-0.019217734846795342,-0.0218465502009023,0.040381285661430844,0.06809704389442364,1.2243033232433456,0.0012243033232433457,0.000491505190730095,0.19660207629203796,1.393204152584076,1.0,0.7864082455635071,0.7864083051681519,5.960464477539063e-08,False,1.0498340129852295,0.911874237507664,4.60515022277832,42,-0.1070626750588417,0.09917972981929779,0.11175384372472763,0.4036131426692009,0.13710320740938187,-0.08953940123319626,0.4449521526694298,0.9888633335144615,1.0141533291379978,0.9796166893478648,1.0192625206384152,0.910551296093465,1.0568736915561758,0.9814136125654451
pretrained,41,3,104414.28953477522,0.003200239519717485,0.0019790628193612214,-0.0008435740353533411,0.0422766802747343,0.05477937297313598,0.7202307454177312,0.0007202307454177312,0.000497791852269854,0.1991167409079416,1.398233481815883,0.9999999999999999,0.7964669466018677,0.7964669636317661,1.7029898380371833e-08,False,1.0626640319824219,0.9230182504140532,5.047142505645752,43,0.051349652665001994,0.27947136546884266,-0.07985014681305205,0.28782325770173756,0.15851461674485887,-0.11926659409488954,0.42195784832750044,1.026091448048592,1.0093070419373205,1.0316766856435173,1.0105291576673865,1.057337610264635,0.9290194783757015,0.9554547879434515
pretrained,41,4,102994.93275347097,-0.012278796618545251,-0.01359351088465266,-0.015809849234984047,0.029078447583821054,0.05223233088141597,0.8343117811850139,0.0008343117811850139,0.0004976329207420348,0.19905316829681396,1.398106336593628,1.0,0.7962126135826111,0.7962126731872559,5.960464477539063e-08,False,1.031758427619934,0.8961739835450261,4.262877941131592,44,0.10441499948501587,0.2052406296133995,0.12731686979532242,0.18319929391145706,-0.07918163388967514,-0.11987153440713882,0.5788813754916191,1.0424386351216453,1.004133253410209,1.0662471630729378,0.9422922789206518,1.0401971937808114,0.9470504619758351,0.9678950307091011
pretrained,41,5,104765.97061747208,0.018243495965367673,0.017195388323037797,0.014207796248254217,0.045491590345436594,0.044106930267226445,0.5520378776959011,0.0005520378776959011,0.0004778213266815458,0.19112853067261834,1.3822570613452367,1.0,0.7645140886306763,0.7645141226904735,3.4059797204832876e-08,False,1.0144071578979492,0.8811028621564801,4.2299089431762695,45,-0.06788068690470286,0.27276888063975746,0.08442715874740056,0.14567212334700994,0.12930905393191747,-0.12324784376791548,0.558951314006533,1.0524253138754247,1.054036194252693,1.0270848634564504,0.9872412815423873,1.0051039008384979,1.121575984990619,1.0374963945774445
pretrained,41,6,107026.5969352729,0.02291128065430592,0.021577868314273108,0.01720407923712124,0.06565281095055664,0.0591428273599761,0.8112809125866209,0.0008112809125866209,0.000493115865226303,0.19724634609052116,1.3944926921810423,0.9999999999999999,0.7889854907989502,0.7889853843620847,1.0643686554345777e-07,False,1.077958583831787,0.9363029293567782,5.192643642425537,46,0.0731009638735226,0.33404727493013653,-0.08481701250587192,0.3382340243884495,0.12289118979658398,-0.11242933358464924,0.3289728931018284,1.0054865027130322,0.9846774920370601,1.0193239990459473,1.0485353245261344,1.019949220166848,1.0441619270659084,1.0467055879899918
pretrained,41,7,105576.56402421276,-0.01278654890816533,-0.013548341744782255,-0.015844201129710165,0.05282009388877096,0.060229681358489655,0.27682546632630484,0.00027682546632630485,0.0004951321173991475,0.19805284695965902,1.3961056939193182,1.0,0.7922114133834839,0.7922113878386363,2.554484757055775e-08,False,1.0586204528808594,0.9195060422321574,4.844681262969971,47,0.08999419531651906,0.4106603892786162,-0.09637803265026637,0.2625918420297759,0.07168165913649968,-0.10167481430939265,0.3631247611982482,1.0222140006378042,1.054929753081416,0.9992198688185272,0.9627499315256095,1.0142247510668565,1.0807433514899072,0.9436918990703851
pretrained,41,8,106721.64131631023,0.011702141419467349,0.010845942020189847,0.006980718318436235,0.06298292673730621,0.06364229060198034,0.3561047464609146,0.0003561047464609146,0.0004905494887913977,0.19621979551655908,1.392439591033118,1.0,0.7848790884017944,0.784879182066236,9.366444153613429e-08,False,0.9960245490074158,0.8651359309481915,4.130836009979248,48,0.11602258256503514,0.4761053802711623,-0.0841791523354394,0.1296965064746993,0.036890450332845964,-0.11204064318111967,0.43750487587281633,1.022748062827226,1.0116330078314992,1.0125485675873276,0.8998577524893313,0.9817671809256661,0.9866587607471095,1.0382775119617225
pretrained,41,9,112968.35868901704,0.0597148090812718,0.05853280830072971,0.0480860017351308,0.1147963805043567,0.07454904063839372,0.6284152567386628,0.0006284152567386629,0.0004876024302627358,0.19504097210509436,1.3900819442101888,1.0,0.7801640033721924,0.7801638884203776,1.1495181473364369e-07,False,1.0472800731658936,0.9096559135663629,4.466207504272461,49,0.08132428250142507,0.5289285885436195,-0.09063958057335444,0.13343424669333867,0.2868978785617011,-0.10440139153173991,0.16445597580501012,1.028990413717977,1.0399761864870785,1.0121727778274432,0.9920961112867532,1.1142857142857145,0.933293269230769,0.9915966386554621
pretrained,41,10,107607.9762712284,-0.04629073316294252,-0.04745029918107313,-0.04682023161625128,0.07070085819709426,0.054494186179776985,0.7372739426791668,0.0007372739426791668,0.0004793143392141376,0.19172573568565504,1.3834514713713102,1.0,0.7669029235839844,0.7669029427426204,1.915863601098522e-08,False,0.9242362380027771,0.8027813962792534,3.499133825302124,50,0.076049608577575,0.4857185533536332,-0.08781539888254233,0.07330008356698922,0.026879779462303438,-0.10391033680311271,0.5297777107251542,0.9524308174608502,0.9468745137780623,0.9571047153564893,1.0296367112810707,0.9903846153846152,1.0135222150676113,0.9600874794969929
pretrained,41,11,112536.63328742633,0.04653944300802393,0.045801967353936046,0.037818967579696924,0.11140046508595036,0.05761278618318348,0.21096797393901015,0.00021096797393901014,0.0004939606586205109,0.19758426344820434,1.3951685268964087,0.9999999999999999,0.7903369665145874,0.7903370537928174,8.727822997656176e-08,False,0.888293981552124,0.771562348991913,3.317319869995117,51,0.09409265246774468,0.5657051133790186,-0.10112830969904152,0.025300674406545487,0.025591640067952004,-0.09645595374916283,0.48689418312694344,1.0691438500861281,1.0726581795633896,1.0583749337868538,1.0225936242649336,0.9190938511326862,1.0320838627700126,1.019362186788155
pretrained,41,12,112075.62366925325,-0.003459572356065088,-0.0040965293229949795,-0.006947566001880998,0.1077453176159846,0.06584837063830477,0.13235552662185276,0.00013235552662185278,0.0005070170440844128,0.20280681763376512,1.4056136352675304,1.0,0.8112271428108215,0.8112272705350607,1.2772423918505638e-07,False,0.8899378776550293,0.772990219004541,3.302654981613159,52,0.03313744334237914,0.565895545163325,-0.10603766622287888,0.05456211684005599,0.048229082354477454,-0.09676915141088624,0.5009826299335276,0.9916662901143084,1.0025358571630094,0.9627064136965677,0.9576271186440679,0.9838028169014084,1.0421668205601724,0.9972067039106144
pretrained,41,13,113584.08506173025,0.01406343028742052,0.013459317406331106,0.009348970401401306,0.11959496838265349,0.050013607305351544,0.09268989520413529,9.268989520413529e-05,0.0005032224314553398,0.2012889725821359,1.4025779451642717,0.9999999999999998,0.805155873298645,0.8051558903285434,1.7029898380371833e-08,False,0.8925396203994751,0.7752500640390303,3.309662342071533,53,0.0669828669301101,0.574269415544612,-0.10191201258982932,0.03368315632854188,0.03935098062668527,-0.09937695999230658,0.4870025531521865,1.0436129187650538,1.0069045203783964,1.0537813804467038,1.0290771175726925,1.0293486041517539,0.9503839338452451,1.0114845938375352
pretrained,41,14,106366.34333415792,-0.06294069485464604,-0.0635453613386916,-0.06217645624463771,0.05985298671176065,0.04868949147489736,0.14796228813273557,0.00014796228813273557,0.0004975269082933664,0.19901076331734657,1.3980215266346931,1.0,0.7960430979728699,0.7960430532693863,4.470348358154297e-08,False,0.8242002129554749,0.7158912089400956,2.998445510864258,54,0.029985271394252777,0.5641186255961657,-0.10224202089011669,0.025857172906398773,0.020674213767051697,-0.09676874242722988,0.5583754796534777,0.9298536593307981,0.8801916899722919,0.9556161965613983,0.9324324324324325,0.9551460361613352,0.8760099440646364,0.9872611464968152
pretrained,41,15,109827.32568695744,0.033121981930683164,0.03253832222027775,0.026728580396524093,0.08947978679703461,0.05796439377499736,0.05686122604778843,5.686122604778843e-05,0.000508245945508991,0.20329837820359642,1.4065967564071928,0.9999999999999999,0.8131935596466064,0.8131935128143857,4.6832220768067145e-08,False,0.8453007936477661,0.7342189404593285,3.103788375854492,55,0.02709337909306797,0.5583772680589131,-0.10236560340438572,0.01966172297086033,0.049104826790945855,-0.1009327747992107,0.5490611812898091,0.9869331771848514,0.9986076251350232,0.9760156672096543,1.0082345191040842,1.0462322533673099,0.9882937211777227,1.0513323983169707
pretrained,41,16,113380.88119473009,0.03294851221806794,0.032355841185657264,0.02588070260916951,0.11801708589430182,0.05313192976195405,0.06791339708226068,6.791339708226068e-05,0.0005060175566801003,0.20240702267204014,1.40481404534408,0.9999999999999998,0.8096280694007874,0.8096280906881601,2.1287372753420186e-08,False,0.8392648696899414,0.7289762035231866,3.0682573318481445,56,0.03792292731148855,0.5742448504481996,-0.10548423124211176,0.022911307535001202,0.028685298881360455,-0.09692279142992838,0.5386426384959901,1.0357733081792009,1.0341142880338432,1.0231835256931106,0.9411956876837635,1.048016701461378,0.9239052404881549,1.0130736392742796
pretrained,41,17,108120.45810692174,-0.04587041308204676,-0.046396032844141066,-0.04553234840361002,0.07510565760728949,0.05241840233195371,0.05063334107398987,5.063334107398987e-05,0.000500407735151904,0.2001630940607616,1.400326188121523,0.9999999999999998,0.8006523847579956,0.800652376243046,8.514949634275126e-09,False,0.8166428208351135,0.7093269415491915,2.9729573726654053,57,0.028638255915471478,0.568748657724687,-0.10220162091510637,0.020019267818757458,0.02208021389586584,-0.09796147314565523,0.5606766987059797,0.9120432847339066,0.8673832471904358,0.9509451683395475,0.9694550503297468,0.9555112881806108,0.8717948717948719,1.0287068738477745
pretrained,41,18,105397.11217173992,-0.024671975968131532,-0.025188072478278478,-0.027368753516055506,0.0512074008531237,0.06940993523779429,0.02769533172249794,2.7695331722497942e-05,0.000501596447346466,0.2006385789385864,1.4012771578771726,0.9999999999999998,0.8025543689727783,0.8025543157543451,5.3218433215818095e-08,False,0.8329956531524658,0.7235308312270221,3.038994312286377,58,0.0301160022084202,0.5614725380603756,-0.10328545873718603,0.019979306629725857,0.03384178051991121,-0.09735312020140036,0.5552289515201534,1.0000531712757406,0.9794685529360748,1.000391488535496,0.999641962047977,1.0055594162612926,1.0401069518716577,0.9831029185867896
pretrained,41,19,99077.85988468677,-0.05921549732519105,-0.05995659802098008,-0.06338378185411489,-0.009307226825311599,0.057383083513591934,0.28850433762584415,0.00028850433762584414,0.000499553657802088,0.1998214631208352,1.3996429262416705,1.0,0.7992857098579407,0.799285852483341,1.4262540037890403e-07,False,0.8374621868133545,0.7274104130713402,3.0531651973724365,59,0.03901590114193301,0.5743515909250294,-0.1029368221227612,-0.096884640998074,0.02404618901865821,0.024771460198930312,0.5376363218362843,0.9160800047452287,0.912869623396696,0.9328680427305247,1.0992120343839542,1.0241879751209397,1.1696658097686377,0.9851562499999998
pretrained,41,20,106601.00896763362,0.07722609654684631,0.07593168737902478,0.06662563999066527,0.061922574950841525,0.09208323570975689,0.7091710301382201,0.0007091710301382201,0.0004931647516787052,0.1972659006714821,1.3945318013429642,1.0,0.7890636324882507,0.7890636026859283,2.9802322387695312e-08,False,1.019730806350708,0.885726924449732,4.130805969238281,60,0.19799119979143143,0.5840091779828072,-0.09942065924406052,-0.09784524142742157,0.043310053646564484,0.18794406205415726,0.18401140719652176,1.0911163764566931,1.1234912300099247,1.0672516751244587,0.9214727924405344,0.9787449392712549,0.9501831501831501,0.9801744647105474
pretrained,41,21,104233.53765267419,-0.020998686829333923,-0.022208713950148895,-0.025189244315283597,0.040615887630919056,0.07765113990722258,0.7458178379705974,0.0007458178379705974,0.0004909277175154004,0.19637108700616018,1.3927421740123205,1.0,0.785484254360199,0.785484348024641,9.36644419802235e-08,False,0.8195088505744934,0.7118163433507582,2.973193883895874,61,0.0275805624467986,0.570468298558678,-0.10239423119596072,-0.09397685581019946,0.02409039943345956,0.021179886002625742,0.5530519405645984,0.9575598807831897,0.9536357930098714,0.9593638617140574,0.9904526166902407,1.019303688383316,0.9602929838087895,1.0035059331175835
pretrained,41,22,99194.12095322268,-0.04784589803560124,-0.04834736317061206,-0.05156129270121034,-0.008124262194503906,0.05642285751574756,0.026843453092234543,2.6843453092234542e-05,0.000499959122389555,0.199983648955822,1.399967297911644,1.0,0.7999345660209656,0.799934595823288,2.9802322387695312e-08,False,0.8254809975624084,0.7170036843146914,3.0112502574920654,62,0.04050208628177643,0.5703931376338005,-0.10189402848482132,-0.09808962047100067,0.019678715616464615,0.018839944154024124,0.5505697652697563,0.906604323640961,0.8950099292047539,0.9116191074982402,0.9460906818993214,1.0010145417653027,0.8916097952629467,1.0064498790647676
pretrained,41,23,101654.01630252045,0.025337846448892254,0.024798801840865137,0.02117390183939931,0.0162710374137911,0.06442795537791396,0.024734619472707914,2.4734619472707913e-05,0.0005011275184473822,0.20045100737895288,1.4009020147579059,1.0,0.8018040657043457,0.8018040295158118,3.618853394726784e-08,False,0.836872935295105,0.7268985957056825,3.064439535140991,63,0.04994868939476352,0.5612817414637123,-0.1019556588892426,-0.09849534848971028,0.022599422239831496,0.01708641541855674,0.5495347388620888,1.0798634244603893,1.039007305019145,1.1395080340749941,0.8803773584905662,0.9280405405405406,0.9914452949122017,1.0066755674232308
pretrained,41,24,106192.20252232694,0.0454996166656938,0.044643452220332724,0.03940891558782135,0.058311273099595384,0.052626401959658724,0.32040591165423393,0.00032040591165423394,0.0004988341738602946,0.19953366954411783,1.3990673390882358,1.0,0.7981346249580383,0.7981346781764715,5.3218433215818095e-08,False,0.8563867807388306,0.7438481064995284,3.1488006114959717,64,0.025165249460509825,0.5630007356937443,-0.1016785829727139,0.020853261330297995,0.061457698100379515,-0.09785508657140393,0.5290567249591862,1.0537528861202778,1.0436698440150798,1.056726336776278,1.1337333904843547,1.097196942118675,1.0286103542234333,1.0366047745358091
pretrained,42,1,97955.52513108129,-0.018865069635573994,-0.02044474868918711,-0.024198094453377405,-0.02087146045292343,0.06653268000907953,1.1224235530410493,0.0011224235530410494,0.000488926786929369,0.1955707147717476,1.3911414295434952,1.0,0.7822828888893127,0.7822828590869904,2.9802322387695312e-08,False,1.0494486093521118,0.9115394801653272,4.626560688018799,42,-0.10010194778442383,0.06521079689264297,0.14057671278715134,0.43546096235513687,0.1508978232741356,-0.09546876698732376,0.4034244194626808,0.9888633335144615,1.0141533291379978,0.9796166893478648,1.0192625206384152,0.910551296093465,1.0568736915561758,0.9814136125654451
pretrained,42,2,98663.13389011873,0.008419248782580713,0.007223775872678306,0.004366327357643659,-0.01354980383422788,0.0591065852210378,0.6923299729824066,0.0006923299729824067,0.0004938652366399765,0.1975460946559906,1.3950921893119812,1.0,0.7901843190193176,0.7901843786239624,5.960464477539063e-08,False,1.0704431533813477,0.9297751094092711,5.202227592468262,43,0.06565918028354645,0.20282923430204391,-0.0739554837346077,0.3638821467757225,0.19368324428796768,-0.1235906109213829,0.37149228900671005,1.026091448048592,1.0093070419373205,1.0316766856435173,1.0105291576673865,1.057337610264635,0.9290194783757015,0.9554547879434515
pretrained,42,3,97155.19386968153,-0.013898057992564494,-0.015283723119078996,-0.018100616878449674,-0.02928105042057072,0.047387405842136715,0.9124378114938736,0.0009124378114938736,0.0004937450028955937,0.19749800115823746,1.394996002316475,1.0,0.7899919748306274,0.7899920046329498,2.9802322387695312e-08,False,1.028686285018921,0.8935055543865463,4.282980442047119,44,0.10658157616853714,0.14597731828689575,0.1400567591190338,0.23288798332214355,-0.074689581990242,-0.12280841916799545,0.5719943642616272,1.0424386351216453,1.004133253410209,1.0662471630729378,0.9422922789206518,1.0401971937808114,0.9470504619758351,0.9678950307091011
pretrained,42,4,98407.52783444444,0.013961676447120208,0.012890036187285236,0.010970485504466934,-0.016182422225204718,0.042562853817981375,0.5803084586347854,0.0005803084586347854,0.0004771348195416588,0.19085392781666352,1.3817078556333269,0.9999999999999998,0.7634156346321106,0.7634157112666538,7.663454315576246e-08,False,1.0288128852844238,0.8936155179799771,4.448127269744873,45,-0.06443014208759582,0.21426864500556672,0.0916476228407451,0.19432138438735688,0.14717332060847962,-0.1264237857290677,0.543442954974515,1.0524253138754247,1.054036194252693,1.0270848634564504,0.9872412815423873,1.0051039008384979,1.121575984990619,1.0374963945774445
pretrained,42,5,100714.70943634502,0.02482539723590871,0.023445173887327586,0.020071072721640496,0.0070963758952879985,0.06415450797704438,0.8586040905543736,0.0008586040905543736,0.0004890924266406469,0.19563697065625874,1.3912739413125175,1.0,0.7825478911399841,0.7825478826250349,8.514949190185916e-09,False,1.0914210081100464,0.9479962425109549,5.3651862144470215,46,0.09263726430279867,0.2775282274399485,-0.08015193683760508,0.38830852614981787,0.1512224833880152,-0.11548503381865366,0.28594046937567846,1.0054865027130322,0.9846774920370601,1.0193239990459473,1.0485353245261344,1.019949220166848,1.0441619270659084,1.0467055879899918
pretrained,42,6,99096.07616553393,-0.015316962764842734,-0.016071468406847922,-0.019091656609503415,-0.009121691488128247,0.057471784521743355,0.2764187902212143,0.0002764187902212143,0.0004901170677372388,0.19604682709489551,1.392093654189791,1.0,0.7841871976852417,0.7841873083795821,1.1069434036059533e-07,False,1.0864200592041016,0.943652473482691,5.23336935043335,47,0.11242972420794622,0.3513668637190546,-0.09200716657297953,0.32437528776271,0.08880155639989035,-0.10403966052191599,0.31907339500529425,1.0222140006378042,1.054929753081416,0.9992198688185272,0.9627499315256095,1.0142247510668565,1.0807433514899072,0.9436918990703851
pretrained,42,7,99618.68130886131,0.006184299214011313,0.00527372186214925,0.0023203241747083683,-0.0038277829632820115,0.059471687002757345,0.41671079822949,0.00041671079822949,0.0004886796245617527,0.1954718498247011,1.390943699649402,0.9999999999999998,0.7818874716758728,0.781887399298804,7.23770687827141e-08,False,1.0302698612213135,0.8948810311992911,4.5475850105285645,48,0.13805329586778367,0.43656556095395765,-0.08097199563469207,0.1726940998009273,0.04258753891502107,-0.11449985419000902,0.40557135428701124,1.022748062827226,1.0116330078314992,1.0125485675873276,0.8998577524893313,0.9817671809256661,0.9866587607471095,1.0382775119617225
pretrained,42,8,105574.27162910951,0.06102838348847772,0.05978387027412335,0.05319207515542662,0.05279952722470438,0.0687047006511954,0.6879312949521201,0.0006879312949521202,0.0004856882510440691,0.19427530041762764,1.3885506008352553,0.9999999999999999,0.7771012187004089,0.7771012016705106,1.7029898380371833e-08,False,1.0527374744415283,0.9143961520854428,4.553795337677002,49,0.08845056806291851,0.5125064275094441,-0.08917473788772312,0.16221481774534496,0.3012130281754902,-0.10510056252990452,0.12989045892442974,1.028990413717977,1.0399761864870785,1.0121727778274432,0.9920961112867532,1.1142857142857145,0.933293269230769,0.9915966386554621
pretrained,42,9,100732.80298634969,-0.04465464409323183,-0.04585841387348877,-0.04770103717122894,0.007274720494464981,0.04352460881979085,0.7825925318258149,0.0007825925318258149,0.00047823823190161165,0.19129529276064466,1.3825905855212892,0.9999999999999998,0.7651811242103577,0.7651811710425784,4.6832220768067145e-08,False,0.9491250514984131,0.8243995450038011,3.6783323287963867,50,0.08583785753164971,0.4644330755940505,-0.08648917664374625,0.09357293109808648,0.02924471135650361,-0.10480611611689841,0.5182067171803542,0.9524308174608502,0.9468745137780623,0.9571047153564893,1.0296367112810707,0.9903846153846152,1.0135222150676113,0.9600874794969929
pretrained,42,10,105386.68937190389,0.046989473486076294,0.046200306628862986,0.04051117216266046,0.05111356475858697,0.06655344202923066,0.2620643132499285,0.0002620643132499285,0.0004919685050845146,0.19678740203380585,1.3935748040676117,1.0,0.7871496081352234,0.7871496081352234,0.0,False,0.9041758179664612,0.7853571368263864,3.4061145782470703,51,0.10804644227027893,0.5646941661834717,-0.10054376721382141,0.028595423325896263,0.027854422107338905,-0.09624363481998444,0.46759694814682007,1.0691438500861281,1.0726581795633896,1.0583749337868538,1.0225936242649336,0.9190938511326862,1.0320838627700126,1.019362186788155
pretrained,42,11,104896.46679075812,-0.003990034368936191,-0.004651655574982594,-0.007740701330507881,0.046679044018949956,0.06612361181741729,0.15831716677972255,0.00015831716677972254,0.0005061752322529043,0.20247009290116175,1.4049401858023234,1.0,0.8098804950714111,0.8098803716046468,1.234667643679188e-07,False,0.906919002532959,0.7877398366665308,3.393765687942505,52,0.03564907663634845,0.5636156392948968,-0.10565855673381261,0.06528035977057048,0.05309244298509189,-0.09681153616734914,0.48483257421425413,0.9916662901143084,1.0025358571630094,0.9627064136965677,0.9576271186440679,0.9838028169014084,1.0421668205601724,0.9972067039106144
pretrained,42,12,106350.56487256358,0.014482078847753987,0.013862221734370017,0.010509914352223579,0.05971350392142494,0.05049091100502806,0.10695122075932367,0.00010695122075932368,0.0005042439619345325,0.201697584773813,1.4033951695476259,0.9999999999999998,0.806790292263031,0.8067903390952518,4.6832220768067145e-08,False,0.9070602655410767,0.7878625361563759,3.387388229370117,53,0.07505037422691072,0.5739738323858805,-0.10194243703569686,0.037865502493722086,0.04286086346421922,-0.09975514773811614,0.4719470122030803,1.0436129187650538,1.0069045203783964,1.0537813804467038,1.0290771175726925,1.0293486041517539,0.9503839338452451,1.0114845938375352
pretrained,42,13,99584.6416678039,-0.06299107803893678,-0.06361906222940217,-0.06636210287596354,-0.004170907533931345,0.04955382841214527,0.17281039804220194,0.00017281039804220195,0.0004976151524377721,0.19904606097510885,1.3980921219502174,0.9999999999999998,0.7961841821670532,0.7961842439004347,6.173338151782559e-08,False,0.8300563097000122,0.7209777499433839,3.021505832672119,54,0.03173746142004216,0.5623713058552571,-0.1021463799157313,0.02827824998114789,0.02116229917321885,-0.09689968105937755,0.5554967445454426,0.9298536593307981,0.8801916899722919,0.9556161965613983,0.9324324324324325,0.9551460361613352,0.8760099440646364,0.9872611464968152
pretrained,42,14,102816.60814902322,0.03304164796478637,0.03245446714565259,0.028679454471904377,0.027394486160648435,0.057718784453508046,0.06216348015836276,6.216348015836276e-05,0.0005063980684748718,0.20255922738994875,1.4051184547798976,1.0,0.8102368116378784,0.8102369095597952,9.792191679736106e-08,False,0.8498812317848206,0.7381974584745723,3.122694492340088,55,0.02772449781852107,0.55742357937353,-0.10200468929750581,0.02021068786936145,0.05210234863417487,-0.10055453809244294,0.5450981136943613,0.9869331771848514,0.9986076251350232,0.9760156672096543,1.0082345191040842,1.0462322533673099,0.9882937211777227,1.0513323983169707
pretrained,42,15,106143.20262976638,0.03295064498192968,0.03235464134278354,0.027811848808671928,0.057876552408110626,0.053404348775805265,0.07225931010075978,7.225931010075978e-05,0.0005048986138509853,0.20195944554039413,1.4039188910807883,0.9999999999999999,0.8078377842903137,0.8078377821615765,2.1287371865241766e-09,False,0.8434514999389648,0.7326126643530269,3.084196090698242,56,0.03967630517269882,0.5742686952331236,-0.10525771576379028,0.023690611390130845,0.029694551868098107,-0.09670172977660385,0.5346292818763426,1.0357733081792009,1.0341142880338432,1.0231835256931106,0.9411956876837635,1.048016701461378,0.9239052404881549,1.0130736392742796
pretrained,42,16,101206.93780228637,-0.04597577039912315,-0.04650570837492052,-0.048549407062506586,0.01192544531526285,0.051965999393176136,0.05585933263812745,5.585933263812745e-05,0.0004997714342815535,0.19990857371262144,1.3998171474252425,0.9999999999999998,0.7996342778205872,0.7996342948504851,1.7029897936282623e-08,False,0.818419337272644,0.7108700041208514,2.978849411010742,57,0.02930473137114728,0.5684701220265456,-0.1020518227347306,0.020406685503465777,0.022373979645115977,-0.09785675097789084,0.5593530551663466,0.9120432847339066,0.8673832471904358,0.9509451683395475,0.9694550503297468,0.9555112881806108,0.8717948717948719,1.0287068738477745
pretrained,42,17,98660.78200698183,-0.024642383143922975,-0.025157917536035024,-0.028803616077429497,-0.013573964910630787,0.06608411703071722,0.027569205633231453,2.7569205633231454e-05,0.0005011298853371825,0.200451954134873,1.4009039082697459,0.9999999999999999,0.8018079996109009,0.8018078165394917,1.8307140914330944e-07,False,0.8344570398330688,0.7248001755696477,3.04435396194458,58,0.030523153554115973,0.5613993001835687,-0.10318600705691747,0.02024161682597228,0.03434935637882777,-0.09726594707795552,0.5539385271923882,1.0000531712757406,0.9794685529360748,1.000391488535496,0.999641962047977,1.0055594162612926,1.0401069518716577,0.9831029185867896
pretrained,42,18,92744.0687062432,-0.05922981284641626,-0.05997026559469121,-0.06736394701742959,-0.07823606830038021,0.0540368725536034,0.2885381877422333,0.0002885381877422333,0.0004988425198410238,0.19953700793640955,1.399074015872819,0.9999999999999999,0.7981479167938232,0.798148031745638,1.1495181473364369e-07,False,0.8384510278701782,0.7282693095002561,3.0567102432250977,59,0.03981025942734309,0.5743366969483239,-0.10305836371013097,-0.09647864422627858,0.0242778869079692,0.02465100080839225,0.536461163844381,0.9160800047452287,0.912869623396696,0.9328680427305247,1.0992120343839542,1.0241879751209397,1.1696658097686377,0.9851562499999998
pretrained,42,19,99824.56309587692,0.07763230640742691,0.07634444432301568,0.07189089317248945,-0.001757452261069048,0.09175445733643416,0.7031814903020859,0.0007031814903020859,0.0004926180812929358,0.19704723251717432,1.3940944650343485,1.0,0.7881889343261719,0.7881889300686971,4.257474817137563e-09,False,1.0195939540863037,0.8856080560831985,4.128900051116943,60,0.20057414152792521,0.5839617220418793,-0.09943180850573949,-0.09761542401143483,0.043256100799356184,0.18324806966951915,0.18600719847849437,1.0911163764566931,1.1234912300099247,1.0672516751244587,0.9214727924405344,0.9787449392712549,0.9501831501831501,0.9801744647105474
pretrained,42,20,97608.3598111556,-0.020996112254714983,-0.022200981561950273,-0.026700146033278964,-0.024502411406887026,0.07910373774921971,0.7414998944316592,0.0007414998944316592,0.0004899674707225392,0.19598698828901567,1.3919739765780315,1.0,0.7839480042457581,0.7839479531560629,5.10896951411155e-08,False,0.819697380065918,0.7119800979863615,2.9731075763702393,61,0.027856797778180648,0.570303919592074,-0.10248820962650437,-0.0934987786625113,0.024183752813509513,0.021002017759851027,0.5526405003454005,0.9575598807831897,0.9536357930098714,0.9593638617140574,0.9904526166902407,1.019303688383316,0.9602929838087895,1.0035059331175835
pretrained,42,21,92885.12007378493,-0.04788793159968063,-0.048389705005890904,-0.05491533567611137,-0.07659870515926803,0.05638083847460735,0.02774096439991694,2.774096439991694e-05,0.0004994088211762054,0.19976352847048218,1.3995270569409644,0.9999999999999999,0.7990542650222778,0.7990541138819287,1.5114034912500074e-07,False,0.8259923458099365,0.717447835759156,3.0131115913391113,62,0.04117821556116852,0.5702305029013327,-0.10193914520953384,-0.09782438326094833,0.01968586471463951,0.018673444432871666,0.5499955008604697,0.906604323640961,0.8950099292047539,0.9116191074982402,0.9460906818993214,1.0010145417653027,0.8916097952629467,1.0064498790647676
pretrained,42,22,95189.75838331287,0.025350652417376995,0.02481170619898232,0.023109379291075816,-0.050533184434790934,0.05912282866802567,0.025000399244682975,2.5000399244682976e-05,0.0005007591617426703,0.20030366469706812,1.4006073293941363,1.0,0.8012146949768066,0.8012146587882727,3.618853394726784e-08,False,0.8375685811042786,0.7275028259782489,3.0674798488616943,63,0.05068107774215083,0.5611853048737561,-0.10200976873082776,-0.09829389596624036,0.022683202155998755,0.016985257023147154,0.5487688229020153,1.0798634244603893,1.039007305019145,1.1395080340749941,0.8803773584905662,0.9280405405405406,0.9914452949122017,1.0066755674232308
pretrained,42,23,99448.1096963434,0.045593803917247655,0.04473539365320023,0.04266519485262896,-0.005549530356502075,0.04636918451319809,0.32262200808950836,0.00032262200808950834,0.0004986939007150276,0.19947756028601105,1.398955120572022,0.9999999999999999,0.7979103922843933,0.7979102411440442,1.5114034912500074e-07,False,0.8580313324928284,0.7452765460034595,3.1563310623168945,64,0.025440169764416543,0.5628898891487292,-0.1016154212078878,0.02114719924117836,0.06245417919542107,-0.09786213907812324,0.5275461229362658,1.0537528861202778,1.0436698440150798,1.056726336776278,1.1337333904843547,1.097196942118675,1.0286103542234333,1.0366047745358091
pretrained,42,24,96224.9048504921,-0.031504684446157505,-0.032410921189885755,-0.03620098284651708,-0.039231996699538474,0.050370330069613625,0.42777394982320927,0.0004277739498232093,0.0005083802927817617,0.20335211711270468,1.4067042342254095,1.0,0.8134084939956665,0.8134084684508189,2.554484757055775e-08,False,0.878194272518158,0.7627898531873532,3.2575645446777344,65,0.028349546183432855,0.5131937893373626,-0.10195739247969218,0.030854800183858194,-0.1013947246330125,0.0678870188338416,0.5630669625742095,0.9410285276370367,0.912668726840604,0.9582963540708176,1.0015122873345936,0.9499004644990046,1.0061810154525386,1.00921187308086
pretrained,43,1,100903.74190534,0.010588240252805248,0.009037419053399942,0.005497229264722874,0.008956475629891103,0.06918492730336458,1.0466776660510473,0.0010466776660510474,0.0004890737709190165,0.1956295083676066,1.3912590167352132,1.0,0.7825180888175964,0.7825180334704265,5.534716995825306e-08,False,1.0805246829986572,0.9385318147731546,5.301065921783447,43,0.10086210391351155,0.16584136656352452,-0.0716027883546693,0.38289399019309456,0.19796594551631383,-0.1240267200129373,0.3480661021811622,1.026091448048592,1.0093070419373205,1.0316766856435173,1.0105291576673865,1.057337610264635,0.9290194783757015,0.9554547879434515
pretrained,43,2,99404.75810737512,-0.013468232631496324,-0.01485558186108804,-0.017287995216383065,-0.005988062382103587,0.04686914408776752,0.9173054737704142,0.0009173054737704142,0.0004899737425148486,0.19598949700593948,1.391978994011879,1.0,0.7839580774307251,0.7839579880237579,8.940696716308594e-08,False,1.0277777910232544,0.8927164465282259,4.30220890045166,44,0.13143335282802582,0.11536689847707748,0.13829421997070312,0.24516360461711884,-0.07248193770647049,-0.123507559299469,0.5657314211130142,1.0424386351216453,1.004133253410209,1.0662471630729378,0.9422922789206518,1.0401971937808114,0.9470504619758351,0.9678950307091011
pretrained,43,3,100402.14729980605,0.011123891065765612,0.010033616211344354,0.007662742314910792,0.004005365528739313,0.04661371191864215,0.6043488042695181,0.0006043488042695181,0.00047451314117227285,0.18980525646890914,1.3796105129378182,1.0,0.7592210173606873,0.7592210258756364,8.514949190185916e-09,False,1.0256069898605347,0.8908309125956692,4.558928966522217,45,-0.05792322861296792,0.1786068369235311,0.09730837387698035,0.21825371576207023,0.16645252598183494,-0.13188202785594122,0.5291838039244925,1.0524253138754247,1.054036194252693,1.0270848634564504,0.9872412815423873,1.0051039008384979,1.121575984990619,1.0374963945774445
pretrained,43,4,102840.82267086583,0.02569966188101125,0.0242890758479275,0.020204281631708204,0.027623492277552675,0.06827690234210311,0.8895733186176845,0.0008895733186176845,0.00048661595476525175,0.1946463819061007,1.3892927638122015,1.0,0.7785853743553162,0.7785855276244029,1.5326908675561413e-07,False,1.1044508218765259,0.9593137949489731,5.525603771209717,46,0.13204375973769597,0.22897852531501225,-0.07803335466555186,0.40445111266204287,0.16943411103316716,-0.11661302724054884,0.25973887315818245,1.0054865027130322,0.9846774920370601,1.0193239990459473,1.0485353245261344,1.019949220166848,1.0441619270659084,1.0467055879899918
pretrained,43,5,101090.46709583691,-0.016272577265590393,-0.017020046413191436,-0.01993530967567184,0.010787041816743392,0.06197718429725112,0.27212209786687575,0.00027212209786687576,0.0004880003205367497,0.1952001282146999,1.3904002564293998,1.0,0.7808005213737488,0.7808005128587996,8.514949190185916e-09,False,1.107961893081665,0.9623634726488958,5.546606540679932,47,0.1542834203158106,0.3005481372986521,-0.0902071659054075,0.3468229185257639,0.10317506747586386,-0.10499296230929239,0.29037058459860937,1.0222140006378042,1.054929753081416,0.9992198688185272,0.9627499315256095,1.0142247510668565,1.0807433514899072,0.9436918990703851
pretrained,43,6,101322.56605066326,0.0032195048091197,0.002295952936950174,-0.0009496924911145707,0.01305302562118238,0.06431352591107115,0.4348684826067515,0.0004348684826067515,0.0004861435533634254,0.19445742134537017,1.38891484269074,0.9999999999999998,0.7778297662734985,0.7778296853814801,8.089201841698923e-08,False,1.055642008781433,0.9169189985580811,4.930035591125488,48,0.1769685660089765,0.3907853428806577,-0.07827187435967584,0.1969731215919767,0.04678320778267722,-0.11618554698569433,0.3829471830810819,1.022748062827226,1.0116330078314992,1.0125485675873276,0.8998577524893313,0.9817671809256661,0.9866587607471095,1.0382775119617225
pretrained,43,7,107461.85112960413,0.06190543788188596,0.06059148833509709,0.0525191754652147,0.0694372100533126,0.0773001793383105,0.7560944046292986,0.0007560944046292986,0.0004820225494248527,0.19280901976994108,1.385618039539882,0.9999999999999999,0.7712358832359314,0.7712360790797641,1.958438327065437e-07,False,1.0568585395812988,0.9179756637849752,4.641419410705566,49,0.1006558814219066,0.4930304714611598,-0.08741139088358199,0.18364631916795457,0.3117973634174892,-0.10539762888635909,0.10367898430143083,1.028990413717977,1.0399761864870785,1.0121727778274432,0.9920961112867532,1.1142857142857145,0.933293269230769,0.9915966386554621
pretrained,43,8,102665.87220514292,-0.04339533121893202,-0.044629595284721324,-0.04593244955049113,0.025966488647912844,0.04923456290182742,0.8150343841740063,0.0008150343841740064,0.0004760538254465375,0.19042153017861502,1.3808430603572301,1.0,0.7616860866546631,0.7616861207144603,3.4059797204832876e-08,False,0.9715914726257324,0.8439136304512199,3.861616611480713,50,0.10159039444157056,0.44096466100641657,-0.08497145825198718,0.10852352476545743,0.031521219227995195,-0.10545007192662784,0.5078217307371753,0.9524308174608502,0.9468745137780623,0.9571047153564893,1.0296367112810707,0.9903846153846152,1.0135222150676113,0.9600874794969929
pretrained,43,9,107495.20694360908,0.047890545046523014,0.047039338728028124,0.040265849513197574,0.06972596413104248,0.06987251939864131,0.3226889792297568,0.0003226889792297568,0.0004899457270013436,0.1959782908005374,1.3919565816010748,0.9999999999999999,0.783913254737854,0.7839131632021497,9.153570434961011e-08,False,0.9216380715370178,0.8005246575609627,3.520841360092163,51,0.13097713541771683,0.563363265512245,-0.1000873630068132,0.03051484030272278,0.029829321695225564,-0.09589092779372421,0.4412937278726271,1.0691438500861281,1.0726581795633896,1.0583749337868538,1.0225936242649336,0.9190938511326862,1.0320838627700126,1.019362186788155
pretrained,43,10,106940.36401683737,-0.004460573647919741,-0.005161559687612671,-0.008120733823863429,0.06489938650054194,0.0658831238672578,0.1994037723967007,0.0001994037723967007,0.0005049710907042026,0.20198843628168106,1.4039768725633621,1.0,0.8079538345336914,0.8079537451267242,8.940696716308594e-08,False,0.9230467677116394,0.8017482355115955,3.4858248233795166,52,0.038846563547849655,0.5618020966649055,-0.10552441328763962,0.07487665861845016,0.05863844230771065,-0.09646402299404144,0.46782467514276505,0.9916662901143084,1.0025358571630094,0.9627064136965677,0.9576271186440679,0.9838028169014084,1.0421668205601724,0.9972067039106144
pretrained,43,11,108469.57646935077,0.01493726423333741,0.014299675025162939,0.01009194737332517,0.0780825070497434,0.0618234635175257,0.12440107124192382,0.00012440107124192382,0.0005040018686226437,0.20160074744905748,1.4032014948981149,1.0,0.8064029216766357,0.8064029897962297,6.811959396557654e-08,False,0.9213618636131287,0.8002847464065567,3.468470573425293,53,0.08539171782987456,0.5737914991165911,-0.10185843440038819,0.041216260620525885,0.04624101785676818,-0.09974231304866929,0.4549602520252977,1.0436129187650538,1.0069045203783964,1.0537813804467038,1.0290771175726925,1.0293486041517539,0.9503839338452451,1.0114845938375352
pretrained,43,12,101558.66643701836,-0.06305846115533464,-0.06371288851012669,-0.06536925389040008,0.015347448836234734,0.05268391353782814,0.20202752841370447,0.00020202752841370447,0.0004966884359185185,0.1986753743674074,1.3973507487348147,0.9999999999999999,0.7947014570236206,0.7947014974696294,4.0446008764405406e-08,False,0.8347249031066895,0.7250328386529237,3.039400815963745,54,0.033460559855614386,0.5608075806604964,-0.10201624541410378,0.029966468523655615,0.021549933190856657,-0.09665912895330361,0.5528908321367842,0.9298536593307981,0.8801916899722919,0.9556161965613983,0.9324324324324325,0.9551460361613352,0.8760099440646364,0.9872611464968152
pretrained,43,13,104847.35538702596,0.03297630703832488,0.0323821596460907,0.02776777283859927,0.046232500277501365,0.06234557205334719,0.07016511421118457,7.016511421118457e-05,0.0005051804427057505,0.2020721770823002,1.4041443541646004,1.0,0.8082886338233948,0.8082887083292007,7.450580596923828e-08,False,0.8553508520126343,0.7429483102406641,3.1478219032287598,55,0.028474578633904457,0.5564822498708963,-0.1017992701381445,0.020476240664720535,0.05641551502048969,-0.10027290694415569,0.5402235928922892,0.9869331771848514,0.9986076251350232,0.9760156672096543,1.0082345191040842,1.0462322533673099,0.9882937211777227,1.0513323983169707
pretrained,43,14,108242.18862641593,0.032981164399366936,0.032378816107077935,0.0271103576223602,0.07614580535564364,0.05605894911564142,0.07929533879671777,7.929533879671776e-05,0.0005039911730481046,0.20159646921924185,1.4031929384384834,0.9999999999999998,0.8063858151435852,0.8063858768769667,6.173338151782559e-08,False,0.8487181663513184,0.7371872326748475,3.1054954528808594,56,0.042153756799442416,0.5745939497968979,-0.10524858933474338,0.024408004911882525,0.031138708548886423,-0.09634787988449847,0.5293020491621323,1.0357733081792009,1.0341142880338432,1.0231835256931106,0.9411956876837635,1.048016701461378,0.9239052404881549,1.0130736392742796
pretrained,43,15,103193.78391548741,-0.046103049801228924,-0.04663989868453644,-0.04763604011923452,0.030949382746765286,0.04879235020712348,0.06412824349743976,6.412824349743976e-05,0.0004988256562501192,0.19953026250004768,1.3990605250000954,1.0,0.7981210350990295,0.7981210500001907,1.4901161193847656e-08,False,0.8198139667510986,0.7120813638944363,2.983081817626953,57,0.029909314587712288,0.5683101359754801,-0.10194431059062481,0.020591000095009804,0.02265791967511177,-0.09758595190942287,0.5580618921667337,0.9120432847339066,0.8673832471904358,0.9509451683395475,0.9694550503297468,0.9555112881806108,0.8717948717948719,1.0287068738477745
pretrained,43,16,100601.31704612744,-0.024606263859069055,-0.025122316199618355,-0.02814763296276905,0.005977228368210463,0.06350957168428453,0.02825481870344701,2.825481870344701e-05,0.0005009559847946678,0.2003823939178671,1.4007647878357343,1.0,0.801529586315155,0.8015295756714687,1.0643686376710093e-08,False,0.8362522721290588,0.7263594945294136,3.051649332046509,58,0.031054298792566576,0.5613868808639901,-0.10323037446609565,0.020368428368653574,0.035206412364329615,-0.09715201945177146,0.5523663735283273,1.0000531712757406,0.9794685529360748,1.000391488535496,0.999641962047977,1.0055594162612926,1.0401069518716577,0.9831029185867896
pretrained,43,17,94567.54952360867,-0.05923457127852427,-0.059977023161159826,-0.06597267296073422,-0.057445186046986674,0.051005170910741804,0.29109913802572657,0.00029109913802572655,0.000498412238167865,0.19936489526714601,1.3987297905342921,1.0,0.7974596619606018,0.7974595810685843,8.089201752881081e-08,False,0.8408286571502686,0.7303344920529657,3.066141128540039,59,0.04116862905876975,0.574485077389649,-0.10305663304669518,-0.09630826222045083,0.024636077561548758,0.025011281349829245,0.5340638299073492,0.9160800047452287,0.912869623396696,0.9328680427305247,1.0992120343839542,1.0241879751209397,1.1696658097686377,0.9851562499999998
pretrained,43,18,101826.95532896597,0.07806560513963334,0.0767642372243662,0.07100319872447551,0.01794176525325486,0.08767505151532058,0.7154103347233365,0.0007154103347233365,0.0004924512308623109,0.19698049234492437,1.3939609846898489,1.0,0.7879219055175781,0.7879219693796977,6.386211959252819e-08,False,1.019355297088623,0.8854007612488779,4.127586364746094,60,0.20567732251116208,0.5837449947638171,-0.09938065760901996,-0.09759983473590442,0.043142217610563555,0.18676572239824704,0.17765023506113461,1.0911163764566931,1.1234912300099247,1.0672516751244587,0.9214727924405344,0.9787449392712549,0.9501831501831501,0.9801744647105474
pretrained,43,19,99562.75732797937,-0.021016459900287998,-0.022235742919660018,-0.02597708985878662,-0.0043916287952960875,0.07287391620471345,0.756946949022157,0.000756946949022157,0.000489287418978555,0.19571496759142198,1.391429935182844,1.0,0.7828599214553833,0.7828598703656882,5.10896951411155e-08,False,0.8205580711364746,0.7127276847514938,2.975635051727295,61,0.028249579348734427,0.5701949064220702,-0.10243232654673715,-0.09328264104468484,0.024345966854265738,0.02111799908535819,0.5518065158809935,0.9575598807831897,0.9536357930098714,0.9593638617140574,0.9904526166902407,1.019303688383316,0.9602929838087895,1.0035059331175835
pretrained,43,20,94733.71024740773,-0.04799945535025385,-0.04850254462784531,-0.05371817553775722,-0.05559045179206823,0.0503870508197016,0.02931472020489853,2.931472020489853e-05,0.00049927978244211,0.19971191297684399,1.3994238259536878,0.9999999999999998,0.7988477945327759,0.7988476519073755,1.4262540037890403e-07,False,0.8273413181304932,0.718619538229272,3.0188941955566406,62,0.04241178104920046,0.5701002619628395,-0.10193716814475401,-0.09777474483208998,0.019704819789954586,0.01866983169955866,0.5488252184752906,0.906604323640961,0.8950099292047539,0.9116191074982402,0.9460906818993214,1.0010145417653027,0.8916097952629467,1.0064498790647676
pretrained,43,21,97092.54519397336,0.02543946091349536,0.024899636469481345,0.022429517732809046,-0.029945190953827305,0.06431486210863759,0.025783072624887604,2.5783072624887604e-05,0.0005007878318428993,0.20031513273715973,1.4006302654743195,1.0,0.8012605309486389,0.8012605309486389,0.0,False,0.8391530513763428,0.7288790793700434,3.0751895904541016,63,0.05223412439227104,0.5609241090714931,-0.10205375030636787,-0.09826138243079185,0.02277401275932789,0.01694069243967533,0.5474421940743923,1.0798634244603893,1.039007305019145,1.1395080340749941,0.8803773584905662,0.9280405405405406,0.9914452949122017,1.0066755674232308
pretrained,43,22,101444.93705881415,0.04568849855014934,0.04482725070339333,0.041595897182681564,0.014243560109623021,0.05185707761537521,0.32551826802747585,0.0003255182680274759,0.0004984390695712397,0.19937562782849588,1.3987512556569919,1.0,0.7975023984909058,0.7975025113139838,1.1282307799120872e-07,False,0.8597501516342163,0.7467694933404484,3.164450168609619,64,0.02575231237070899,0.5627388850386654,-0.10160783970994611,0.021300301754048873,0.06371077602463107,-0.09776778811854978,0.5258733526404415,1.0537528861202778,1.0436698440150798,1.056726336776278,1.1337333904843547,1.097196942118675,1.0286103542234333,1.0366047745358091
pretrained,43,23,98178.12785532231,-0.03128848705172671,-0.03220278210235228,-0.03585725267217386,-0.018556802665482097,0.06113779794137479,0.4357176492256778,0.0004357176492256778,0.0005085539711373193,0.20342158845492775,1.4068431769098555,0.9999999999999999,0.8136863112449646,0.813686353819711,4.257474639501879e-08,False,0.8812063932418823,0.765406148005633,3.273406505584717,65,0.029048607019441453,0.5104045851954392,-0.10199399452124325,0.031240538028734055,-0.1014275939336845,0.06995242674435886,0.5627754314669541,0.9410285276370367,0.912668726840604,0.9582963540708176,1.0015122873345936,0.9499004644990046,1.0061810154525386,1.00921187308086
pretrained,43,24,104716.8261038004,0.06760117487214234,0.06660035581564228,0.06048367197658944,0.045043631279703344,0.06233523937192012,0.43376275630933897,0.00043376275630933897,0.0005041234887072019,0.20164939548288074,1.4032987909657613,0.9999999999999998,0.8065976500511169,0.8065975819315225,6.811959440966575e-08,False,0.8572114706039429,0.744564423014928,3.140289068222046,66,0.03846545996410505,0.5762797045920576,-0.10537764696138247,-0.09627174852149828,0.04016181187970297,0.026324664375611706,0.5204177546714033,1.0617528584451108,1.1068239035899863,1.0283217793331279,1.064175160437901,0.9811386657352429,1.100043878894252,1.0210446247464502
pretrained,44,1,98499.89979765088,-0.013452105099222345,-0.015001002023491194,-0.017764431554672694,-0.015229459171337112,0.05069944766671162,1.0779635927506857,0.0010779635927506857,0.000493287132786853,0.1973148531147412,1.3946297062294823,1.0,0.7892592549324036,0.7892594124589647,1.5752656112866248e-07,False,1.0235791206359863,0.8890695277671836,4.249467372894287,44,0.09494596613304954,0.13481566203492026,0.1574726690139089,0.23639802528279166,-0.07363120572907586,-0.12368364738566534,0.5736825306500708,1.0424386351216453,1.004133253410209,1.0662471630729378,0.9422922789206518,1.0401971937808114,0.9470504619758351,0.9678950307091011
pretrained,44,2,99718.2053000595,0.013432612931852494,0.01236859636315768,0.010114450284585007,-0.002825910264756093,0.04578197243992024,0.5752953567675183,0.0005752953567675183,0.00047516967569078723,0.1900678702763149,1.3801357405526296,0.9999999999999999,0.7602713704109192,0.7602714811052591,1.1069433991650612e-07,False,1.03670334815979,0.9004690869528451,4.458176136016846,45,-0.06736668837921961,0.1932633678827967,0.09974604206425802,0.19683563815695898,0.15458630131823675,-0.12270118189709528,0.5456365208540643,1.0524253138754247,1.054036194252693,1.0270848634564504,0.9872412815423873,1.0051039008384979,1.121575984990619,1.0374963945774445
pretrained,44,3,102179.78475389867,0.026061325165970706,0.024685356564852823,0.021172905924607452,0.021332837597463183,0.059716838752236476,0.8528240684952054,0.0008528240684952055,0.0004890957501317774,0.19563830005271096,1.391276600105422,1.0,0.7825530767440796,0.782553200210844,1.234667643679188e-07,False,1.083688735961914,0.9412800762579387,5.283031940460205,46,0.07904836854764394,0.2623628260833877,-0.07851105609110423,0.3965809228164809,0.16016459784337453,-0.11712724396160673,0.29748158476182396,1.0054865027130322,0.9846774920370601,1.0193239990459473,1.0485353245261344,1.019949220166848,1.0441619270659084,1.0467055879899918
pretrained,44,4,100309.22991319094,-0.01755636430850216,-0.018306505980737686,-0.021595785534897483,0.0030827662963671676,0.06691428467602933,0.27505530416965485,0.00027505530416965486,0.0004887831237699304,0.19551324950797216,1.3910264990159444,1.0,0.7820529341697693,0.7820529980318889,6.386211959252819e-08,False,1.0797357559204102,0.9378465614197411,5.152190685272217,47,0.0958161609513419,0.33925246021577293,-0.09019235947302409,0.3391878487808364,0.0917113231761115,-0.10532089003494807,0.32954545638390953,1.0222140006378042,1.054929753081416,0.9992198688185272,0.9627499315256095,1.0142247510668565,1.0807433514899072,0.9436918990703851
pretrained,44,5,100732.95314768044,0.005146623712730447,0.004224169947832257,0.0012151174049562113,0.007276200337399952,0.05956633272153145,0.42865715495177675,0.00042865715495177676,0.0004894947686365673,0.1957979074546269,1.3915958149092538,1.0,0.7831915616989136,0.7831916298185075,6.811959396557654e-08,False,1.0268282890319824,0.8918917195774947,4.51084566116333,48,0.12115191561835151,0.43459772212164743,-0.08043109732014794,0.18176355106489997,0.044852963515690375,-0.11536681013447897,0.41343175513403757,1.022748062827226,1.0116330078314992,1.0125485675873276,0.8998577524893313,0.9817671809256661,0.9866587607471095,1.0382775119617225
pretrained,44,6,106778.43354281072,0.061270264145255604,0.060014922686394856,0.05233881046946281,0.0634812978417878,0.07732574069850075,0.6964430425848279,0.000696443042584828,0.0004871239885687828,0.19484959542751312,1.3896991908550262,1.0,0.7793984413146973,0.7793983817100525,5.960464477539063e-08,False,1.0500173568725586,0.9120334879847796,4.539613246917725,49,0.07914163172245026,0.5112333968281746,-0.08947780728340149,0.16267751902341843,0.30644378811120987,-0.10537178814411163,0.13535325974225998,1.028990413717977,1.0399761864870785,1.0121727778274432,0.9920961112867532,1.1142857142857145,0.933293269230769,0.9915966386554621
pretrained,44,7,101927.39716276285,-0.044226555154541325,-0.04543086294764698,-0.047156384318880425,0.018909510263320883,0.05169193480827023,0.782087383525712,0.000782087383525712,0.00047874191908964096,0.19149676763585638,1.3829935352717126,0.9999999999999998,0.7659870982170105,0.7659870705434253,2.7673585201171136e-08,False,0.9497357606887817,0.8249300002666505,3.6819043159484863,50,0.0812586804053613,0.4608992372772523,-0.08649423372532641,0.09834540236209119,0.030066372560603266,-0.10500253391052997,0.5209270750305481,0.9524308174608502,0.9468745137780623,0.9571047153564893,1.0296367112810707,0.9903846153846152,1.0135222150676113,0.9600874794969929
pretrained,44,8,106595.34119431528,0.046587973339762945,0.04579675495979174,0.039539047743340175,0.061872696502678015,0.0684827699203391,0.2639848100287573,0.00026398481002875727,0.0004922990673886879,0.19691962695547516,1.3938392539109503,0.9999999999999999,0.7876784801483154,0.7876785078219006,2.7673585201171136e-08,False,0.9012348651885986,0.782802657700459,3.382535934448242,51,0.1008936690964869,0.5645974281110934,-0.10057631853435722,0.029521629480378953,0.02826055724705967,-0.09634330842111793,0.47364634302045616,1.0691438500861281,1.0726581795633896,1.0583749337868538,1.0225936242649336,0.9190938511326862,1.0320838627700126,1.019362186788155
pretrained,44,9,106096.40478093765,-0.004028434036975503,-0.004680658720985775,-0.007536547595846396,0.05746099308006891,0.062496883464745856,0.1480497568845749,0.0001480497568845749,0.0005070275148110731,0.20281100592442924,1.4056220118488585,0.9999999999999999,0.8112439513206482,0.811244023697717,7.23770687827141e-08,False,0.9065607190132141,0.7874286355553667,3.3944969177246094,52,0.03443024520363125,0.5629273525306157,-0.10581447716270176,0.06617617074932369,0.05332302514995846,-0.09699652876172749,0.4859542122909001,0.9916662901143084,1.0025358571630094,0.9627064136965677,0.9576271186440679,0.9838028169014084,1.0421668205601724,0.9972067039106144
pretrained,44,10,107554.4265795875,0.014358245683518733,0.013742424181670376,0.010014546397399082,0.07023817447436631,0.05525269993796635,0.10215564497879567,0.00010215564497879567,0.0005051332632345813,0.20205330529383253,1.404106610587665,0.9999999999999998,0.8082132935523987,0.8082132211753299,7.23770687827141e-08,False,0.9040839672088623,0.7852773562720188,3.370673656463623,53,0.07093871171985353,0.573801105575902,-0.10211887423481261,0.03810071732316697,0.042852295296532755,-0.09993443105901992,0.47636047537837706,1.0436129187650538,1.0069045203783964,1.0537813804467038,1.0290771175726925,1.0293486041517539,0.9503839338452451,1.0114845938375352
pretrained,44,11,100717.27742559058,-0.0629478057181081,-0.06356920278811218,-0.06567853631768367,0.007121691967105659,0.05124107620846038,0.16524122548954817,0.00016524122548954818,0.0004981190458472286,0.19924761833889143,1.398495236677783,1.0,0.7969905138015747,0.7969904733555659,4.0446008764405406e-08,False,0.8299124240875244,0.7208527724883266,3.0214452743530273,54,0.031243202675666132,0.5621653883052724,-0.1022689403699977,0.028623096112694063,0.02119059621223382,-0.09697867796889373,0.5560253350330251,0.9298536593307981,0.8801916899722919,0.9556161965613983,0.9324324324324325,0.9551460361613352,0.8760099440646364,0.9872611464968152
pretrained,44,12,103993.4094564337,0.03311437106800996,0.03252800427675884,0.02821132059233468,0.03840060131990064,0.06135177520920606,0.06038593075105134,6.038593075105134e-05,0.0005073472005980356,0.20293888023921425,1.4058777604784285,0.9999999999999999,0.8117554783821106,0.811755520956857,4.257474639501879e-08,False,0.8492510318756104,0.7376500737884405,3.1204750537872314,55,0.027544759480016556,0.5566146953829697,-0.10221385370407787,0.020487915990608063,0.05132847492183956,-0.10072502653513637,0.5469630344637803,0.9869331771848514,0.9986076251350232,0.9760156672096543,1.0082345191040842,1.0462322533673099,0.9882937211777227,1.0513323983169707
pretrained,44,13,107356.32486875227,0.03293468118932119,0.032337774382975804,0.027173659265553804,0.06852251022700051,0.05896499283092134,0.07226670533418655,7.226670533418655e-05,0.0005057750163333757,0.2023100065333503,1.4046200130667006,0.9999999999999999,0.80923992395401,0.8092400261334012,1.0217939117040942e-07,False,0.8427175879478455,0.7319751964971353,3.082148790359497,56,0.03923254300441059,0.5739523081907204,-0.10543517182980267,0.023745680493967858,0.029439373207943764,-0.09687483470354763,0.5359401016363076,1.0357733081792009,1.0341142880338432,1.0231835256931106,0.9411956876837635,1.048016701461378,0.9239052404881549,1.0130736392742796
pretrained,44,14,102369.59006203574,-0.045921668213400824,-0.04645031219923956,-0.048158539135520456,0.023147402081025947,0.05566861979091789,0.053893441600458974,5.389344160045897e-05,0.0005003487837633917,0.2001395135053567,1.4002790270107135,1.0,0.8005580306053162,0.800558054021427,2.3416110828122783e-08,False,0.8187398910522461,0.7111484335961202,2.980680465698242,57,0.029373449140361357,0.5681854531701123,-0.10216545606298108,0.02057415513055663,0.02238934939461093,-0.09797405744237561,0.5596171066697155,0.9120432847339066,0.8673832471904358,0.9509451683395475,0.9694550503297468,0.9555112881806108,0.8717948717948719,1.0287068738477745
pretrained,44,15,99794.68710591017,-0.024637142529095546,-0.02515300642080509,-0.028415775005687077,-0.0020573529517851075,0.06422039945752044,0.02772805680121715,2.772805680121715e-05,0.0005013061940137829,0.20052247760551317,1.4010449552110262,0.9999999999999999,0.8020898103713989,0.8020899104220525,1.0005065353979603e-07,False,0.8347545862197876,0.7250586210773721,3.0457141399383545,58,0.030607287372861586,0.5606116601931197,-0.1032582124961274,0.020422636132155142,0.034309747229729376,-0.09726426510938577,0.5545711466776473,1.0000531712757406,0.9794685529360748,1.000391488535496,0.999641962047977,1.0055594162612926,1.0401069518716577,0.9831029185867896
pretrained,44,16,93811.73298426848,-0.05921101317255073,-0.05995263169964238,-0.06690480421953816,-0.06596474469530644,0.059948249520336686,0.28916738075869425,0.00028916738075869427,0.0004994377134633916,0.19977508538535665,1.399550170770713,0.9999999999999998,0.7991002798080444,0.799100341541426,6.173338151782559e-08,False,0.8382002115249634,0.7280514531908602,3.0565550327301025,59,0.03976452696536267,0.5741807107946701,-0.10332815003182208,-0.09644693535353457,0.024209186168653613,0.02459313507590974,0.5370275263807602,0.9160800047452287,0.912869623396696,0.9328680427305247,1.0992120343839542,1.0241879751209397,1.1696658097686377,0.9851562499999998
pretrained,44,17,100959.07817498445,0.07747670893918279,0.07618817991470772,0.07079566841400405,0.009499672464541975,0.09337497491688755,0.7037386649421283,0.0007037386649421284,0.0004928534185247763,0.1971413674099105,1.394282734819821,0.9999999999999999,0.7885653972625732,0.788565469639642,7.23770687827141e-08,False,1.0195447206497192,0.885565292463531,4.130044937133789,60,0.19975637484874043,0.5838320760854653,-0.09957771907959667,-0.09756364833031383,0.04299914304699215,0.18427886654223713,0.1862749068864754,1.0911163764566931,1.1234912300099247,1.0672516751244587,0.9214727924405344,0.9787449392712549,0.9501831501831501,0.9801744647105474
pretrained,44,18,98719.48182447154,-0.020978207787095582,-0.022183209187302544,-0.026306441626343116,-0.01297128137083714,0.07670975581928002,0.7414569673793656,0.0007414569673793657,0.0004901229523654495,0.1960491809461798,1.3920983618923597,1.0,0.784196674823761,0.7841967237847194,4.896095839868053e-08,False,0.8197156190872192,0.7119959401989745,2.973525285720825,61,0.0278059369219201,0.5701958475900548,-0.10273095087281295,-0.09331823007336684,0.024290494088615694,0.020998930026377954,0.5527579723192113,0.9575598807831897,0.9536357930098714,0.9593638617140574,0.9904526166902407,1.019303688383316,0.9602929838087895,1.0035059331175835
pretrained,44,19,93944.0498522925,-0.04787138896994514,-0.0483737544395747,-0.054461194563507814,-0.0644633710940632,0.05938209680563525,0.028089951191629797,2.8089951191629796e-05,0.0004996728324996575,0.19986913299986298,1.399738265999726,0.9999999999999999,0.7994763851165771,0.7994765319994519,1.4688287475195239e-07,False,0.826042652130127,0.7174915312736831,3.0136706829071045,62,0.041218087343232956,0.5701607356646231,-0.102098125698311,-0.09777100730155197,0.019713109625237313,0.018664367763059464,0.55011283260371,0.906604323640961,0.8950099292047539,0.9116191074982402,0.9460906818993214,1.0010145417653027,0.8916097952629467,1.0064498790647676
pretrained,44,20,96271.94536362744,0.025319173198462996,0.0247795950355032,0.02267591449134531,-0.03872420591784431,0.06126501369747141,0.025491115770169687,2.5491115770169686e-05,0.0005009012549583401,0.20036050198333605,1.400721003966672,0.9999999999999999,0.8014419674873352,0.801442007933344,4.0446008764405406e-08,False,0.837949275970459,0.7278334933375911,3.0693564414978027,63,0.0508923517274005,0.5607652613627059,-0.10213359950908593,-0.09822690247425012,0.022784403126154623,0.017017648156200132,0.5489008376108748,1.0798634244603893,1.039007305019145,1.1395080340749941,0.8803773584905662,0.9280405405405406,0.9914452949122017,1.0066755674232308
pretrained,44,21,100585.9087788113,0.04567128859129066,0.04481018222795474,0.04213524746790661,0.005824958842890471,0.048278345856563466,0.3248739444783756,0.0003248739444783756,0.0004989615441965207,0.19958461767860824,1.3991692353572165,0.9999999999999999,0.7983384728431702,0.798338470714433,2.1287371865241766e-09,False,0.859176754951477,0.7462714473099379,3.1625969409942627,64,0.02540232081498417,0.5624693672039679,-0.10170128542397705,0.021325607118862,0.06353244584585938,-0.0978833322546312,0.5268548766949347,1.0537528861202778,1.0436698440150798,1.056726336776278,1.1337333904843547,1.097196942118675,1.0286103542234333,1.0366047745358091
pretrained,44,22,97349.909610736,-0.03125817014445709,-0.03217149606105629,-0.03597610420765029,-0.02722231997811475,0.05857650773290134,0.4347415390823569,0.0004347415390823569,0.0005084991667951856,0.20339966671807425,1.4067993334361486,1.0,0.8135986328125,0.8135986668722972,3.4059797204832876e-08,False,0.8809382915496826,0.7651732778346105,3.271235942840576,65,0.028640124414648332,0.5103294248027461,-0.10200393998197146,0.031972854797329225,-0.10139572673610278,0.06921625829168729,0.5632410044116634,0.9410285276370367,0.912668726840604,0.9582963540708176,1.0015122873345936,0.9499004644990046,1.0061810154525386,1.00921187308086
pretrained,44,23,103827.76447667705,0.06754125586355597,0.06654197103873494,0.060689935774383405,0.036866482640458775,0.06797733688380242,0.43188630523426197,0.000431886305234262,0.0005046140948044402,0.20184563792177612,1.4036912758435522,0.9999999999999999,0.8073825836181641,0.8073825516871045,3.193105957421949e-08,False,0.8555681109428406,0.7431370189497297,3.133845329284668,66,0.03741793361093315,0.5761565009930304,-0.10559302169297424,-0.09625261622880188,0.039942540494459,0.026138386023896065,0.5221902767994574,1.0617528584451108,1.1068239035899863,1.0283217793331279,1.064175160437901,0.9811386657352429,1.100043878894252,1.0210446247464502
pretrained,44,24,102065.0074149376,-0.016144666522084905,-0.01697770409123489,-0.02021444861949916,0.020232276146735284,0.07160484251551338,0.33388318068214823,0.0003338831806821482,0.0005131828558764287,0.2052731423505715,1.4105462847011432,1.0,0.821092426776886,0.8210925694022864,1.4262540037890403e-07,False,0.8549076318740845,0.742563334119783,3.1480655670166016,67,0.02826783699648719,0.5579876684184586,-0.10917331943554537,0.03029150968151431,-0.09609982291502614,0.04486350794988017,0.5438626193042313,0.9738875049333385,0.9888637987703586,0.9580667059670183,0.9741042923022349,1.0316838732645068,0.9409652971679298,0.9865905140302956
pretrained,45,1,101048.81591511794,0.01201068005105177,0.0104881591511794,0.008148195854114712,0.01037929940711979,0.04462207106010157,1.0292076127869743,0.0010292076127869742,0.00047637662584228173,0.19055065033691268,1.3811013006738253,1.0,0.7622025609016418,0.7622026013476506,4.0446008764405406e-08,False,1.026304006576538,0.8914363336227784,4.479496002197266,45,-0.06049948504992894,0.17983315938285419,0.10451827251485415,0.20998551004699298,0.15377752536109515,-0.13005116528698374,0.5424361830311162,1.0524253138754247,1.054036194252693,1.0270848634564504,0.9872412815423873,1.0051039008384979,1.121575984990619,1.0374963945774445
pretrained,45,2,103651.17633501018,0.027161326602664237,0.02575349741928945,0.02118588951006915,0.03522561406548086,0.07320850296583836,0.8846646057707921,0.0008846646057707921,0.0004868773477418083,0.19475093909672334,1.3895018781934465,0.9999999999999999,0.7790037393569946,0.779003756386893,1.7029898380371833e-08,False,1.0969455242156982,0.9527947762306954,5.425882816314697,46,0.1273173072508403,0.21001645709787095,-0.07608252231563842,0.4119547584227153,0.16475774134908402,-0.11866841678108492,0.28070467497621265,1.0054865027130322,0.9846774920370601,1.0193239990459473,1.0485353245261344,1.019949220166848,1.0441619270659084,1.0467055879899918
pretrained,45,3,101538.6379237371,-0.019678546865473656,-0.02038122948499066,-0.02330400751493103,0.015153225956140215,0.06463238811180769,0.2282382888453347,0.00022823828884533471,0.0004888066915529116,0.19552267662116463,1.3910453532423293,0.9999999999999999,0.7820907235145569,0.7820907064846585,1.7029898380371833e-08,False,1.1054706573486328,0.9601996127849435,5.50958776473999,47,0.15551256601299557,0.26652343039001736,-0.08726848449025837,0.3684108949133328,0.10536842261041912,-0.10825419213090626,0.2997073626943997,1.0222140006378042,1.054929753081416,0.9992198688185272,0.9627499315256095,1.0142247510668565,1.0807433514899072,0.9436918990703851
pretrained,45,4,101447.68942649683,8.858971324521292e-06,-0.0008957033411122195,-0.003603394304648866,0.014270304574514059,0.05440945846045419,0.41775208498750416,0.00041775208498750414,0.0004872115701436996,0.19488462805747986,1.3897692561149597,1.0,0.7795385122299194,0.7795385122299194,0.0,False,1.0651957988739014,0.925217315194923,5.134464263916016,48,0.18875998258590698,0.3491537570953369,-0.07531046867370605,0.22628343105316162,0.04993981122970581,-0.1195741593837738,0.38074764609336853,1.022748062827226,1.0116330078314992,1.0125485675873276,0.8998577524893313,0.9817671809256661,0.9866587607471095,1.0382775119617225
pretrained,45,5,107605.01014436815,0.062074068654424996,0.06069453875864328,0.052313776032210116,0.07067524211154186,0.08182323009635364,0.8164037870509284,0.0008164037870509284,0.0004833422947142806,0.19333691788571222,1.3866738357714243,1.0,0.7733476161956787,0.7733476715428487,5.534716995825306e-08,False,1.0597383975982666,0.9204770766758431,4.725886821746826,49,0.10149322875908443,0.4757463527577264,-0.08649253419467381,0.20114644297531672,0.3188193334000451,-0.10684438369103841,0.09613155999353953,1.028990413717977,1.0399761864870785,1.0121727778274432,0.9920961112867532,1.1142857142857145,0.933293269230769,0.9915966386554621
pretrained,45,6,102963.56707773841,-0.04187065731773065,-0.04313407954148751,-0.04436880893676134,0.02878267684239122,0.049524873352213915,0.8410344741174154,0.0008410344741174154,0.00047846999817660884,0.19138799927064354,1.382775998541287,0.9999999999999999,0.7655519843101501,0.7655519970825742,1.277242400732348e-08,False,0.9880149364471436,0.8581788698739731,4.018548011779785,50,0.1100236124226025,0.4150959796139172,-0.08383527185235706,0.12722676460232052,0.03358049158539089,-0.10755272741828648,0.5054611510464123,0.9524308174608502,0.9468745137780623,0.9571047153564893,1.0296367112810707,0.9903846153846152,1.0135222150676113,0.9600874794969929
pretrained,45,7,107835.25571546971,0.04822630360984537,0.047314683979947425,0.04046004981292821,0.07265949956240225,0.06833545814165655,0.3786332947867257,0.0003786332947867257,0.0004914233567459243,0.19656934269836973,1.3931386853967394,0.9999999999999998,0.7862772345542908,0.7862773707934787,1.3623918793115308e-07,False,0.9315382242202759,0.8091238209216399,3.5910420417785645,51,0.14259946133409226,0.5610468813351221,-0.09980651204075133,0.0328940131834575,0.031095115201813822,-0.0967628306576184,0.4289338716438838,1.0691438500861281,1.0726581795633896,1.0583749337868538,1.0225936242649336,0.9190938511326862,1.0320838627700126,1.019362186788155
pretrained,45,8,107208.82982453804,-0.005086988686048843,-0.005809100991836402,-0.008720315056097574,0.06724100837903246,0.06603647745455568,0.2204665999327387,0.00022046659993273871,0.0005056013885353293,0.20224055541413172,1.4044811108282633,1.0,0.8089622259140015,0.8089622216565266,4.257474817137563e-09,False,0.9384337663650513,0.8151132127280545,3.5856924057006836,52,0.04113334098032542,0.5579509144382817,-0.10518116450735501,0.0874438365655286,0.0629064669566495,-0.0970593909067767,0.45280599647334646,0.9916662901143084,1.0025358571630094,0.9627064136965677,0.9576271186440679,0.9838028169014084,1.0421668205601724,0.9972067039106144
pretrained,45,9,108791.13664382046,0.015417082118315717,0.014759109131888382,0.011009877606555262,0.08080747122444742,0.05113170477719399,0.14312879634755,0.00014312879634754998,0.0005050642149788993,0.20202568599155973,1.4040513719831194,0.9999999999999998,0.8081027269363403,0.8081027439662387,1.7029898380371833e-08,False,0.9353845119476318,0.8124646639932458,3.5535354614257812,53,0.09444462667618478,0.5727695838681288,-0.10174672145928657,0.04611136551414216,0.04963614206228936,-0.10027896453227317,0.4390639678708144,1.0436129187650538,1.0069045203783964,1.0537813804467038,1.0290771175726925,1.0293486041517539,0.9503839338452451,1.0114845938375352
pretrained,45,10,101858.71228640675,-0.06304280488604075,-0.06372232675636336,-0.06508533528702995,0.018247946048840835,0.050516202228467186,0.22831594624689644,0.00022831594624689644,0.0004971904081425497,0.1988761632570199,1.39775232651404,1.0,0.795504629611969,0.7955046530280798,2.3416110828122783e-08,False,0.8417782783508301,0.7311593225475702,3.0693535804748535,54,0.035620526277593184,0.5580360822911774,-0.1018432743315186,0.03320213487105708,0.022041554429701377,-0.0970328889255013,0.5499758653874909,0.9298536593307981,0.8801916899722919,0.9556161965613983,0.9324324324324325,0.9551460361613352,0.8760099440646364,0.9872611464968152
pretrained,45,11,105151.22956498204,0.032927043195149386,0.03232435600910977,0.02785155116629799,0.04898877156542092,0.057785487005641845,0.07954836690000136,7.954836690000137e-05,0.0005040969979017972,0.20163879916071892,1.4032775983214378,1.0,0.8065550923347473,0.8065551966428757,1.043081283569336e-07,False,0.8623409867286682,0.7490198641105319,3.1810154914855957,55,0.029485823586583138,0.5545003917068243,-0.10153826512396336,0.021221589297056198,0.0615107286721468,-0.10010053403675556,0.5349202658981085,0.9869331771848514,0.9986076251350232,0.9760156672096543,1.0082345191040842,1.0462322533673099,0.9882937211777227,1.0513323983169707
pretrained,45,12,108560.82925863175,0.0330374102579718,0.03242567593127976,0.02718184696807361,0.07885744164901975,0.05373646231050454,0.08806054985948972,8.806054985948972e-05,0.0005042853978063378,0.20171415912253515,1.4034283182450704,1.0,0.8068565130233765,0.8068566364901408,1.234667643679188e-07,False,0.8555900454521179,0.7431560710224145,3.1355836391448975,56,0.04529672062822751,0.5746567653758186,-0.10531001963785716,0.0255881989640849,0.03297067007848195,-0.09640413948467799,0.5232018040759223,1.0357733081792009,1.0341142880338432,1.0231835256931106,0.9411956876837635,1.048016701461378,0.9239052404881549,1.0130736392742796
pretrained,45,13,103482.01004511326,-0.04623845572357621,-0.04678316523742543,-0.04812249779426881,0.03364845777150316,0.058270278335044286,0.07315397581883845,7.315397581883845e-05,0.0004981262596057994,0.1992505038423198,1.3985010076846396,0.9999999999999999,0.7970020174980164,0.7970020153692792,2.1287371865241766e-09,False,0.8223932981491089,0.7143217426807476,2.992051839828491,57,0.030865391982453194,0.5678359831550291,-0.10179920095418182,0.02113666039492401,0.023144495008247223,-0.09745130288813797,0.5562679733016661,0.9120432847339066,0.8673832471904358,0.9509451683395475,0.9694550503297468,0.9555112881806108,0.8717948717948719,1.0287068738477745
pretrained,45,14,100887.97835353903,-0.024550848069574527,-0.025067465257423538,-0.0279030502953297,0.008801626992933742,0.06112439033520564,0.029223350009748017,2.9223350009748016e-05,0.0005005367512681655,0.2002147005072662,1.4004294010145322,0.9999999999999998,0.8008587956428528,0.8008588020290643,6.38621155957253e-09,False,0.8390591144561768,0.7287974867978932,3.062842607498169,58,0.031806106812187596,0.5608954458896602,-0.10318130707102163,0.020763085356780453,0.0363975457314934,-0.09703339343624456,0.5503525167171444,1.0000531712757406,0.9794685529360748,1.000391488535496,0.999641962047977,1.0055594162612926,1.0401069518716577,0.9831029185867896
pretrained,45,15,94834.79623921419,-0.059254517431609366,-0.05999904263234257,-0.06645968974229309,-0.05446528031501163,0.06385564868695433,0.29367178891386303,0.000293671788913863,0.0004980619863740036,0.19922479454960146,1.398449589099203,1.0,0.7968991994857788,0.796899178198406,2.1287372753420186e-08,False,0.8432720899581909,0.7324568308237298,3.0764429569244385,59,0.04285969851272445,0.5745322805430209,-0.10334517540676255,-0.0958796191428389,0.025089678221515227,0.02511207466678958,0.5316310626055514,0.9160800047452287,0.912869623396696,0.9328680427305247,1.0992120343839542,1.0241879751209397,1.1696658097686377,0.9851562499999998
pretrained,45,16,102173.26030242011,0.07868764000648798,0.07738155565490068,0.07186833635470062,0.021270343101390088,0.07734574123402202,0.719534062913486,0.000719534062913486,0.000492008232644626,0.19680329305785044,1.3936065861157008,1.0,0.7872130870819092,0.7872131722314015,8.514949234594837e-08,False,1.0189380645751953,0.8850383576923733,4.124470233917236,60,0.21139560320547648,0.5835199324148042,-0.09942442498036794,-0.0973788680774825,0.04297358223370143,0.18555089512041636,0.17336328008345195,1.0911163764566931,1.1234912300099247,1.0672516751244587,0.9214727924405344,0.9787449392712549,0.9501831501831501,0.9801744647105474
pretrained,45,17,99900.93725151871,-0.021013261084442014,-0.022239899599715285,-0.026024123275051637,-0.0009916098007356489,0.07524340745851804,0.764487131365708,0.000764487131365708,0.0004892659360276802,0.19570637441107208,1.3914127488221442,0.9999999999999999,0.7828255295753479,0.7828254976442883,3.193105957421949e-08,False,0.8215919733047485,0.7136257207645123,2.9799509048461914,61,0.028798992080347863,0.5700270573475531,-0.10287385034774033,-0.09283252406333176,0.024715982643621293,0.021103840587394562,0.5510605017521552,0.9575598807831897,0.9536357930098714,0.9593638617140574,0.9904526166902407,1.019303688383316,0.9602929838087895,1.0035059331175835
pretrained,45,18,95046.05608908534,-0.048092090189697956,-0.04859695310175449,-0.054005758175380524,-0.052121509452968784,0.05751717046294775,0.03150343841740072,3.150343841740072e-05,0.0004990067466029099,0.19960269864116398,1.3992053972823277,0.9999999999999998,0.7984107732772827,0.7984107945646555,2.1287372753420186e-08,False,0.8286100625991821,0.7197215556726658,3.0244693756103516,62,0.043753181717225476,0.56985818701131,-0.1020763207759176,-0.09752637786524637,0.019745481333562298,0.018527568450995846,0.5477182801280702,0.906604323640961,0.8950099292047539,0.9116191074982402,0.9460906818993214,1.0010145417653027,0.8916097952629467,1.0064498790647676
pretrained,45,19,97416.56874488702,0.02548095129374972,0.024940673535994273,0.022027649825058043,-0.026519423629859595,0.07148871996102289,0.02640262299350321,2.640262299350321e-05,0.0005005892539130791,0.20023570156523163,1.4004714031304633,0.9999999999999999,0.8009427785873413,0.8009428062609265,2.7673585201171136e-08,False,0.8406851291656494,0.7302098252295282,3.0826170444488525,63,0.053787939516561356,0.5604161026754549,-0.10219479325626579,-0.09804090830896584,0.02291203503097805,0.01683375638510498,0.5462858679571322,1.0798634244603893,1.039007305019145,1.1395080340749941,0.8803773584905662,0.9280405405405406,0.9914452949122017,1.0066755674232308
pretrained,45,20,101798.13866704954,0.04584354279163705,0.04497766631092204,0.041661308483546766,0.01766376763459987,0.050437655618253904,0.32978862151503563,0.00032978862151503564,0.0004984759153532131,0.19939036614128525,1.3987807322825705,0.9999999999999999,0.7975614666938782,0.797561464565141,2.1287371865241766e-09,False,0.8623583316802979,0.7490349297440951,3.1773123741149902,64,0.026098756385701027,0.5623219611921481,-0.1016098705253431,0.021706283358590928,0.06556837287332329,-0.09778049561594215,0.5236949923315218,1.0537528861202778,1.0436698440150798,1.056726336776278,1.1337333904843547,1.097196942118675,1.0286103542234333,1.0366047745358091
pretrained,45,21,98550.2928285912,-0.03097843704758141,-0.03190476644254803,-0.03518626916397276,-0.014710328399838213,0.05624346259069355,0.44736393062131746,0.00044736393062131747,0.0005090362897941044,0.2036145159176418,1.4072290318352834,0.9999999999999998,0.8144580721855164,0.8144580636705667,8.514949634275126e-09,False,0.8857110738754272,0.7693188638894031,3.294895648956299,65,0.030322981200047894,0.5062130141471113,-0.10206699637430056,0.03336510168654577,-0.10154751954334124,0.0706776279423918,0.5630357909415449,0.9410285276370367,0.912668726840604,0.9582963540708176,1.0015122873345936,0.9499004644990046,1.0061810154525386,1.00921187308086
pretrained,45,22,105113.72435462633,0.06761232751368795,0.06659981759212963,0.06023844387737444,0.04864944502750146,0.062426590999304594,0.4444267866866929,0.0004444267866866929,0.0005044104691062655,0.2017641876425062,1.4035283752850123,0.9999999999999999,0.807056725025177,0.8070567505700246,2.554484757055775e-08,False,0.8596833348274231,0.7467114569994711,3.1520626544952393,66,0.03946148657373019,0.5763053303318364,-0.10579538292118482,-0.09596880472132138,0.04143505224159785,0.026441015835319243,0.5181213026600224,1.0617528584451108,1.1068239035899863,1.0283217793331279,1.064175160437901,0.9811386657352429,1.100043878894252,1.0210446247464502
pretrained,45,23,103321.62262624445,-0.016208956981259126,-0.017049169738632686,-0.01989664815731324,0.0321483784498825,0.06791163159388561,0.34119880571961403,0.00034119880571961404,0.0005132222242121185,0.2052888896848474,1.4105777793696948,1.0,0.8211553692817688,0.8211555587393895,1.8945762070288197e-07,False,0.8588440418243408,0.7459824563595937,3.16560435295105,67,0.029694501842771254,0.5564014712082488,-0.10926610736974646,0.03151861817709037,-0.09602278231510095,0.045594690899763785,0.5420796075569732,0.9738875049333385,0.9888637987703586,0.9580667059670183,0.9741042923022349,1.0316838732645068,0.9409652971679298,0.9865905140302956
pretrained,45,24,110931.63327679482,0.07454592851098862,0.0736536114814883,0.06378200011867567,0.0985438774665689,0.05226997796021459,0.3191846369632653,0.0003191846369632653,0.0005115734599530696,0.20462938398122787,1.4092587679624557,1.0,0.8185175061225891,0.8185175359249115,2.9802322387695312e-08,False,0.8174705505371094,0.71004589843336,2.9904332160949707,68,0.033246636390686035,0.5677280388772488,-0.10337473079562187,0.018775643780827522,0.020072368904948235,-0.101254653185606,0.5648066960275173,1.0350516236175364,1.0668988139445743,1.0189072752337456,0.971959213401311,0.9986197377501727,0.9864349300551081,1.0646866347847974
pretrained,46,1,102772.48020607729,0.029229469132957764,0.02772480206077299,0.02360501859959735,0.026976873580534133,0.06743709961873565,0.9780995505196708,0.0009780995505196707,0.00048490559416157855,0.19396223766463142,1.3879244753292628,1.0,0.7758490443229675,0.7758489506585255,9.36644419802235e-08,False,1.0744025707244873,0.9332142156166263,5.157573699951172,46,0.13348389097622462,0.1440023524420602,-0.06772869399615697,0.45697115787437986,0.22624874540737697,-0.12623354366847445,0.2332560909645898,1.0054865027130322,0.9846774920370601,1.0193239990459473,1.0485353245261344,1.019949220166848,1.0441619270659084,1.0467055879899918
pretrained,46,2,100276.23590303592,-0.023593645016558917,-0.02428903436052099,-0.027590031260705056,0.0027547494234130276,0.06735814207167903,0.22865688800811765,0.00022865688800811766,0.0004837894040559019,0.19351576162236075,1.3870315232447215,1.0,0.7740630507469177,0.7740630464894429,4.257474817137563e-09,False,1.100122094154358,0.9555539098221747,5.375135898590088,47,0.15962259152105876,0.1934105423944337,-0.07902489176818303,0.4308335153119905,0.14935414173773356,-0.11449086985417772,0.26029497065714424,1.0222140006378042,1.054929753081416,0.9992198688185272,0.9627499315256095,1.0142247510668565,1.0807433514899072,0.9436918990703851
pretrained,46,3,99174.65365196252,-0.010080347321741567,-0.010985476680024142,-0.01388552127041653,-0.008322150041823129,0.056172436103607476,0.42992404529026584,0.0004299240452902658,0.00048484051067914285,0.19393620427165714,1.3878724085433143,1.0,0.7757447957992554,0.7757448170866286,2.1287373197509396e-08,False,1.079744815826416,0.9378544307541109,5.445797920227051,48,0.1909035529409136,0.2792225714240755,-0.06883050394909723,0.3045235808406557,0.07131688403231756,-0.1251057003225599,0.34796961503369467,1.022748062827226,1.0116330078314992,1.0125485675873276,0.8998577524893313,0.9817671809256661,0.9866587607471095,1.0382775119617225
pretrained,46,4,105340.79694204424,0.06364031867684772,0.06217458859721159,0.05512061079976415,0.050700175972492434,0.0780343042910282,0.8977819979190826,0.0008977819979190827,0.0004812000638672284,0.19248002554689136,1.3849600510937827,1.0,0.7699199914932251,0.7699201021875655,1.1069434036059533e-07,False,1.0537192821502686,0.9152489394258347,4.772005558013916,49,0.0934626321707453,0.43435209350926535,-0.08367071939366205,0.2421265627656664,0.34878196673733847,-0.10880930615322931,0.07375677036387579,1.028990413717977,1.0399761864870785,1.0121727778274432,0.9920961112867532,1.1142857142857145,0.933293269230769,0.9915966386554621
pretrained,46,5,101227.96764692833,-0.03774029119533995,-0.03904308126108713,-0.04104596923347729,0.012130715211149279,0.049530169442682674,0.8792296296783856,0.0008792296296783856,0.0004755738244525024,0.19022952978100097,1.3804590595620019,0.9999999999999999,0.760918140411377,0.7609181191240038,2.1287373197509396e-08,False,1.0166244506835938,0.8830287781996188,4.324338912963867,50,0.11319716540830474,0.3686346736337457,-0.08052506031734605,0.17654100326555114,0.04136529458420615,-0.10970446946365492,0.49049139288919313,0.9524308174608502,0.9468745137780623,0.9571047153564893,1.0296367112810707,0.9903846153846152,1.0135222150676113,0.9600874794969929
pretrained,46,6,105981.79433319966,0.04798063544411946,0.04696159368577013,0.04058959127925503,0.0564417159648507,0.0744281894889278,0.4864354016525405,0.0004864354016525405,0.00048642372978585104,0.19456949191434042,1.389138983828681,1.0,0.7782779932022095,0.7782779676573619,2.554484757055775e-08,False,0.9528695940971375,0.8276520133795564,3.7074978351593018,51,0.15163180551358632,0.5598844321710723,-0.09839832463434764,0.042439124946083345,0.03834234869905881,-0.09617116727999278,0.40227178058453966,1.0691438500861281,1.0726581795633896,1.0583749337868538,1.0225936242649336,0.9190938511326862,1.0320838627700126,1.019362186788155
pretrained,46,7,105246.79419654184,-0.00618396045388081,-0.0069351546771045935,-0.010193467364297078,0.04985229466223717,0.07208092123367096,0.2512332658682551,0.0002512332658682551,0.0005049210307853563,0.20196841231414253,1.403936824628285,0.9999999999999999,0.8078736066818237,0.8078736492565701,4.257474639501879e-08,False,0.9630320072174072,0.8364789732614651,3.764578342437744,52,0.04145197038139614,0.551846554768937,-0.10498722057257381,0.1099398120173386,0.07552360583628925,-0.09698119174156872,0.42320646931018147,0.9916662901143084,1.0025358571630094,0.9627064136965677,0.9576271186440679,0.9838028169014084,1.0421668205601724,0.9972067039106144
pretrained,46,8,106846.77366501046,0.015877897502939886,0.015202168205529887,0.011203242089718915,0.06408030331806447,0.06049533132216759,0.16078111316476543,0.00016078111316476543,0.0005046080398772444,0.20184321595089777,1.4036864319017954,1.0,0.8073728680610657,0.8073728638035909,4.257474817137563e-09,False,0.9534052610397339,0.8281172877741717,3.6587705612182617,53,0.09794177540710994,0.5721405787127358,-0.10138049295970372,0.05539553665689059,0.05834230088761874,-0.10046272299119405,0.41802302428654264,1.0436129187650538,1.0069045203783964,1.0537813804467038,1.0290771175726925,1.0293486041517539,0.9503839338452451,1.0114845938375352
pretrained,46,9,100032.74834907282,-0.06306357579439237,-0.06377380506875385,-0.06650443171684521,0.00032737628040102607,0.05503009358363549,0.2625657075217791,0.0002625657075217791,0.0004957553278654814,0.19830213114619255,1.396604262292385,1.0,0.7932084798812866,0.7932085245847702,4.470348358154297e-08,False,0.8503901958465576,0.7386395390415713,3.1048426628112793,54,0.036170339211821556,0.5544340591877699,-0.101440804079175,0.038762180134654045,0.02323107048869133,-0.09686132706701756,0.5457044821232557,0.9298536593307981,0.8801916899722919,0.9556161965613983,0.9324324324324325,0.9551460361613352,0.8760099440646364,0.9872611464968152
pretrained,46,10,103275.02192065842,0.03302942326733982,0.03241212128123694,0.027965644673318298,0.03171165553636446,0.06837269165290269,0.09457069795046527,9.457069795046527e-05,0.0005031726815338645,0.20126907261354582,1.4025381452270917,1.0,0.8050762414932251,0.8050762904541835,4.896095839868053e-08,False,0.8709756135940552,0.7565198057123942,3.22711443901062,55,0.028966366712536135,0.5509583255542176,-0.1013320931898696,0.022303146709288874,0.07040770857461862,-0.09993697942367621,0.5286335250628846,0.9869331771848514,0.9986076251350232,0.9760156672096543,1.0082345191040842,1.0462322533673099,0.9882937211777227,1.0513323983169707
pretrained,46,11,106623.2194122971,0.03304425201980399,0.03242020606116114,0.027597489549929702,0.0621179837637994,0.05617677355010478,0.09919436914580207,9.919436914580207e-05,0.000505072603534375,0.20202904141375,1.4040580828275,0.9999999999999999,0.8081161975860596,0.808116165655,3.193105957421949e-08,False,0.8618007302284241,0.7485506032767951,3.1632063388824463,56,0.04640100177909645,0.5747269469180277,-0.10550660613392082,0.027282530707972374,0.03564709824110779,-0.09652243527982918,0.5179714637675455,1.0357733081792009,1.0341142880338432,1.0231835256931106,0.9411956876837635,1.048016701461378,0.9239052404881549,1.0130736392742796
pretrained,46,12,101630.33933217647,-0.046274327661760095,-0.04682732436369097,-0.048847150693364365,0.016041856623618456,0.0554204710636684,0.08130037784576416,8.130037784576417e-05,0.0004986956329750164,0.19947825319000656,1.3989565063800131,0.9999999999999999,0.7979130148887634,0.7979130127600262,2.1287371865241766e-09,False,0.8249807357788086,0.7165691624504424,3.0023322105407715,57,0.031137051326887932,0.5673252309539488,-0.10191738206361023,0.02197209399725708,0.02401144829179558,-0.09756087112639633,0.555032428620117,0.9120432847339066,0.8673832471904358,0.9509451683395475,0.9694550503297468,0.9555112881806108,0.8717948717948719,1.0287068738477745
pretrained,46,13,99087.29257772541,-0.024504208141981176,-0.02502251563029001,-0.028668809466723486,-0.009211145027084422,0.06831615632041219,0.030509140342473984,3.0509140342473986e-05,0.0005009593056248768,0.2003837222499507,1.4007674444999014,0.9999999999999999,0.8015348315238953,0.8015348889998029,5.747590758886645e-08,False,0.8417215943336487,0.7311100874358222,3.0746264457702637,58,0.0319023619272879,0.5595300088503531,-0.10328584510300842,0.021288907421486702,0.03803771388317856,-0.09709787714694229,0.5496247301676443,1.0000531712757406,0.9794685529360748,1.000391488535496,0.999641962047977,1.0055594162612926,1.0401069518716577,0.9831029185867896
pretrained,46,14,93148.87839434884,-0.059182108689227464,-0.059931137776505494,-0.06688063678822194,-0.0735502318841319,0.0508309986234892,0.2974852871681962,0.00029748528716819623,0.000498978535511664,0.19959141420466558,1.3991828284093313,1.0,0.798365592956543,0.7983656568186626,6.386211959252819e-08,False,0.8443945050239563,0.7334317481626638,3.082327365875244,59,0.043192523930753984,0.5746108847005027,-0.10390087642839976,-0.09569053777626582,0.025618273232664385,0.02527372858354024,0.5308960037572044,0.9160800047452287,0.912869623396696,0.9328680427305247,1.0992120343839542,1.0241879751209397,1.1696658097686377,0.9851562499999998
pretrained,46,15,100346.98748499854,0.07859215595213254,0.07727531683394262,0.07300696631591652,0.0034578764514520133,0.08002284039334776,0.72915846322264,0.00072915846322264,0.0004924744048288892,0.19698976193155565,1.3939795238631112,1.0,0.7879589796066284,0.7879590477262224,6.811959396557654e-08,False,1.0187838077545166,0.8849043719203399,4.125028610229492,60,0.21229019282119613,0.5833210301186358,-0.09963167937738557,-0.09735808255417008,0.042941785284451056,0.19045243678348403,0.1679843169237886,1.0911163764566931,1.1234912300099247,1.0672516751244587,0.9214727924405344,0.9787449392712549,0.9501831501831501,0.9801744647105474
pretrained,46,16,98119.01775043167,-0.020963727942785004,-0.022202656904871554,-0.026447542100626262,-0.019170414591314522,0.0763850211571945,0.7758587385926928,0.0007758587385926928,0.0004904003015586308,0.19616012062345234,1.3923202412469045,0.9999999999999998,0.7846405506134033,0.7846404824938089,6.811959440966575e-08,False,0.8219914436340332,0.713972696283897,2.983095169067383,61,0.02856072331113474,0.5699444535587515,-0.10352837560432299,-0.09263174501912935,0.025329210928508206,0.02113838413996355,0.5511873486850942,0.9575598807831897,0.9536357930098714,0.9593638617140574,0.9904526166902407,1.019303688383316,0.9602929838087895,1.0035059331175835
pretrained,46,17,93354.1002223269,-0.048056338437373336,-0.04856262972611958,-0.05473440909591473,-0.07119022905095318,0.05429189272552144,0.03237733830298703,3.237733830298703e-05,0.0004996141990912812,0.1998456796365125,1.3996913592730247,0.9999999999999998,0.7993826270103455,0.7993827185460494,9.15357039055209e-08,False,0.8287361264228821,0.7198310533186668,3.025496244430542,62,0.04357434410069669,0.5698957366070576,-0.10235332724239146,-0.09749235239412105,0.019992748009307032,0.018534455182296877,0.547848395737154,0.906604323640961,0.8950099292047539,0.9116191074982402,0.9460906818993214,1.0010145417653027,0.8916097952629467,1.0064498790647676
pretrained,46,18,95673.8938360223,0.025391441161677797,0.0248494025240531,0.02305797179793252,-0.04521720597462364,0.05830102556794039,0.027872359114033768,2.7872359114033768e-05,0.0005008837154933384,0.2003534861973354,1.4007069723946706,0.9999999999999998,0.8014139533042908,0.8014139447893411,8.514949634275126e-09,False,0.841709315776825,0.7310994224168736,3.087205410003662,63,0.05399271579725401,0.5599276992891515,-0.10241043833749636,-0.09794304785983904,0.023510555869766636,0.016875605231949253,0.5460469100092138,1.0798634244603893,1.039007305019145,1.1395080340749941,0.8803773584905662,0.9280405405405406,0.9914452949122017,1.0066755674232308
pretrained,46,19,100004.16168977736,0.04613558076427959,0.045260704672235974,0.042690400407345855,4.1615165879638205e-05,0.0513684146631485,0.33740015434367315,0.00033740015434367317,0.0004992429526256664,0.19969718105026657,1.3993943621005331,0.9999999999999999,0.7987886071205139,0.7987887242010663,1.1708055236425707e-07,False,0.8662405610084534,0.752406991293497,3.1999785900115967,64,0.025775585589664307,0.5614076743700674,-0.10177158165190903,0.022001905632870522,0.07014684778239044,-0.09792559939835754,0.5203651676752737,1.0537528861202778,1.0436698440150798,1.056726336776278,1.1337333904843547,1.097196942118675,1.0286103542234333,1.0366047745358091
pretrained,46,20,96876.71386879873,-0.030324174769246426,-0.03127317671718788,-0.03539520965425281,-0.0322398025951951,0.062275837863561424,0.46938763292772434,0.0004693876329277244,0.0005097711857940469,0.20390847431761877,1.4078169486352377,1.0,0.8156338930130005,0.8156338972704753,4.257474817137563e-09,False,0.8924144506454468,0.7751413429720789,3.3311808109283447,65,0.030699986432279863,0.4989975983543055,-0.1021908377962453,0.03599595970341138,-0.10171763652137347,0.07489095575043134,0.5633239740771907,0.9410285276370367,0.912668726840604,0.9582963540708176,1.0015122873345936,0.9499004644990046,1.0061810154525386,1.00921187308086
pretrained,46,21,103321.12359655749,0.06755665266473287,0.06652176225224249,0.06108890807974447,0.03214370383277709,0.06589196696455447,0.46431268485529087,0.0004643126848552909,0.0005055584186421974,0.20222336745687897,1.404446734913758,0.9999999999999999,0.8088935017585754,0.8088934698275159,3.193105957421949e-08,False,0.862835705280304,0.749449571184673,3.1680667400360107,66,0.039546888587730256,0.5765095951833895,-0.10635898980711189,-0.09586437764976707,0.04407980692173752,0.026801346135990944,0.5152857306280306,1.0617528584451108,1.1068239035899863,1.0283217793331279,1.064175160437901,0.9811386657352429,1.100043878894252,1.0210446247464502
pretrained,46,22,101552.18806774434,-0.01627184658405978,-0.017120753890756957,-0.020500545196197987,0.015284634405995146,0.07282951538832076,0.3495721907487937,0.0003495721907487937,0.0005137494459216083,0.20549977836864333,1.4109995567372866,1.0,0.8219991326332092,0.8219991134745732,1.915863601098522e-08,False,0.8619815111160278,0.7487076275606349,3.1815083026885986,67,0.029682539935622893,0.554808443944369,-0.10978534205683638,0.032997230600033484,-0.09571443631180696,0.047121758173618994,0.5408898057149989,0.9738875049333385,0.9888637987703586,0.9580667059670183,0.9741042923022349,1.0316838732645068,0.9409652971679298,0.9865905140302956
pretrained,46,23,109028.70566668626,0.07452153642705595,0.07362241760812105,0.06514832872069307,0.0828103535805339,0.04754780907691372,0.3250958829053811,0.0003250958829053811,0.000512016424909234,0.20480656996369362,1.4096131399273872,1.0,0.8192262649536133,0.8192262798547745,1.4901161193847656e-08,False,0.8180990219116211,0.7105917817333292,2.993093252182007,68,0.0331916194409132,0.5675865430384874,-0.10340228490531445,0.018975332379341125,0.020377563312649727,-0.10140428505837917,0.5646755117923021,1.0350516236175364,1.0668988139445743,1.0189072752337456,0.971959213401311,0.9986197377501727,0.9864349300551081,1.0646866347847974
pretrained,46,24,109529.6005963596,0.005129434578884373,0.004594156434403862,0.0011146870445594287,0.08700479636987124,0.06159511489555819,0.02394504632268632,2.394504632268632e-05,0.0005087432890598263,0.20349731562393053,1.406994631247861,0.9999999999999999,0.8139893412590027,0.8139892624957219,7.876328078637584e-08,False,0.8262892961502075,0.717705763547514,3.017515182495117,69,0.028879659782562933,0.5683531226324183,-0.10289958252438478,0.023699641759906492,0.025549943159733496,-0.10059773309954576,0.5570149482893092,1.0146423361916632,1.0003827389871474,1.0247643242463869,1.0041213937804423,1.0570145127850723,0.969058874086807,1.0042553191489363
pretrained,47,1,98041.9079298202,-0.017939494537075107,-0.019580920701798066,-0.023268583991624167,-0.0199719906673117,0.06593186648624931,1.1835055308682578,0.0011835055308682578,0.0004893032567841667,0.19572130271366667,1.3914426054273332,1.0,0.7828851938247681,0.7828852108546664,1.7029898380371833e-08,False,1.073577642440796,0.9324976920134801,5.06881046295166,47,0.09274685915027345,0.34441354657922474,-0.09263259385313308,0.32619860555444447,0.0826502495578357,-0.10308870886053359,0.3497120418718883,1.0222140006378042,1.054929753081416,0.9992198688185272,0.9627499315256095,1.0142247510668565,1.0807433514899072,0.9436918990703851
pretrained,47,2,98360.0136426642,0.0041074892784651595,0.003244589171721435,0.00033119797878557004,-0.016673303475676304,0.059349784256996524,0.37160711203302654,0.00037160711203302655,0.00048813261091709134,0.19525304436683655,1.390506088733673,1.0,0.7810121774673462,0.7810121774673462,0.0,False,1.0309627056121826,0.8954828281908352,4.574460983276367,48,0.12496121600270271,0.422531072050333,-0.08007306233048439,0.19154461100697517,0.04359196126461029,-0.11517998203635216,0.41262418404221535,1.022748062827226,1.0116330078314992,1.0125485675873276,0.8998577524893313,0.9817671809256661,0.9866587607471095,1.0382775119617225
pretrained,47,3,104309.08974848378,0.06175915227959794,0.06048266857131801,0.053960983944905665,0.041310778944328996,0.0804619695019927,0.7166043158088413,0.0007166043158088413,0.00048635365973625876,0.1945414638945035,1.3890829277890069,0.9999999999999999,0.7781659364700317,0.7781658555780138,8.089201797290002e-08,False,1.051093578338623,0.9129682820728148,4.5772576332092285,49,0.07940812302487235,0.5012463395084654,-0.08867871867758889,0.17657100302832465,0.3138616148914609,-0.1058627452169146,0.12345438344138007,1.028990413717977,1.0399761864870785,1.0121727778274432,0.9920961112867532,1.1142857142857145,0.933293269230769,0.9915966386554621
pretrained,47,4,99709.40002635034,-0.042865458558796865,-0.04409672956809885,-0.04677834096430735,-0.0029144691831750613,0.05106185673606592,0.8076407451714789,0.0008076407451714789,0.0004796011187136173,0.19184044748544693,1.3836808949708939,1.0,0.7673617005348206,0.7673617899417877,8.940696716308594e-08,False,0.9647221565246582,0.8379470182969286,3.8072447776794434,50,0.08587987348437309,0.44144779071211815,-0.08528938516974449,0.11515047773718834,0.03194863349199295,-0.10655106231570244,0.5174136720597744,0.9524308174608502,0.9468745137780623,0.9571047153564893,1.0296367112810707,0.9903846153846152,1.0135222150676113,0.9600874794969929
pretrained,47,5,104293.52806135722,0.046815759176835,0.04597488334896638,0.04094336410676657,0.04116773246784111,0.06277675088499202,0.3123871375407491,0.0003123871375407491,0.0004912057838269643,0.1964823135307857,1.3929646270615712,0.9999999999999999,0.785929262638092,0.7859292541231424,8.514949634275126e-09,False,0.912660539150238,0.7927268720075903,3.4480905532836914,51,0.11017480599028723,0.5633985410843576,-0.09987913710730417,0.032287799886294766,0.03028692411524908,-0.09660317642348154,0.4603342424545969,1.0691438500861281,1.0726581795633896,1.0583749337868538,1.0225936242649336,0.9190938511326862,1.0320838627700126,1.019362186788155
pretrained,47,6,103728.466912762,-0.004743997922085907,-0.005417988624018877,-0.00862103795998365,0.035944490685452135,0.06795592355189345,0.17034067958593369,0.0001703406795859337,0.0005070920794137887,0.20283683176551548,1.4056736635310307,0.9999999999999999,0.8113473653793335,0.8113473270620615,3.831727202197044e-08,False,0.9259593486785889,0.8042780711956806,3.5124924182891846,52,0.03613033252102987,0.5586271929953779,-0.10555289951818331,0.08059152694685118,0.06009184303028242,-0.09728393224733217,0.467395936271974,0.9916662901143084,1.0025358571630094,0.9627064136965677,0.9576271186440679,0.9838028169014084,1.0421668205601724,0.9972067039106144
pretrained,47,7,105214.11501967277,0.014963871132447792,0.01432247242370055,0.01082506537626832,0.04955718174028123,0.05575251357121549,0.1267328060099058,0.0001267328060099058,0.0005054093578032086,0.20216374312128343,1.4043274862425668,1.0,0.8086550235748291,0.8086549724851335,5.108969558520471e-08,False,0.9246189594268799,0.8031138238844413,3.484523296356201,53,0.0813175391938005,0.5730372768427645,-0.10178378703338761,0.044831043907574225,0.04894691226737838,-0.10037995608789582,0.4540309709097658,1.0436129187650538,1.0069045203783964,1.0537813804467038,1.0290771175726925,1.0293486041517539,0.9503839338452451,1.0114845938375352
pretrained,47,8,98522.83319422943,-0.06294091025062143,-0.06359680755944408,-0.06701807200152325,-0.014993141771090457,0.04935496980303118,0.20209921364273342,0.00020209921364273343,0.0004980988547738109,0.19923954190952436,1.3984790838190488,1.0,0.7969581484794617,0.7969581676380977,1.915863601098522e-08,False,0.8392388224601746,0.7289535791868734,3.0593669414520264,54,0.0334308496011155,0.5585796846342939,-0.10195227579346725,0.03308932243713311,0.022151797477688112,-0.09728726611605712,0.5519878877592939,0.9298536593307981,0.8801916899722919,0.9556161965613983,0.9324324324324325,0.9551460361613352,0.8760099440646364,0.9872611464968152
pretrained,47,9,101727.66780754474,0.03313304008293172,0.03252885153025642,0.028966572868205094,0.01698326369590286,0.060196651975764466,0.0795008194233692,7.95008194233692e-05,0.0005054822045245342,0.20219288180981365,1.404385763619627,0.9999999999999998,0.8087714314460754,0.8087715272392542,9.579317872265847e-08,False,0.8606646060943604,0.7475637783924332,3.175828456878662,55,0.02797546530408518,0.5531271613602127,-0.10176484366612776,0.02122952895505087,0.0617147750620331,-0.1004280381436859,0.5381459511284317,0.9869331771848514,0.9986076251350232,0.9760156672096543,1.0082345191040842,1.0462322533673099,0.9882937211777227,1.0513323983169707
pretrained,47,10,105022.27300469557,0.03299940184388683,0.03238652048313728,0.027953046874803794,0.04782102749262562,0.05769433843837938,0.08817001378961972,8.817001378961972e-05,0.0005053087856088366,0.20212351424353464,1.4042470284870692,0.9999999999999999,0.8084940314292908,0.8084940569741383,2.554484757055775e-08,False,0.8530693650245667,0.7409666358217605,3.1251041889190674,56,0.04280912929347583,0.5742948023336274,-0.1053822221500533,0.025626484836850844,0.032956176038299284,-0.09674129209348134,0.5264369217412812,1.0357733081792009,1.0341142880338432,1.0231835256931106,0.9411956876837635,1.048016701461378,0.9239052404881549,1.0130736392742796
pretrained,47,11,100121.32141432283,-0.04612539897042078,-0.046665830496295024,-0.04921546881549941,0.001211744038222995,0.052123707221935565,0.06771033576556612,6.771033576556612e-05,0.0004990147639598165,0.1996059055839266,1.3992118111678533,1.0,0.7984235286712646,0.7984236223357066,9.36644419802235e-08,False,0.8226269483566284,0.7145246886723902,2.9937169551849365,57,0.03041267155536584,0.5675192991537708,-0.1018895363169057,0.0214212252093213,0.02345330587455205,-0.0977163692670209,0.5567994037909167,0.9120432847339066,0.8673832471904358,0.9509451683395475,0.9694550503297468,0.9555112881806108,0.8717948717948719,1.0287068738477745
pretrained,47,12,97612.81879617105,-0.024535998316086882,-0.025054629550593566,-0.02917720667885819,-0.02445561180661837,0.07019701668033647,0.03083770030311167,3.083770030311167e-05,0.0005009801366499493,0.20039205465997972,1.4007841093199596,1.0,0.8015681505203247,0.8015682186399191,6.811959440966575e-08,False,0.8399753570556641,0.7295933250079772,3.067267894744873,58,0.0314271104122911,0.5596594725336348,-0.10324243562562127,0.021029176988771964,0.03729096693652015,-0.09714961903435845,0.5509853277887617,1.0000531712757406,0.9794685529360748,1.000391488535496,0.999641962047977,1.0055594162612926,1.0401069518716577,0.9831029185867896
pretrained,47,13,91763.86446794047,-0.05917219973027921,-0.05991994084756436,-0.0683797202899386,-0.08975358197710803,0.06163500238897885,0.2962021817054067,0.0002962021817054067,0.0004988831840455532,0.19955327361822128,1.3991065472364426,1.0,0.7982130646705627,0.7982130944728851,2.9802322387695312e-08,False,0.8431270122528076,0.7323308179299396,3.0766854286193848,59,0.04236042499542236,0.574543122202158,-0.10375942662358284,-0.09579384699463844,0.02542353793978691,0.025134507566690445,0.5320916809141636,0.9160800047452287,0.912869623396696,0.9328680427305247,1.0992120343839542,1.0241879751209397,1.1696658097686377,0.9851562499999998
pretrained,47,14,98838.05354863855,0.07840639617655998,0.07709122890274078,0.07351104851323112,-0.011756063678344919,0.08972939571063991,0.7280396521091461,0.0007280396521091462,0.0004922515898942947,0.1969006359577179,1.3938012719154358,1.0,0.787602424621582,0.7876025438308716,1.1920928955078125e-07,False,1.0190391540527344,0.8851261628969207,4.125601291656494,60,0.21039247512817383,0.583439514040947,-0.09957891702651978,-0.09732171893119812,0.04320704936981201,0.1902618706226349,0.1695997267961502,1.0911163764566931,1.1234912300099247,1.0672516751244587,0.9214727924405344,0.9787449392712549,0.9501831501831501,0.9801744647105474
pretrained,47,15,96643.9196821437,-0.020963644276223437,-0.02219928243948166,-0.026769435631075474,-0.03472624381227751,0.07598510994285758,0.7726371309586934,0.0007726371309586934,0.0004902562844966139,0.19610251379864557,1.392205027597291,0.9999999999999999,0.7844100594520569,0.7844100551945821,4.257474817137563e-09,False,0.8218299746513367,0.7138324461075297,2.982269525527954,61,0.028457230489168844,0.5699763862150056,-0.10346114954778127,-0.0926413642508643,0.025298366855297766,0.021132592644010267,0.551237937595163,0.9575598807831897,0.9536357930098714,0.9593638617140574,0.9904526166902407,1.019303688383316,0.9602929838087895,1.0035059331175835
pretrained,47,16,91952.68274782036,-0.04803577252726465,-0.04854145971885815,-0.055811753989345306,-0.08751585067125611,0.06044294260733407,0.03175630899412274,3.175630899412274e-05,0.0004995888152292797,0.1998355260917119,1.399671052183424,1.0,0.7993420362472534,0.7993421043668478,6.811959440966575e-08,False,0.8284784555435181,0.7196072432365569,3.0241973400115967,62,0.04321892080562453,0.5699717391814505,-0.10234468536717553,-0.09749084072453637,0.020030784287622977,0.0185809050287519,0.548033176788262,0.906604323640961,0.8950099292047539,0.9116191074982402,0.9460906818993214,1.0010145417653027,0.8916097952629467,1.0064498790647676
pretrained,47,17,94234.37199535636,0.025355285305902697,0.024813732230015706,0.023200337979802275,-0.06118391710540361,0.06263191172100463,0.027483898614134417,2.7483898614134415e-05,0.0005008170208228486,0.20032680832913946,1.4006536166582786,0.9999999999999998,0.801307201385498,0.8013072333165572,3.193105913013028e-08,False,0.8412784337997437,0.7307251630868777,3.0848939418792725,63,0.053474396201116686,0.5600079891404934,-0.10239613827850139,-0.09793067005063807,0.023517258199197894,0.01691672365580285,0.5464104411325283,1.0798634244603893,1.039007305019145,1.1395080340749941,0.8803773584905662,0.9280405405405406,0.9914452949122017,1.0066755674232308
pretrained,47,18,98495.9713137219,0.04609685625340143,0.04522340657796864,0.043590380367955844,-0.015269951310877383,0.046471708531407654,0.33605050614901955,0.00033605050614901957,0.0004992588835635356,0.19970355342541424,1.3994071068508283,0.9999999999999998,0.7988142967224121,0.7988142137016565,8.302075560351341e-08,False,0.8655917644500732,0.7518434537631323,3.196627616882324,64,0.025665898940392895,0.5614418453936065,-0.10177929779248579,0.021965927577444477,0.06959521690649645,-0.09792425563292845,0.5210346646074737,1.0537528861202778,1.0436698440150798,1.056726336776278,1.1337333904843547,1.097196942118675,1.0286103542234333,1.0366047745358091
pretrained,47,19,95408.91970061863,-0.030396131887349354,-0.03134190740929521,-0.035463072843087064,-0.0481200323176032,0.05225983672722492,0.46629559301904266,0.00046629559301904265,0.000509605101708855,0.203842040683542,1.407684081367084,0.9999999999999998,0.815368115901947,0.8153681627341678,4.6832220768067145e-08,False,0.8914451599121094,0.7742994277383821,3.32590913772583,65,0.030389262097222453,0.49995200868163786,-0.10219188247408187,0.035827291863305216,-0.10165015820946013,0.07434695001159394,0.5633265280297823,0.9410285276370367,0.912668726840604,0.9582963540708176,1.0015122873345936,0.9499004644990046,1.0061810154525386,1.00921187308086
pretrained,47,20,101755.26697673803,0.06754928551372741,0.06651733712145003,0.06249570066829113,0.017249888176690598,0.0574843965200533,0.46161141140120365,0.00046161141140120364,0.0005055078544786999,0.20220314179147997,1.40440628358296,1.0,0.8088124990463257,0.8088125671659201,6.811959440966575e-08,False,0.8621445298194885,0.7488492238073549,3.1648616790771484,66,0.039208325424364615,0.5764864039208208,-0.10634568067533631,-0.09585746111614366,0.04380208892481666,0.02676244346158843,0.5159438800598894,1.0617528584451108,1.1068239035899863,1.0283217793331279,1.064175160437901,0.9811386657352429,1.100043878894252,1.0210446247464502
pretrained,47,21,100014.49928451223,-0.01625972917798757,-0.017107396441933043,-0.020790362502959063,0.00014497182524486618,0.0737089230302666,0.3482573399586337,0.0003482573399586337,0.0005137920313115632,0.20551681252462525,1.4110336250492506,1.0,0.8220672607421875,0.8220672500985011,1.0643686376710093e-08,False,0.8614173531532288,0.7482176061803041,3.1789774894714355,67,0.02946213952132634,0.5550771406186479,-0.1097949841724975,0.0328849381101983,-0.09572182835212775,0.046960377533520975,0.5411322167409318,0.9738875049333385,0.9888637987703586,0.9580667059670183,0.9741042923022349,1.0316838732645068,0.9409652971679298,0.9865905140302956
pretrained,47,22,107378.33792977408,0.07452623333129016,0.07362771096132636,0.06575448340970307,0.06871346746491402,0.05628024459932189,0.32448394649795115,0.00032448394649795117,0.000512069155062948,0.2048276620251792,1.4096553240503584,0.9999999999999999,0.81931072473526,0.8193106481007169,7.663454315576246e-08,False,0.8178797960281372,0.7104013645503543,2.992237091064453,68,0.03296956260289463,0.5676791130432061,-0.1034340129366943,0.01899699148322853,0.02038816389228615,-0.10139364908848492,0.5647938310035637,1.0350516236175364,1.0668988139445743,1.0189072752337456,0.971959213401311,0.9986197377501727,0.9864349300551081,1.0646866347847974
pretrained,47,23,107871.06812144932,0.005123685048011639,0.004588729916805923,0.0009140313421346557,0.07296736982883578,0.06679742043574204,0.023729414279971828,2.3729414279971828e-05,0.0005086404311337641,0.20345617245350567,1.4069123449070111,0.9999999999999998,0.8138245344161987,0.8138246898140222,1.553978234980491e-07,False,0.8259731531143188,0.7174311651955568,3.0161705017089844,69,0.028720979711839123,0.5684028110866035,-0.10289453794913633,0.0236568089042391,0.025497865996190472,-0.10056163450436933,0.5571777067546333,1.0146423361916632,1.0003827389871474,1.0247643242463869,1.0041213937804423,1.0570145127850723,0.969058874086807,1.0042553191489363
pretrained,47,24,113104.04839065971,0.04907509545275324,0.04851143462599916,0.040569586843983554,0.11585834969760334,0.046427860495679915,0.025770766926663274,2.5770766926663275e-05,0.000511666742552604,0.20466669702104162,1.409333394042083,0.9999999999999998,0.8186667561531067,0.8186667880841658,3.193105913013028e-08,False,0.8136337399482727,0.7067132870996805,2.975550413131714,70,0.03066639575575078,0.5675682385585137,-0.10336115610386645,0.02003850202475274,0.018275886507970934,-0.10130554091717517,0.5681176741740532,1.0024823479186857,1.0579639578806326,0.9651039618260693,0.9328358208955223,0.9767898005884277,0.945011086474501,1.0153013182674198
pretrained,48,1,100059.83912430542,0.002223501926846172,0.0005983912430542748,-0.002555988899377257,0.00059803338511355,0.06308044568981613,1.1344943855490004,0.0011344943855490005,0.0004883269406855106,0.19533077627420425,1.3906615525484085,1.0,0.7813231348991394,0.781323105096817,2.9802322387695312e-08,False,1.0567498207092285,0.9178812317725374,5.00792932510376,48,0.14860092476010323,0.33561212196946144,0.05665501207113266,0.2440960295498371,-0.07330058142542839,-0.12203019484877586,0.4103666879236698,1.022748062827226,1.0116330078314992,1.0125485675873276,0.8998577524893313,0.9817671809256661,0.9866587607471095,1.0382775119617225
pretrained,48,2,106343.01240590899,0.06450680617257731,0.06279415734216709,0.05494275105862707,0.059646724899026116,0.08211880910570978,1.125043514583792,0.001125043514583792,0.00048511812197310576,0.19404724878924232,1.3880944975784846,1.0,0.7761890292167664,0.7761889951569692,3.4059797204832876e-08,False,1.0499069690704346,0.9119376063581157,4.665404796600342,49,0.07955167123249599,0.46076069452932905,-0.08571408263274602,0.20873430051973887,0.35037557461432045,-0.1083331661564963,0.09462500789335795,1.028990413717977,1.0399761864870785,1.0121727778274432,0.9920961112867532,1.1142857142857145,0.933293269230769,0.9915966386554621
pretrained,48,3,102005.35153034893,-0.03945705538765265,-0.04078933610610258,-0.04233895897041657,0.019659277677723574,0.0470302349822806,0.9080630125744003,0.0009080630125744003,0.00047990774203624046,0.1919630968144962,1.3839261936289922,0.9999999999999999,0.7678524255752563,0.7678523872579843,3.831727202197044e-08,False,0.9985729455947876,0.8673494400993847,4.117000579833984,50,0.10524978967649595,0.37545368554336683,-0.08149813381688936,0.15410747112972395,0.038409703544207974,-0.11046496299760683,0.5187424469207014,0.9524308174608502,0.9468745137780623,0.9571047153564893,1.0296367112810707,0.9903846153846152,1.0135222150676113,0.9600874794969929
pretrained,48,4,106774.12699737604,0.04774823613471324,0.04675024785938109,0.040565915822120185,0.0634435250174652,0.06436663035242872,0.46239836620432984,0.00046239836620432987,0.0004905632697045802,0.19622530788183212,1.3924506157636642,1.0,0.7849011421203613,0.7849012315273285,8.940696716308594e-08,False,0.9334959983825684,0.8108243219526328,3.593228340148926,51,0.1379476636648178,0.5601616948843002,-0.09955364465713501,0.034473489969968796,0.033243801444768906,-0.09667166322469711,0.4303986579179764,1.0691438500861281,1.0726581795633896,1.0583749337868538,1.0225936242649336,0.9190938511326862,1.0320838627700126,1.019362186788155
pretrained,48,5,106084.83449095185,-0.005723866761563223,-0.006455613600485188,-0.009677092414441013,0.05735819375266915,0.07183522299289935,0.2276422658136913,0.0002276422658136913,0.0005085880575435503,0.20343522301742012,1.4068704460348402,0.9999999999999999,0.8137407898902893,0.8137408920696805,1.0217939117040942e-07,False,0.9523911476135254,0.827236440044119,3.695192575454712,52,0.0383879638143948,0.5531101769634655,-0.10632429804120747,0.10081096951450619,0.0729294887610844,-0.09711092497621265,0.4381966239639691,0.9916662901143084,1.0025358571630094,0.9627064136965677,0.9576271186440679,0.9838028169014084,1.0421668205601724,0.9972067039106144
pretrained,48,6,107678.77180728925,0.015706918538212156,0.015025119509173068,0.010832293436719756,0.07131184427912873,0.06242714179479652,0.16529515598501476,0.00016529515598501476,0.0005061859078705311,0.20247436314821243,1.4049487262964249,1.0,0.8098975419998169,0.8098974525928497,8.940696716308594e-08,False,0.9465799927711487,0.8221889350810598,3.620630979537964,53,0.09726985543966293,0.5724668055772781,-0.10191524028778076,0.05050552636384964,0.05581534653902054,-0.10055912286043167,0.4264168292284012,1.0436129187650538,1.0069045203783964,1.0537813804467038,1.0290771175726925,1.0293486041517539,0.9503839338452451,1.0114845938375352
pretrained,48,7,100833.13970745595,-0.06287099574470612,-0.06357457449537773,-0.06559909643168027,0.008262558419514843,0.05099621144132761,0.2534395254084042,0.0002534395254084042,0.0004976235582892384,0.19904942331569536,1.3980988466313906,0.9999999999999999,0.7961976528167725,0.7961976932627812,4.0446008764405406e-08,False,0.8467678427696228,0.7354932031359351,3.0912792682647705,54,0.035859147618923864,0.5544095547603709,-0.10208793117531709,0.03646816180220672,0.022773597921643934,-0.09696149214037827,0.5495389612125499,0.9298536593307981,0.8801916899722919,0.9556161965613983,0.9324324324324325,0.9551460361613352,0.8760099440646364,0.9872611464968152
pretrained,48,8,104126.62118262198,0.0332921448826804,0.03266268892073887,0.02836630634415863,0.0396307988846053,0.060038682418636545,0.10439797331179898,0.00010439797331179898,0.0005049628618040256,0.20198514472161022,1.4039702894432202,0.9999999999999998,0.8079406023025513,0.8079405788864404,2.3416110828122783e-08,False,0.8726931810379028,0.7580116658387136,3.242880344390869,55,0.028694140857883854,0.5477305679981197,-0.10174814318971975,0.021228668412991925,0.07463279659194605,-0.10023700153189047,0.5296989708606685,0.9869331771848514,0.9986076251350232,0.9760156672096543,1.0082345191040842,1.0462322533673099,0.9882937211777227,1.0513323983169707
pretrained,48,9,107510.8654494642,0.03314341656592856,0.0325012396292661,0.027426592928093622,0.06986145463590099,0.05608125646404129,0.11612735475812638,0.00011612735475812638,0.0005056416948458979,0.20225667793835916,1.4045133558767184,1.0,0.8090267181396484,0.8090267117534369,6.38621155957253e-09,False,0.8661786317825317,0.7523532002513243,3.1847500801086426,56,0.049241703801921416,0.5751934134002243,-0.10610318849129338,0.027198425361088324,0.03729982008891444,-0.09615348944706578,0.5133233152862107,1.0357733081792009,1.0341142880338432,1.0231835256931106,0.9411956876837635,1.048016701461378,0.9239052404881549,1.0130736392742796
pretrained,48,10,102463.82394963557,-0.04638468165398901,-0.04694447839042837,-0.04869409722157909,0.02404579347777036,0.05756872126896914,0.09011183253356386,9.011183253356386e-05,0.0004970862729740995,0.1988345091896398,1.3976690183792793,0.9999999999999998,0.795337975025177,0.7953380367585585,6.173338151782559e-08,False,0.8258017301559448,0.7172822691057701,3.003931999206543,57,0.031724184485418444,0.5669471581599541,-0.10182530087019717,0.02172852094684327,0.024333301665527468,-0.09700920831944262,0.5541013439318963,0.9120432847339066,0.8673832471904358,0.9509451683395475,0.9694550503297468,0.9555112881806108,0.8717948717948719,1.0287068738477745
pretrained,48,11,99911.43320203199,-0.024384049811175146,-0.024910164868121365,-0.02865978661861464,-0.0008864530827910055,0.07455080116106544,0.038204816835267025,3.8204816835267024e-05,0.0005012051481753588,0.2004820592701435,1.400964118540287,1.0,0.8019282221794128,0.801928237080574,1.4901161193847656e-08,False,0.847412645816803,0.7360532719465447,3.1004159450531006,58,0.03319793753325939,0.5585986394435167,-0.1036562155932188,0.02139182761311531,0.04177859239280224,-0.0968258436769247,0.5455150622874498,1.0000531712757406,0.9794685529360748,1.000391488535496,0.999641962047977,1.0055594162612926,1.0401069518716577,0.9831029185867896
pretrained,48,12,93932.42767075387,-0.05907904262621644,-0.059843056391633453,-0.06646580538810926,-0.06459507626603456,0.05514364409731421,0.3141499321375575,0.00031414993213755747,0.0004981649720243046,0.19926598880972185,1.3985319776194438,1.0,0.7970638871192932,0.7970639552388876,6.811959440966575e-08,False,0.8555683493614197,0.7431372260374763,3.1289894580841064,59,0.04861554769533019,0.5756419849182879,-0.10372761370880265,-0.0955383751009192,0.027667109721473265,0.027788166755012084,0.5195531797196185,0.9160800047452287,0.912869623396696,0.9328680427305247,1.0992120343839542,1.0241879751209397,1.1696658097686377,0.9851562499999998
pretrained,48,13,101263.9455565804,0.07944317436963799,0.07805097842807296,0.07294098592145122,0.012481693752236622,0.08271568193639924,0.7982028573751451,0.0007982028573751451,0.0004923648440412113,0.19694593761648455,1.393891875232969,1.0,0.7877838015556335,0.787783750465938,5.108969558520471e-08,False,1.0116193294525146,0.8786813851357899,4.0803937911987305,60,0.22996848342674117,0.5816447835947787,-0.0993254530642714,-0.09762048455221314,0.041884525546005774,0.22091428456561904,0.12253386048333983,1.0911163764566931,1.1234912300099247,1.0672516751244587,0.9214727924405344,0.9787449392712549,0.9501831501831501,0.9801744647105474
pretrained,48,14,98997.16400564968,-0.021066607020252093,-0.02238488277808781,-0.026532509036195296,-0.010129946695170755,0.07841737177575835,0.8579638728073666,0.0008579638728073666,0.0004895886672394617,0.19583546689578468,1.3916709337915694,0.9999999999999999,0.7833418846130371,0.7833418675831387,1.7029898380371833e-08,False,0.8282849788665771,0.7194391915302121,3.0064308643341064,61,0.03042074319507393,0.5697784445115498,-0.10370490487132755,-0.09213056202445713,0.027174001825707284,0.022436403004186478,0.5460258743592671,0.9575598807831897,0.9536357930098714,0.9593638617140574,0.9904526166902407,1.019303688383316,0.9602929838087895,1.0035059331175835
pretrained,48,15,94113.15194721364,-0.04881880119416093,-0.049334868402465704,-0.0550869922322104,-0.06255074801966232,0.05332381815437675,0.0435333289206028,4.35333289206028e-05,0.0004991679532187326,0.19966718128749306,1.3993343625749861,0.9999999999999999,0.7986686825752258,0.7986687251499722,4.257474639501879e-08,False,0.8375872373580933,0.7275190305944184,3.064286470413208,62,0.05076496888484272,0.5696938021906784,-0.10228246610079494,-0.09738471518669811,0.020644810316818085,0.01897205066468033,0.5395915492304734,0.906604323640961,0.8950099292047539,0.9116191074982402,0.9460906818993214,1.0010145417653027,0.8916097952629467,1.0064498790647676
pretrained,48,16,96495.91748921816,0.025867987775880508,0.025318093090123783,0.02330486472544185,-0.036313272125459095,0.05865222337522743,0.03415580838918686,3.415580838918686e-05,0.0005020166082041604,0.2008066432816642,1.4016132865633284,0.9999999999999999,0.8032265901565552,0.8032265731266568,1.7029898380371833e-08,False,0.8524748086929321,0.7404502107537414,3.141723155975342,63,0.06339757357324871,0.558559598667281,-0.1027962991169521,-0.0980103441647121,0.025090109823005524,0.016913555828588334,0.5368458053895405,1.0798634244603893,1.039007305019145,1.1395080340749941,0.8803773584905662,0.9280405405405406,0.9914452949122017,1.0066755674232308
pretrained,48,17,100944.16630125306,0.046999022011741776,0.04609779281628068,0.043119842583991076,0.00935335181664032,0.05093562716216675,0.36200612091592377,0.00036200612091592376,0.0004991382320544551,0.19965529282178202,1.3993105856435641,1.0,0.7986210584640503,0.7986211712871283,1.1282307799120872e-07,False,0.8789299726486206,0.7634288742013441,3.2705891132354736,64,0.02685678643839698,0.5600583412285363,-0.10203545460743565,0.022922110610774565,0.08290112843470912,-0.09761983821434636,0.5069169261093651,1.0537528861202778,1.0436698440150798,1.056726336776278,1.1337333904843547,1.097196942118675,1.0286103542234333,1.0366047745358091
pretrained,48,18,97997.90408458746,-0.028163403042449797,-0.029187047896090612,-0.03250126544370541,-0.0204299870911977,0.054358530717347746,0.5426462596016272,0.0005426462596016271,0.0005112184983279024,0.20448739933116095,1.408974798662322,1.0,0.817949652671814,0.817949597324644,5.534716995825306e-08,False,0.9145653247833252,0.7943813477869069,3.4676966667175293,65,0.03346669620701245,0.4740882845861571,-0.10237960198095866,0.03863299584814481,-0.10210779735020228,0.09727940282651357,0.561020019863333,0.9410285276370367,0.912668726840604,0.9582963540708176,1.0015122873345936,0.9499004644990046,1.0061810154525386,1.00921187308086
pretrained,48,19,104535.66705896912,0.06783665173530706,0.06671329387553593,0.06090802114224502,0.04338870345956214,0.05821338817029632,0.5446542288575854,0.0005446542288575854,0.0005078936075525626,0.203157443021025,1.40631488604205,0.9999999999999999,0.812629759311676,0.8126297720841,1.277242400732348e-08,False,0.8824467062950134,0.7664834702352479,3.2631850242614746,66,0.04675663848008427,0.5778479597398213,-0.10731125410114017,-0.09584618891988483,0.05316969965185436,0.029846756053822365,0.4955363890954426,1.0617528584451108,1.1068239035899863,1.0283217793331279,1.064175160437901,0.9811386657352429,1.100043878894252,1.0210446247464502
pretrained,48,20,102689.4135033134,-0.01677274754119562,-0.01766147007618224,-0.021056500111069167,0.026189783460265126,0.07715160223544308,0.39048752933740616,0.0003904875293374062,0.0005138043580310685,0.20552174321242744,1.4110434864248549,0.9999999999999999,0.8220869898796082,0.8220869728497098,1.7029898380371833e-08,False,0.8773964047431946,0.7620968340434432,3.2597556114196777,67,0.032190772039549675,0.5485502502747944,-0.11042327966008869,0.035261737448828545,-0.09509846355233875,0.05747808728899273,0.532040896160262,0.9738875049333385,0.9888637987703586,0.9580667059670183,0.9741042923022349,1.0316838732645068,0.9409652971679298,0.9865905140302956
pretrained,48,21,110235.81390634476,0.07441260084164569,0.07348761810571514,0.06410792420965153,0.09285379717920894,0.051121790185845714,0.35004487686923563,0.0003500448768692356,0.0005112454055675439,0.20449816222701755,1.4089963244540349,0.9999999999999998,0.8179925680160522,0.8179926489080698,8.089201752881081e-08,False,0.8215484619140625,0.7135879272507625,3.006588935852051,68,0.03619175510747091,0.5663130219493593,-0.10331608248608454,0.018899466044136448,0.02042160848421709,-0.10118207974093302,0.5626723106418337,1.0350516236175364,1.0668988139445743,1.0189072752337456,0.971959213401311,0.9986197377501727,0.9864349300551081,1.0646866347847974
pretrained,48,22,110750.83911796164,0.005212787030571375,0.004672031650752251,0.001237306081590039,0.0970723039534791,0.05962401385360239,0.027669653828654966,2.7669653828654967e-05,0.0005104262488228934,0.2041704995291574,1.4083409990583144,0.9999999999999998,0.8166821599006653,0.8166819981166289,1.6178403638988925e-07,False,0.8314991593360901,0.7222309932137134,3.039855480194092,69,0.030909873279077654,0.567710594939334,-0.10331983704652106,0.024746674778205996,0.026680236416203623,-0.10085066248263633,0.5541231201163359,1.0146423361916632,1.0003827389871474,1.0247643242463869,1.0041213937804423,1.0570145127850723,0.969058874086807,1.0042553191489363
pretrained,48,23,116117.54134064783,0.04902636600878396,0.04845744073297786,0.03950593972432594,0.13880367388562465,0.04450860415639205,0.029943248523133154,2.9943248523133155e-05,0.0005125403577195747,0.2050161430878299,1.4100322861756598,0.9999999999999999,0.8200646638870239,0.8200645723513196,9.153570434961011e-08,False,0.8161331415176392,0.7088842397189529,2.9865472316741943,70,0.03278117653514656,0.5666961188295058,-0.10358887511704651,0.0201377219387463,0.018177684662597504,-0.10142726797078339,0.5672234411218336,1.0024823479186857,1.0579639578806326,0.9651039618260693,0.9328358208955223,0.9767898005884277,0.945011086474501,1.0153013182674198
pretrained,48,24,119814.10876354329,0.032379487521571715,0.031834702838316575,0.023646864905792174,0.16537375245720887,0.05846427331584096,0.015293898859194327,1.529389885919433e-05,0.0005125434723283563,0.20501738893134253,1.4100347778626852,1.0,0.8200695514678955,0.8200695557253703,4.257474817137563e-09,False,0.8212296962738037,0.7133110509335929,3.004464626312256,71,0.032564024840082445,0.568515773330416,-0.10208083369902202,0.019686906997646608,0.02249693817326001,-0.10293655523232051,0.5617537455899375,1.0647274634440285,1.0659156475343874,1.0455609523922245,1.0168,0.9832663989290497,1.0154856874706712,0.9983769997681431
pretrained,49,1,106273.16502953024,0.06441291524191106,0.06273165029530237,0.05487411934149404,0.05902868356077573,0.08309128438563383,1.1015595708574568,0.0011015595708574568,0.00047921244055032725,0.19168497622013092,1.3833699524402618,1.0,0.7667399644851685,0.7667399048805237,5.960464477539063e-08,False,1.072723388671875,0.9317556966175052,5.1991868019104,49,0.15879488736391068,0.26310140639543533,-0.07238201051950455,0.3047514036297798,0.395560659468174,-0.11930296570062637,0.06947661936283112,1.028990413717977,1.0399761864870785,1.0121727778274432,0.9920961112867532,1.1142857142857145,0.933293269230769,0.9915966386554621
pretrained,49,2,102365.33121961432,-0.03511935325373172,-0.03677159524542295,-0.03808099541295992,0.023106760769813328,0.04318145243995039,1.2350197498287474,0.0012350197498287474,0.00047882770587291034,0.19153108234916416,1.3830621646983283,1.0,0.7661242485046387,0.7661243293966566,8.089201797290002e-08,False,1.051414966583252,0.9132474363551966,4.8333940505981445,50,0.2325241948877062,0.16546193616730825,0.06488059567553656,0.25266977506024496,-0.06978756827967508,-0.12174351406948908,0.47599458055836813,0.9524308174608502,0.9468745137780623,0.9571047153564893,1.0296367112810707,0.9903846153846152,1.0135222150676113,0.9600874794969929
pretrained,49,3,107656.78832002381,0.05344615677675835,0.05169188667066593,0.04389952705607909,0.07112220640711486,0.08231837162444887,1.1792657811726843,0.0011792657811726844,0.00048739025369286536,0.19495610147714615,1.3899122029542923,1.0,0.7798243761062622,0.7798244059085846,2.9802322387695312e-08,False,0.9960452318191528,0.8651538958102067,4.1219282150268555,51,0.3141445778310299,0.5310866199433804,-0.09586479142308235,0.04620424285531044,0.04994805157184601,-0.0990913100540638,0.25357260927557945,1.0691438500861281,1.0726581795633896,1.0583749337868538,1.0225936242649336,0.9190938511326862,1.0320838627700126,1.019362186788155
pretrained,49,4,106288.98235589171,-0.011639290593598917,-0.012705245860262115,-0.01565712580543108,0.05916871360038101,0.07407265997394447,0.5733368364827973,0.0005733368364827973,0.000505753510764667,0.2023014043058668,1.4046028086117335,0.9999999999999999,0.8092055916786194,0.809205617223467,2.554484757055775e-08,False,1.0528700351715088,0.914511292872538,4.647826194763184,52,0.0637226892369134,0.5028620330350739,-0.10388673416205815,0.21667784133127757,0.13101733901671,-0.09841467014380864,0.2880215016858918,0.9916662901143084,1.0025358571630094,0.9627064136965677,0.9576271186440679,0.9838028169014084,1.0421668205601724,0.9972067039106144
pretrained,49,5,108324.70030532734,0.020053215862612994,0.019152671371143182,0.014213739037374483,0.07684951153211661,0.06934117788722241,0.37997042919908264,0.00037997042919908267,0.0005032602005771229,0.20130408023084917,1.4026081604616982,0.9999999999999999,0.8052163124084473,0.8052163209233965,8.514949190185916e-09,False,1.02705717086792,0.8920905238142058,4.2376251220703125,53,0.19141968978302817,0.56093865526574,-0.09967514233929772,0.08498943490641456,0.08390796078102927,-0.10162893789155145,0.28004833949463703,1.0436129187650538,1.0069045203783964,1.0537813804467038,1.0290771175726925,1.0293486041517539,0.9503839338452451,1.0114845938375352
pretrained,49,6,101467.03415722396,-0.06237528469686182,-0.06330657854371302,-0.06482302845636066,0.01445823433599902,0.048635025204861376,0.5009726445589747,0.0005009726445589747,0.0004927689249494247,0.19710756997976986,1.3942151399595395,0.9999999999999998,0.7884302735328674,0.788430279919079,6.38621155957253e-09,False,0.9015555381774902,0.783081190719601,3.363847494125366,54,0.05377918774528162,0.5229278757636036,-0.09982206379728659,0.06674203569335596,0.027467240712472363,-0.09728550618248327,0.5261912300650562,0.9298536593307981,0.8801916899722919,0.9556161965613983,0.9324324324324325,0.9551460361613352,0.8760099440646364,0.9872611464968152
pretrained,49,7,104729.03786322051,0.032910263346555224,0.03214840892010362,0.027507353690393394,0.04515498241659388,0.0637878878040293,0.2413018510809967,0.0002413018510809967,0.0004965507545109305,0.19862030180437223,1.3972406036087446,1.0,0.7944812178611755,0.7944812072174892,1.0643686376710093e-08,False,0.9305860996246338,0.8082968160056965,3.6181464195251465,55,0.036792093355740824,0.5307365073157209,-0.0997870998190982,0.025530784790005007,0.1402745707226651,-0.09883320198527404,0.46528634562024046,0.9869331771848514,0.9986076251350232,0.9760156672096543,1.0082345191040842,1.0462322533673099,0.9882937211777227,1.0513323983169707
pretrained,49,8,108208.35215671649,0.03396629798091255,0.03322205917751364,0.027979085147487145,0.07585691855679,0.05445701985417944,0.21615941556436663,0.00021615941556436664,0.0005038899529193129,0.20155598116772516,1.4031119623354502,1.0,0.8062238693237305,0.8062239246709004,5.534716995825306e-08,False,0.9250935316085815,0.803526032043997,3.4907760620117188,56,0.08363948443106242,0.577419098998819,-0.10669963381120137,0.03610365518501826,0.058964122618947706,-0.09485634735652379,0.4454296199338777,1.0357733081792009,1.0341142880338432,1.0231835256931106,0.9411956876837635,1.048016701461378,0.9239052404881549,1.0130736392742796
pretrained,49,9,102985.62883714396,-0.047607089203038466,-0.048265436220750635,-0.04919977655028358,0.0289907326959693,0.04667181378925769,0.20180880704096382,0.00020180880704096383,0.0004896859092903988,0.19587436371615957,1.3917487274323188,0.9999999999999998,0.7834974527359009,0.7834974548646376,2.128736742434967e-09,False,0.8413534164428711,0.7307902921831753,3.057743787765503,57,0.0374177579901048,0.5651834678969212,-0.1007573607244662,0.024340217666966563,0.028541169794542437,-0.09511700299169337,0.5403917503676243,0.9120432847339066,0.8673832471904358,0.9509451683395475,0.9694550503297468,0.9555112881806108,0.8717948717948719,1.0287068738477745
pretrained,49,10,100464.99236396719,-0.02393333902268513,-0.02447561374959184,-0.027513392573631813,0.004628401924150927,0.0630212360362688,0.05527382769754924,5.5273827697549237e-05,0.0005004519649914334,0.20018078599657335,1.4003615719931468,1.0,0.8007233142852783,0.8007231439862936,1.7029898469189675e-07,False,0.8689966797828674,0.754800925643893,3.201383352279663,58,0.038430343249014426,0.5574158084179675,-0.10393811496240754,0.023128854909113455,0.05516549838440757,-0.09624267103416581,0.5260402810360705,1.0000531712757406,0.9794685529360748,1.000391488535496,0.999641962047977,1.0055594162612926,1.0401069518716577,0.9831029185867896
pretrained,49,11,94444.72529757534,-0.05912514154864801,-0.059924028507178595,-0.06616343996355321,-0.0588203807562695,0.0542931456626559,0.351502460028444,0.000351502460028444,0.0004979477157550199,0.19917908630200798,1.398358172604016,0.9999999999999999,0.7967163920402527,0.7967163452080319,4.6832220768067145e-08,False,0.88253253698349,0.7665580218240146,3.2554965019226074,59,0.06503768850650105,0.5776854215988091,-0.10441109697733608,-0.0947679893246719,0.03327099074210438,0.03263160054172787,0.4905533849128655,0.9160800047452287,0.912869623396696,0.9328680427305247,1.0992120343839542,1.0241879751209397,1.1696658097686377,0.9851562499999998
pretrained,49,12,102004.366332431,0.0814636504316193,0.08004301998906604,0.07373193237116073,0.01964980916501935,0.09476515100256241,0.8213372422116143,0.0008213372422116144,0.0004931446111627988,0.19725784446511951,1.3945156889302388,0.9999999999999999,0.7890313267707825,0.7890313778604776,5.10896951411155e-08,False,0.9965863823890686,0.8656239332229932,4.001845359802246,60,0.2576292093311037,0.5780820782695497,-0.0992696721638952,-0.09798817230122431,0.038559966853686733,0.23988164322716848,0.08310494678361074,1.0911163764566931,1.1234912300099247,1.0672516751244587,0.9214727924405344,0.9787449392712549,0.9501831501831501,0.9801744647105474
pretrained,49,13,99699.65054678735,-0.02121277778668018,-0.022594285602761444,-0.02670962796313256,-0.003012542687616415,0.0809455222099359,0.9228445866278239,0.0009228445866278239,0.0004896010059331145,0.1958404023732458,1.3916808047464915,0.9999999999999999,0.7833616733551025,0.783361609492983,6.386211959252819e-08,False,0.8388185501098633,0.7285885352616,3.049560070037842,61,0.03421174042991229,0.5693369624870164,-0.1047939019543784,-0.09104650041886739,0.03043231235018798,0.024273818890963278,0.5375855682151658,0.9575598807831897,0.9536357930098714,0.9593638617140574,0.9904526166902407,1.019303688383316,0.9602929838087895,1.0035059331175835
pretrained,49,14,94653.37608942039,-0.050081017918396586,-0.050614765745832124,-0.05639946388532341,-0.05648635190284801,0.058513093401836226,0.06418131291866302,6.418131291866303e-05,0.0004978643424276794,0.1991457369710718,1.3982914739421435,0.9999999999999999,0.7965829372406006,0.796582947884287,1.0643686376710093e-08,False,0.8508843183517456,0.739068728396346,3.128053665161133,62,0.06375832722655364,0.5688818679856402,-0.10224983229168824,-0.09689590467938355,0.021343647103224478,0.019137256379638395,0.526024638276015,0.906604323640961,0.8950099292047539,0.9116191074982402,0.9460906818993214,1.0010145417653027,0.8916097952629467,1.0064498790647676
pretrained,49,15,97119.32419266166,0.026609064546339267,0.026052405155751135,0.023279469084769477,-0.029661201118160285,0.07091363399836495,0.03897196533424496,3.8971965334244964e-05,0.0005034062226435969,0.20136248905743875,1.4027249781148776,1.0,0.8054500818252563,0.8054499562297552,1.2559550111035378e-07,False,0.8665699362754822,0.7526930830153891,3.2201156616210938,63,0.07761681532221179,0.5564899638827359,-0.10340137327356,-0.09796111578387875,0.026971141674688864,0.016793941014579344,0.5234906271632229,1.0798634244603893,1.039007305019145,1.1395080340749941,0.8803773584905662,0.9280405405405406,0.9914452949122017,1.0066755674232308
pretrained,49,16,101714.0322484413,0.04825075682898272,0.047309926155013615,0.044263017910759025,0.016851482637663118,0.044993316901287564,0.39819013806326053,0.00039819013806326057,0.0004997373186051845,0.19989492744207382,1.3997898548841476,1.0,0.7995796799659729,0.7995797097682953,2.9802322387695312e-08,False,0.896062970161438,0.7783104067579015,3.373774290084839,64,0.028946243226528168,0.5582632422447205,-0.10240408778190613,0.02442210167646408,0.1009124293923378,-0.0974908396601677,0.4873509109020233,1.0537528861202778,1.0436698440150798,1.056726336776278,1.1337333904843547,1.097196942118675,1.0286103542234333,1.0366047745358091
pretrained,49,17,99048.77270268586,-0.02507084005776483,-0.026203459707952792,-0.029750657791748326,-0.009603625278320482,0.0659109975152945,0.6499658184392111,0.0006499658184392111,0.0005124551190861633,0.20498204763446537,1.4099640952689305,0.9999999999999999,0.8199282288551331,0.819928190537861,3.831727202197044e-08,False,0.9430217146873474,0.8190982540073155,3.6567814350128174,65,0.03936493130666868,0.4368591952536787,-0.10231561479823931,0.04443010049206869,-0.10266643283622606,0.12523493649704115,0.559092884085008,0.9410285276370367,0.912668726840604,0.9582963540708176,1.0015122873345936,0.9499004644990046,1.0061810154525386,1.00921187308086
pretrained,49,18,105677.88663208343,0.06817873695850718,0.06692777455502807,0.06017099551233274,0.05372823788434522,0.06321735300665937,0.6618184841104916,0.0006618184841104916,0.0005099849269858428,0.20399397079433715,1.4079879415886742,1.0,0.8159758448600769,0.8159758831773485,3.831727157788123e-08,False,0.908783495426178,0.7893593146166764,3.4035444259643555,66,0.05873109293835502,0.5790415432836329,-0.10860542686922209,-0.09538854392511506,0.0666942995573793,0.03341176626937728,0.46611526874559267,1.0617528584451108,1.1068239035899863,1.0283217793331279,1.064175160437901,0.9811386657352429,1.100043878894252,1.0210446247464502
pretrained,49,19,103733.90392713358,-0.017447043908413562,-0.018395359397352595,-0.021458134095883354,0.03599501981296682,0.07449832049009911,0.45274768131119875,0.00045274768131119874,0.0005128729636115688,0.20514918544462754,1.410298370889255,0.9999999999999998,0.8205966949462891,0.8205967417785098,4.6832220768067145e-08,False,0.8992255330085754,0.7810573739442696,3.378262758255005,67,0.03723964627299989,0.5373972074261733,-0.11087522496070185,0.03994789879236901,-0.0942739604839257,0.0701106802693435,0.5204537526837416,0.9738875049333385,0.9888637987703586,0.9580667059670183,0.9741042923022349,1.0316838732645068,0.9409652971679298,0.9865905140302956
pretrained,49,20,111335.52473369671,0.07424382073745317,0.07328000315020233,0.06347732957649663,0.1018140863916539,0.04683474004380895,0.3852560286011017,0.0003852560286011017,0.0005123523157089949,0.20494092628359795,1.409881852567196,1.0,0.8197636604309082,0.8197637051343918,4.470348358154297e-08,False,0.8286205530166626,0.7197306675335151,3.0385706424713135,68,0.04253398813307285,0.5637612883001566,-0.10346664302051067,0.018904848024249077,0.020488843321800232,-0.10147428326308727,0.5592519585043192,1.0350516236175364,1.0668988139445743,1.0189072752337456,0.971959213401311,0.9986197377501727,0.9864349300551081,1.0646866347847974
pretrained,49,21,111870.67851281249,0.005359117915058054,0.004806675860160592,0.0010658582369526583,0.10611072240393138,0.06461555550649638,0.03666927133287701,3.666927133287701e-05,0.0005129789920257671,0.20519159681030685,1.4103831936206137,0.9999999999999999,0.8207663297653198,0.8207663872412274,5.747590758886645e-08,False,0.8404269218444824,0.7299855491999885,3.0790374279022217,69,0.03465200614716324,0.5663318562188319,-0.1037882340273687,0.026652774108307686,0.028434064505355683,-0.10140336278293816,0.5491208958306483,1.0146423361916632,1.0003827389871474,1.0247643242463869,1.0041213937804423,1.0570145127850723,0.969058874086807,1.0042553191489363
pretrained,49,22,117278.57983697832,0.048916940224670746,0.048340650079694125,0.03847690767363363,0.1473293747331883,0.05483489311246575,0.036454539746046066,3.645453974604607e-05,0.0005131109138684614,0.20524436554738457,1.4104887310947691,0.9999999999999999,0.8209774494171143,0.8209774621895383,1.277242400732348e-08,False,0.8201441764831543,0.7123681804234413,3.003741979598999,70,0.036215385688202706,0.56504816029753,-0.10363549526248661,0.020340584484594193,0.018008187679307786,-0.10160887028489796,0.5656320473977497,1.0024823479186857,1.0579639578806326,0.9651039618260693,0.9328358208955223,0.9767898005884277,0.945011086474501,1.0153013182674198
pretrained,49,23,121024.53484492055,0.0324906050596776,0.031940657988434484,0.023524415081303117,0.17372126132821863,0.0573494302745443,0.019152728042432232,1.915272804243223e-05,0.0005136304109224252,0.20545216436897007,1.41090432873794,0.9999999999999998,0.8218085765838623,0.8218086574758798,8.089201752881081e-08,False,0.8256797194480896,0.7171762919514608,3.023455858230591,71,0.035199199936219616,0.5679042200957025,-0.10226568473236902,0.01988205792648451,0.02335868137223379,-0.10318647963660105,0.5591080050383295,1.0647274634440285,1.0659156475343874,1.0455609523922245,1.0168,0.9832663989290497,1.0154856874706712,0.9983769997681431
pretrained,49,24,124586.16308744288,0.029975907754042463,0.029428976918491445,0.02056108883505553,0.19734264607046825,0.061205918143881786,0.024146193904536123,2.4146193904536124e-05,0.0005070080754480192,0.2028032301792077,1.4056064603584155,1.0,0.8112128973007202,0.811212920716831,2.3416110828122783e-08,False,0.8166500329971313,0.7093332059535254,2.9804234504699707,72,0.029009080358913947,0.5664756864841496,-0.10232910061521192,0.022917489388159323,0.01896765349166732,-0.10047412956399579,0.5654333204563176,1.0311389371500623,1.0404774891800428,1.033478927516993,1.0743509047993705,1.0571817562968002,1.0083179297597042,1.0134695773339524
pretrained,50,1,96967.30950581019,-0.028768461708818083,-0.03032690494189816,-0.033749831675629435,-0.03127539074401242,0.049488818632340295,1.134083309343883,0.001134083309343883,0.00047181070649198126,0.18872428259679253,1.377448565193585,0.9999999999999999,0.7548971176147461,0.7548971303871701,1.277242400732348e-08,False,1.0616066455841064,0.9220998162579973,4.913396835327148,50,0.1562035067805222,0.25754034359540257,-0.07984456579600063,0.2846929414996079,0.050254056496279564,-0.10887971680079189,0.4400334342249802,0.9524308174608502,0.9468745137780623,0.9571047153564893,1.0296367112810707,0.9903846153846152,1.0135222150676113,0.9600874794969929
pretrained,50,2,101730.02033869777,0.05042337266604324,0.04911666475186882,0.044779201552252255,0.017005996194022766,0.07004370771565867,0.7593028736965995,0.0007593028736965996,0.0004854536535484451,0.19418146141937803,1.388362922838756,0.9999999999999999,0.7767258286476135,0.7767258456775119,1.7029898380371833e-08,False,1.0064620971679688,0.8742018700896467,4.124875545501709,51,0.2294652328959533,0.5494369880429335,-0.09979481090392386,0.07402018617306436,0.04777111645255769,-0.09438665051545417,0.29348793785486904,1.0691438500861281,1.0726581795633896,1.0583749337868538,1.0225936242649336,0.9190938511326862,1.0320838627700126,1.019362186788155
pretrained,50,3,100520.75087376205,-0.010972202466746572,-0.011887046330174678,-0.01518850735883507,0.005180531076772632,0.06726084483169871,0.42365727892943783,0.00042365727892943784,0.0005017638658838614,0.20070554635354454,1.401411092707089,0.9999999999999999,0.8028221726417542,0.8028221854141782,1.277242400732348e-08,False,1.0317442417144775,0.896161661824105,4.417010307312012,52,0.05316459600414547,0.520433070404189,-0.10561422045741764,0.21744723830904278,0.10592097256864819,-0.0950913258961269,0.30373966906751904,0.9916662901143084,1.0025358571630094,0.9627064136965677,0.9576271186440679,0.9838028169014084,1.0421668205601724,0.9972067039106144
pretrained,50,4,102303.84121403132,0.01855342866706744,0.017738529853488005,0.01403821482004406,0.022519596397279074,0.06601701000924763,0.29354556756360195,0.00029354556756360195,0.0005068296965743814,0.20273187862975256,1.4054637572595052,1.0,0.8109275698661804,0.8109275145190105,5.534716995825306e-08,False,1.0203121900558472,0.8862319079197528,4.1582350730896,53,0.14408954552241734,0.5658251749617713,-0.10230172851255961,0.10457039198705129,0.07736385932990483,-0.10043015011719295,0.31088290682860786,1.0436129187650538,1.0069045203783964,1.0537813804467038,1.0290771175726925,1.0293486041517539,0.9503839338452451,1.0114845938375352
pretrained,50,5,95747.46953299451,-0.06322202002151633,-0.06408724836949309,-0.06952741992652459,-0.04441402459769517,0.05187597863100698,0.4300159588456154,0.0004300159588456154,0.0004940324117030416,0.19761296468121664,1.3952259293624334,1.0,0.7904517650604248,0.7904518587248668,9.36644419802235e-08,False,0.8980424404144287,0.7800297527738325,3.3539390563964844,54,0.04574338666030339,0.530336610440697,-0.10193146073392459,0.07522579229303769,0.025535202984298982,-0.09568150394729205,0.5207719723028796,0.9298536593307981,0.8801916899722919,0.9556161965613983,0.9324324324324325,0.9551460361613352,0.8760099440646364,0.9872611464968152
pretrained,50,6,98815.86774636178,0.032712665930641815,0.03204678127091287,0.029200245692039464,-0.011983219705944625,0.06461118399422158,0.14755542469876154,0.00014755542469876154,0.0004974443438862051,0.19897773755448206,1.397955475108964,0.9999999999999999,0.7959108948707581,0.795910950217928,5.534716995825306e-08,False,0.9088414907455444,0.7894096887110306,3.4283435344696045,55,0.03600195848516055,0.535489019538675,-0.10086067340203694,0.03189466201833316,0.09308971890381404,-0.09811706415244512,0.5025023786084992,0.9869331771848514,0.9986076251350232,0.9760156672096543,1.0082345191040842,1.0462322533673099,0.9882937211777227,1.0513323983169707
pretrained,50,7,101995.12659509791,0.032863841470662125,0.03217356606022603,0.02883044126416928,0.019560999252623112,0.05427555388796919,0.1640366251979555,0.0001640366251979555,0.0005044989021761077,0.20179956087044312,1.403599121740886,0.9999999999999998,0.8071982264518738,0.8071982434817722,1.7029898380371833e-08,False,0.9052851796150208,0.7863207161111955,3.378523826599121,56,0.06876577596579278,0.5740997807255812,-0.10730185200061121,0.038919040667159205,0.04595564837966645,-0.09449770886983191,0.47405931513224325,1.0357733081792009,1.0341142880338432,1.0231835256931106,0.9411956876837635,1.048016701461378,0.9239052404881549,1.0130736392742796
pretrained,50,8,97145.04199505335,-0.04693492850778169,-0.04755212098807926,-0.05189264458962267,-0.029388612597357477,0.05886065479284156,0.1496840257729802,0.0001496840257729802,0.0004981126756008182,0.19924507024032728,1.3984901404806547,1.0,0.7969802618026733,0.7969802809613094,1.915863601098522e-08,False,0.8435556888580322,0.7327031616982796,3.077101707458496,57,0.03815899922379426,0.5624161897493261,-0.10290313379040786,0.027729870219315805,0.026437401239361086,-0.09634193644991942,0.5445026098085302,0.9120432847339066,0.8673832471904358,0.9509451683395475,0.9694550503297468,0.9555112881806108,0.8717948717948719,1.0287068738477745
pretrained,50,9,94755.96667891365,-0.024074759811647972,-0.024592869250716465,-0.029217879479886355,-0.05534251303515347,0.06527958084180716,0.0353749314589161,3.53749314589161e-05,0.0004956565411495311,0.19826261645981247,1.396525232919625,0.9999999999999999,0.7930503487586975,0.7930504658392499,1.1708055236425707e-07,False,0.8592221736907959,0.7463108975256602,3.1453895568847656,58,0.0381393472531012,0.5511905404606036,-0.10332734111164299,0.025264596832650033,0.04271820586706909,-0.09493527534816948,0.5409499260463885,1.0000531712757406,0.9794685529360748,1.000391488535496,0.999641962047977,1.0055594162612926,1.0401069518716577,0.9831029185867896
pretrained,50,10,89087.55408579721,-0.05903876789566109,-0.05982116790939618,-0.0699729686108794,-0.12249125061502286,0.05648462062020033,0.3327710969107492,0.0003327710969107492,0.0004990649516029019,0.19962598064116074,1.3992519612823213,0.9999999999999998,0.7985036969184875,0.7985039225646426,2.2564615509423902e-07,False,0.8648537397384644,0.7512024136436124,3.1804287433624268,59,0.058497035609824305,0.574156319456441,-0.10721091393913545,-0.09241506670202529,0.028041369946939593,0.028126805754644518,0.5108044498733111,0.9160800047452287,0.912869623396696,0.9328680427305247,1.0992120343839542,1.0241879751209397,1.1696658097686377,0.9851562499999998
pretrained,50,11,96157.78858529692,0.0807324448788247,0.07936276365484907,0.07750343396036766,-0.039957360409706544,0.1006091248989733,0.7779711442334313,0.0007779711442334313,0.000490196482943637,0.19607859317745485,1.3921571863549096,1.0,0.7843143343925476,0.7843143727098192,3.831727157788123e-08,False,1.010174036026001,0.877426019216058,4.078029155731201,60,0.24300163877861838,0.5795626629676138,-0.10036942469222207,-0.09570916848523278,0.03884038222687583,0.20956092966454368,0.12511297953980308,1.0911163764566931,1.1234912300099247,1.0672516751244587,0.9214727924405344,0.9787449392712549,0.9501831501831501,0.9801744647105474
pretrained,50,12,94316.0959886481,-0.017610466169378336,-0.019152817714970016,-0.0237669004165076,-0.060264411411134144,0.06919698830160001,1.0784914972526687,0.0010784914972526687,0.0004927422212702888,0.19709688850811552,1.3941937770162307,0.9999999999999998,0.7883875370025635,0.7883875540324614,1.7029897936282623e-08,False,0.8359297513961792,0.7260793565802356,3.0413331985473633,61,0.03333985965166772,0.5675208584538527,-0.105256660176175,0.02550771619592393,0.027586610721690302,-0.09184022833194053,0.5431418434849806,0.9575598807831897,0.9536357930098714,0.9593638617140574,0.9904526166902407,1.019303688383316,0.9602929838087895,1.0035059331175835
pretrained,50,13,90214.2758552687,-0.04296102841790106,-0.043490139094318536,-0.05107429003681169,-0.10847201345860813,0.05733375978675406,0.05304284393787384,5.304284393787384e-05,0.0004999722460550922,0.19998889842203688,1.3999777968440734,0.9999999999999998,0.7999555468559265,0.7999555936881468,4.6832220323977936e-08,False,0.8430547118186951,0.7322680185707909,3.096461296081543,62,0.05884615491543496,0.56715785871659,-0.10424153347100532,0.018291597919804697,0.019908869372946864,-0.09574736495103156,0.5357844174972601,0.906604323640961,0.8950099292047539,0.9116191074982402,0.9460906818993214,1.0010145417653027,0.8916097952629467,1.0064498790647676
pretrained,50,14,91378.18765600679,0.013447015666426587,0.012901636572523856,0.010772702761322858,-0.0943530678946054,0.06692485605359741,0.03637407666870526,3.637407666870527e-05,0.0005019134549157961,0.20076538196631843,1.4015307639326369,0.9999999999999999,0.8030614256858826,0.8030615278652737,1.0217939117040942e-07,False,0.8584772348403931,0.7456638518614895,3.1796693801879883,63,0.07264980514134678,0.5513299017080239,-0.10427557091627804,0.01670900013829979,0.02389720108892235,-0.0964898110500404,0.5361794738897255,1.0798634244603893,1.039007305019145,1.1395080340749941,0.8803773584905662,0.9280405405405406,0.9914452949122017,1.0066755674232308
pretrained,50,15,95678.39852552924,0.047755165522670895,0.047059489576556146,0.04700221451898382,-0.045167995504415304,0.04365715742412559,0.16256293175475933,0.00016256293175475933,0.0005016256349959544,0.20065025399838177,1.4013005079967633,0.9999999999999999,0.8026010394096375,0.8026010159935266,2.3416110828122783e-08,False,0.8914562463760376,0.7743090573185978,3.3370420932769775,64,0.029363691008516712,0.5560893445674862,-0.10265939390020712,0.027403080037661953,0.08810896719140665,-0.09799086009817465,0.4996851711933102,1.0537528861202778,1.0436698440150798,1.056726336776278,1.1337333904843547,1.097196942118675,1.0286103542234333,1.0366047745358091
pretrained,50,16,93209.35186489738,-0.024688088257392105,-0.0258056854909946,-0.030752593909154545,-0.07285372121185163,0.06133736403436434,0.6345879893217767,0.0006345879893217768,0.0005119560339621137,0.20478241358484545,1.4095648271696908,1.0,0.8191297054290771,0.8191296543393816,5.108969558520471e-08,False,0.9514847993850708,0.8264491959755177,3.677969455718994,65,0.04279421908514838,0.4294377293969904,-0.10224900128585954,0.06405046848314147,-0.10253341229898591,0.10463665691869597,0.5638633397008692,0.9410285276370367,0.912668726840604,0.9582963540708176,1.0015122873345936,0.9499004644990046,1.0061810154525386,1.00921187308086
pretrained,50,17,99017.61039355386,0.06353734636535502,0.06231411776229567,0.06004393401616498,-0.009921362498464203,0.05776849394444888,0.639962133552347,0.000639962133552347,0.0005108508547501905,0.20434034190007622,1.4086806838001524,0.9999999999999999,0.8173613548278809,0.8173613676003049,1.277242400732348e-08,False,0.8966290950775146,0.7788021366121416,3.3414559364318848,66,0.053497297955410805,0.5772460087069443,-0.1098945454827377,0.032737160367625084,0.05893629629697117,-0.09444579641733852,0.48192357857312473,1.0617528584451108,1.1068239035899863,1.0283217793331279,1.064175160437901,0.9811386657352429,1.100043878894252,1.0210446247464502
pretrained,50,18,97240.61240960081,-0.017020771281576974,-0.017946282251108836,-0.021969711704065167,-0.028376904690562643,0.07028339023933453,0.4272781748856817,0.00042727817488568174,0.0005147019986595427,0.20588079946381707,1.4117615989276342,1.0,0.8235231637954712,0.8235231978552684,3.4059797204832876e-08,False,0.8998903632164001,0.7816348381255913,3.3783321380615234,67,0.03723607904144696,0.5347906904561179,-0.11162407376936506,0.05117174184748105,-0.09425672569445201,0.05805246106215886,0.5246298270566123,0.9738875049333385,0.9888637987703586,0.9580667059670183,0.9741042923022349,1.0316838732645068,0.9409652971679298,0.9865905140302956
pretrained,50,19,104358.17171686895,0.07415549256824217,0.07319533609359907,0.06732863459151334,0.041761671799818156,0.056198837977349134,0.38123269006609917,0.00038123269006609916,0.0005130380791212832,0.20521523164851324,1.4104304632970266,1.0,0.820860743522644,0.8208609265940532,1.8307140914330944e-07,False,0.8299046158790588,0.7208459903646263,3.043663501739502,68,0.04221086895891599,0.5626799198133605,-0.10351328232458659,0.020309807200516977,0.02026458217629365,-0.10170194932392665,0.5597500534994262,1.0350516236175364,1.0668988139445743,1.0189072752337456,0.971959213401311,0.9986197377501727,0.9864349300551081,1.0646866347847974
pretrained,50,20,104858.32398224167,0.005349131310267596,0.00479265070616286,0.0016429141165289524,0.046332268128417176,0.05855364424140133,0.038374199398926334,3.8374199398926335e-05,0.0005152988034699645,0.20611952138798578,1.4122390427759715,0.9999999999999999,0.8244779706001282,0.8244780855519429,1.1495181473364369e-07,False,0.8429571390151978,0.7321832679105056,3.0919764041900635,69,0.034618195678506575,0.5652279747383935,-0.10414973965712956,0.029273711677108488,0.02793972247413226,-0.10196978173085622,0.5490599168198449,1.0146423361916632,1.0003827389871474,1.0247643242463869,1.0041213937804423,1.0570145127850723,0.969058874086807,1.0042553191489363
pretrained,50,21,109914.56366166573,0.048799347763748724,0.04821972626875448,0.040944247625523796,0.09020245662971749,0.05851881751553031,0.037485761834042425,3.748576183404242e-05,0.0005153194242822273,0.20612776971289093,1.4122555394257819,0.9999999999999999,0.8245109915733337,0.8245110788515637,8.727822997656176e-08,False,0.8226020336151123,0.7145030480028731,3.0153403282165527,70,0.03663552206541809,0.5639753865876368,-0.10403403613184181,0.021769888965146866,0.01807720427002224,-0.10209373358104912,0.5656697678246668,1.0024823479186857,1.0579639578806326,0.9651039618260693,0.9328358208955223,0.9767898005884277,0.945011086474501,1.0153013182674198
pretrained,50,22,113421.08404014427,0.03245429704882041,0.031902236261176053,0.025550127014466816,0.1183297105095028,0.05154253730637007,0.019046912768057395,1.9046912768057396e-05,0.0005158033341701541,0.20632133366806166,1.4126426673361234,1.0,0.8252852559089661,0.8252853346722469,7.876328078637584e-08,False,0.8267637491226196,0.7181178681631964,3.029900312423706,71,0.03541237248906068,0.5672417221856969,-0.10272642837039062,0.020859274481024065,0.023026717294539728,-0.10359490529767104,0.5597812472177404,1.0647274634440285,1.0659156475343874,1.0455609523922245,1.0168,0.9832663989290497,1.0154856874706712,0.9983769997681431
pretrained,50,23,116764.2447789777,0.03002329324527464,0.029475654964205455,0.0220324739033945,0.1435734441712927,0.06422519516790784,0.023707111499139233,2.3707111499139232e-05,0.0005081099058900561,0.20324396235602243,1.4064879247120448,0.9999999999999999,0.8129758238792419,0.8129758494240895,2.554484757055775e-08,False,0.8184754848480225,0.7109187732851696,2.9885337352752686,72,0.02942559548786708,0.5655763191836221,-0.10243977180549077,0.024084527577672682,0.018825341548238478,-0.10080419055053166,0.5653321785586221,1.0311389371500623,1.0404774891800428,1.033478927516993,1.0743509047993705,1.0571817562968002,1.0083179297597042,1.0134695773339524
pretrained,50,24,116743.10716208316,0.0005857132672679732,-0.0001810281643541689,-0.00323646567455268,0.1434183787727823,0.061628005520845575,0.2630603707262448,0.0002630603707262448,0.0005035259854048491,0.20141039416193962,1.4028207883238792,1.0,0.8056415319442749,0.8056415766477585,4.470348358154297e-08,False,0.8259321451187134,0.7173955461031462,3.011652708053589,73,0.030873185023665428,0.555880481377244,-0.0984013881534338,0.026395315304398537,-0.10300900600850582,0.02076440304517746,0.5674970094114542,0.9822836111014266,0.9783176430619793,0.9764445432283997,0.9483705602343465,0.963940759819704,0.9404216315307058,1.0171860678276812
pretrained,51,1,104628.96726002329,0.048224914300439625,0.04628967260023287,0.041167118944573554,0.044241737075731646,0.06149236262316182,1.3586617591125623,0.0013586617591125622,0.0004892530398709434,0.19570121594837736,1.3914024318967546,0.9999999999999998,0.7828048467636108,0.7828048637935092,1.7029898380371833e-08,False,0.9589580297470093,0.8329403613918812,3.7590560913085938,51,0.15232749442969049,0.5552374140492506,-0.10158010412539756,0.054603306310517435,0.03319560151015008,-0.0941211118229798,0.4003373996487685,1.0691438500861281,1.0726581795633896,1.0583749337868538,1.0225936242649336,0.9190938511326862,1.0320838627700126,1.019362186788155
pretrained,51,2,103695.42095032985,-0.008131025634696254,-0.008922445993119643,-0.012054573761412498,0.035637262633804734,0.0690019863897117,0.29459328417267105,0.0002945932841726711,0.0005036333841936929,0.2014533536774772,1.4029067073549544,0.9999999999999999,0.8058134317398071,0.8058134147099087,1.7029898380371833e-08,False,0.9877844452857971,0.8579786677949726,4.002331733703613,52,0.04209718321050915,0.5369943401643208,-0.10619121577058521,0.16028820191110882,0.07480734799589428,-0.09526213790689197,0.38726628039564404,0.9916662901143084,1.0025358571630094,0.9627064136965677,0.9576271186440679,0.9838028169014084,1.0421668205601724,0.9972067039106144
pretrained,51,3,105343.88472665226,0.016616893397920718,0.015897170397833005,0.012212713534661917,0.05072800135023159,0.05756050363529876,0.198566945535796,0.00019856694553579602,0.0005096426978707314,0.20385707914829254,1.407714158296585,1.0,0.8154283165931702,0.8154283165931702,0.0,False,0.9797049164772034,0.8509608782390714,3.84698748588562,53,0.10700526833534241,0.5683572888374329,-0.10317877680063248,0.08196081221103668,0.05979844927787781,-0.10067830234766006,0.3867352604866028,1.0436129187650538,1.0069045203783964,1.0537813804467038,1.0290771175726925,1.0293486041517539,0.9503839338452451,1.0114845938375352
pretrained,51,4,98643.83949620124,-0.06284537146517821,-0.06360165326954093,-0.06724443092304837,-0.01374805067123308,0.05536757803167406,0.3101830860333783,0.0003101830860333783,0.0004971405983503376,0.19885623934013502,1.3977124786802702,1.0,0.7954249978065491,0.7954249573605403,4.0446008764405406e-08,False,0.8749892115592957,0.7600059726101583,3.23024320602417,54,0.03999381272920541,0.5395777909351247,-0.10252511368266173,0.05949998780020646,0.022958684180464067,-0.09633112565747329,0.5368259636951345,0.9298536593307981,0.8801916899722919,0.9556161965613983,0.9324324324324325,0.9551460361613352,0.8760099440646364,0.9872611464968152
pretrained,51,5,101849.06357064478,0.03311099807732476,0.03249289657431653,0.029319398395715086,0.018154939336896603,0.05167183224829196,0.09511708095669746,9.511708095669747e-05,0.0005033534419323717,0.20134137677294867,1.4026827535458974,1.0,0.8053655028343201,0.8053655070917949,4.257474817137563e-09,False,0.8864453434944153,0.7699566423769144,3.297179937362671,55,0.03451561129518918,0.536937955234732,-0.10201059707573482,0.029617502753223696,0.07000270805188588,-0.09933077969721385,0.530267599437918,0.9869331771848514,0.9986076251350232,0.9760156672096543,1.0082345191040842,1.0462322533673099,0.9882937211777227,1.0513323983169707
pretrained,51,6,105107.00135747723,0.03264563280935873,0.031987901239491245,0.02730755267601969,0.04858859344781341,0.06252202869794236,0.129802939082895,0.000129802939082895,0.0005073383077979088,0.2029353231191635,1.405870646238327,1.0,0.8117411732673645,0.811741292476654,1.1920928955078125e-07,False,0.8806292414665222,0.7649048403431139,3.257244825363159,56,0.05683308094739914,0.5712310560047626,-0.10738355293869972,0.034129392355680466,0.036671582609415054,-0.09555177018046379,0.5040702112019062,1.0357733081792009,1.0341142880338432,1.0231835256931106,0.9411956876837635,1.048016701461378,0.9239052404881549,1.0130736392742796
pretrained,51,7,100190.001401413,-0.04620483615000337,-0.046780898442161156,-0.049244394716264954,0.001896410807020188,0.051044241509434624,0.10275706116642272,0.00010275706116642272,0.0005013939618532147,0.20055758474128588,1.4011151694825716,0.9999999999999999,0.8022302389144897,0.8022303389651433,1.0005065353979603e-07,False,0.8381637930870056,0.728019820537571,3.058839797973633,57,0.03675508738628455,0.5612434060978038,-0.10329606517085008,0.026647747095142088,0.024550090144787512,-0.0972615195704358,0.5513612540172679,0.9120432847339066,0.8673832471904358,0.9509451683395475,0.9694550503297468,0.9555112881806108,0.8717948717948719,1.0287068738477745
pretrained,51,8,97717.12360142815,-0.024164220298088623,-0.024681882078005257,-0.02873510651113478,-0.023362091662494366,0.0695320808324045,0.035077946526663406,3.507794652666341e-05,0.0004955432337841818,0.19821729351367273,1.3964345870273456,1.0,0.7928691506385803,0.7928691740546912,2.3416110828122783e-08,False,0.8543172478675842,0.742050533087329,3.122419595718384,58,0.03765549590545039,0.5479590938027417,-0.10318085098905225,0.0250913154866014,0.038848363661340285,-0.09503644252462048,0.548663024657539,1.0000531712757406,0.9794685529360748,1.000391488535496,0.999641962047977,1.0055594162612926,1.0401069518716577,0.9831029185867896
pretrained,51,9,91873.03433176992,-0.05902964005943878,-0.05980619418859778,-0.06801028537919858,-0.08845866175359096,0.058274305762039756,0.3254876642354897,0.0003254876642354897,0.0005001225482140268,0.20004901928561072,1.4000980385712214,1.0,0.80019611120224,0.8001960771424428,3.4059797204832876e-08,False,0.8563575148582458,0.7438226864786364,3.143922805786133,59,0.05428167113236018,0.5725898151951176,-0.10747571236320902,-0.0925733069224017,0.025945820446525297,0.02645049297383853,0.520781219537769,0.9160800047452287,0.912869623396696,0.9328680427305247,1.0992120343839542,1.0241879751209397,1.1696658097686377,0.9851562499999998
pretrained,51,10,99097.81466333536,0.07998475533670213,0.07863874731159393,0.07479816537191805,-0.009103988213359004,0.09113016336627808,0.7581928180796758,0.0007581928180796758,0.0004889058055622238,0.1955623222248895,1.391124644449779,0.9999999999999998,0.7822492718696594,0.7822492888995578,1.7029898380371833e-08,False,1.013599157333374,0.8804010417833407,4.100358963012695,60,0.23363560597811425,0.5798242108098097,-0.10050325681056296,-0.09505906541432654,0.03848106946263993,0.19945086698446954,0.1441705689898559,1.0911163764566931,1.1234912300099247,1.0672516751244587,0.9214727924405344,0.9787449392712549,0.9501831501831501,0.9801744647105474
pretrained,51,11,97210.14017212852,-0.017537815604514506,-0.019048598575254427,-0.023244421171813426,-0.02869926761685071,0.07298283536643443,1.0445516423455306,0.0010445516423455306,0.0004943836892821959,0.19775347571287838,1.3955069514257565,0.9999999999999998,0.7910138964653015,0.7910139028515131,6.38621155957253e-09,False,0.83413165807724,0.7245175525675107,3.0355722904205322,61,0.03260229820651667,0.5670323363904441,-0.10518458565430983,0.025538181087800427,0.026731516367622776,-0.09256889005856855,0.5458491436604942,0.9575598807831897,0.9536357930098714,0.9593638617140574,0.9904526166902407,1.019303688383316,0.9602929838087895,1.0035059331175835
pretrained,51,12,93015.62690347788,-0.042622120718814216,-0.043148927274700766,-0.04925882606181433,-0.07508816882747871,0.05739849702372667,0.049208370702607224,4.920837070260722e-05,0.0005012028730873551,0.20048114923494204,1.400962298469884,0.9999999999999999,0.8019246459007263,0.8019245969397679,4.896095839868053e-08,False,0.840528130531311,0.7300734579484092,3.085465908050537,62,0.05637280137411185,0.5667770566152674,-0.10435090347060136,0.01839590684643813,0.019638035978589735,-0.09613024576434068,0.5392973484205348,0.906604323640961,0.8950099292047539,0.9116191074982402,0.9460906818993214,1.0010145417653027,0.8916097952629467,1.0064498790647676
pretrained,51,13,94196.77557183473,0.01324544792478255,0.012698389589767878,0.010530022701212057,-0.06160746366248726,0.059013649275587804,0.03797988167830876,3.797988167830876e-05,0.0005020729452371597,0.2008291780948639,1.4016583561897278,1.0,0.8033164739608765,0.8033167123794556,2.384185791015625e-07,False,0.8568868637084961,0.7442824730479675,3.1707544326782227,63,0.07074639573693275,0.5496370531618595,-0.10426676645874977,0.016978135332465172,0.023589609190821648,-0.09656241163611412,0.5398779846727848,1.0798634244603893,1.039007305019145,1.1395080340749941,0.8803773584905662,0.9280405405405406,0.9914452949122017,1.0066755674232308
pretrained,51,14,98613.27706637446,0.04757760451133142,0.046885909498799005,0.045125219183878074,-0.014062233553927772,0.04840021849362834,0.15802162513136864,0.00015802162513136865,0.0005024769064038992,0.20099076256155968,1.4019815251231194,1.0,0.8039630651473999,0.8039630502462387,1.4901161193847656e-08,False,0.88899827003479,0.7721740861952927,3.323148727416992,64,0.028913507238030434,0.5550344008952379,-0.10277971439063549,0.027649816125631332,0.08504434116184711,-0.09821104817092419,0.5043486971408129,1.0537528861202778,1.0436698440150798,1.056726336776278,1.1337333904843547,1.097196942118675,1.0286103542234333,1.0366047745358091
pretrained,51,15,96085.15890360212,-0.024524351763764662,-0.02563669150829173,-0.029416664852391097,-0.040743452381917455,0.05470892048802827,0.6298363070402826,0.0006298363070402826,0.0005111193204564708,0.20444772818258833,1.4088954563651765,0.9999999999999998,0.8177907466888428,0.8177909127303531,1.660415103188484e-07,False,0.9521953463554382,0.8270663692322451,3.677337884902954,65,0.04239786948476518,0.42758369977985106,-0.10202461693968093,0.06887629415307725,-0.1024231112429074,0.1003996336034366,0.5651902311614581,0.9410285276370367,0.912668726840604,0.9582963540708176,1.0015122873345936,0.9499004644990046,1.0061810154525386,1.00921187308086
pretrained,51,16,102063.63125055515,0.06343221536561061,0.062220559503377126,0.05784352513368249,0.02021906555028563,0.06237985597041197,0.6296994984149932,0.0006296994984149931,0.0005103324087602753,0.20413296350411012,1.40826592700822,0.9999999999999998,0.8165318369865417,0.8165318540164401,1.7029898380371833e-08,False,0.890384316444397,0.7733779908100009,3.3082985877990723,66,0.05002318482313836,0.5764961817434855,-0.10961219881262102,0.03233998801027024,0.05588884066258157,-0.0945207646914891,0.48938476826463423,1.0617528584451108,1.1068239035899863,1.0283217793331279,1.064175160437901,0.9811386657352429,1.100043878894252,1.0210446247464502
pretrained,51,17,100249.32096075505,-0.01686234395452213,-0.017776266311220645,-0.021314030040497055,0.0024870089728852296,0.07163946926193303,0.41500588932207644,0.00041500588932207646,0.0005150240047701768,0.20600960190807072,1.4120192038161412,0.9999999999999998,0.8240383863449097,0.8240384076322824,2.1287372753420186e-08,False,0.896621584892273,0.7787956133481245,3.3608334064483643,67,0.03581060203058378,0.5354920636330331,-0.11174079669373377,0.05273807527763502,-0.09426880521433695,0.054644302598067684,0.5273245583687509,0.9738875049333385,0.9888637987703586,0.9580667059670183,0.9741042923022349,1.0316838732645068,0.9409652971679298,0.9865905140302956
pretrained,51,18,107589.37332538755,0.07417379904761479,0.07321797588540213,0.06521554430497967,0.07054017595617612,0.05675245356622452,0.3770638565932004,0.0003770638565932004,0.00051315397556339,0.205261590225356,1.4105231804507121,1.0,0.8210464715957642,0.8210463609014242,1.1069433991650612e-07,False,0.8288238644599915,0.7199072616094061,3.038675308227539,68,0.040884564497641135,0.562830756285361,-0.10354301812393327,0.02056902168052535,0.02026394648211341,-0.10171857210142274,0.5607133012797152,1.0350516236175364,1.0668988139445743,1.0189072752337456,0.971959213401311,0.9986197377501727,0.9864349300551081,1.0646866347847974
pretrained,51,19,108102.82505052068,0.0053279224642286405,0.00477232750097234,0.0015206554459902266,0.0749547946294088,0.05787926454484892,0.037233380334717875,3.7233380334717877e-05,0.0005155698715576104,0.20622794862304417,1.412455897246088,0.9999999999999998,0.8249117732048035,0.8249117944921762,2.1287372753420186e-08,False,0.8418570756912231,0.731227765047813,3.087620496749878,69,0.03377228336674826,0.565159441104957,-0.10418976736920221,0.029451354539820118,0.027669618970581455,-0.10203818125384195,0.5501752506409372,1.0146423361916632,1.0003827389871474,1.0247643242463869,1.0041213937804423,1.0570145127850723,0.969058874086807,1.0042553191489363
pretrained,51,20,113314.4984033603,0.048789724779237265,0.048210334470019545,0.04005038992936582,0.11750039572134274,0.04990422325136258,0.03673407488635608,3.673407488635608e-05,0.0005158556319241012,0.20634225276964052,1.412684505539281,0.9999999999999999,0.8253690004348755,0.8253690110785619,1.0643686376710093e-08,False,0.8225451707839966,0.7144536575753152,3.015404462814331,70,0.03618176893464156,0.5639013634728534,-0.10412030800112657,0.022047358165894232,0.018148419048104963,-0.10222194476851396,0.5660633431481463,1.0024823479186857,1.0579639578806326,0.9651039618260693,0.9328358208955223,0.9767898005884277,0.945011086474501,1.0153013182674198
pretrained,51,21,116925.30925373588,0.032417161950129225,0.03186539146581535,0.024447041111322263,0.14475317073574556,0.05611467806161109,0.018467623740434647,1.8467623740434646e-05,0.0005161205280039992,0.20644821120159967,1.4128964224031992,0.9999999999999999,0.8257928490638733,0.8257928448063985,4.257474817137563e-09,False,0.8262618780136108,0.717681948456658,3.028132677078247,71,0.034984190549169264,0.5670864550130708,-0.10278077742883138,0.021022735695753775,0.022857608805809698,-0.1036674337727683,0.5604972211377961,1.0647274634440285,1.0659156475343874,1.0455609523922245,1.0168,0.9832663989290497,1.0154856874706712,0.9983769997681431
pretrained,51,22,120371.5601920314,0.030020825252120797,0.029473951878262072,0.021401657594093505,0.16923898103116874,0.061683054026593576,0.023010352892535058,2.3010352892535057e-05,0.0005080649309924672,0.20322597239698686,1.4064519447939738,1.0,0.8129038214683533,0.8129038895879477,6.811959440966575e-08,False,0.8182739019393921,0.7107436805954412,2.987680673599243,72,0.029196339526346732,0.5654359374727522,-0.10239575164658685,0.024180930906108428,0.018790800922683287,-0.10083022075040002,0.5656219635690962,1.0311389371500623,1.0404774891800428,1.033478927516993,1.0743509047993705,1.0571817562968002,1.0083179297597042,1.0134695773339524
pretrained,51,23,120350.4099403871,0.0005921723676121093,-0.00017570804607469626,-0.0032571985186749023,0.16909298398291472,0.062224029408417626,0.2635086961090565,0.0002635086961090565,0.0005042118911764452,0.2016847564705781,1.4033695129411563,1.0,0.8067390322685242,0.8067390258823126,6.38621155957253e-09,False,0.8261193037033081,0.7175581099842068,3.0131375789642334,73,0.030764425971678305,0.5556759879525219,-0.09848115885896344,0.02669780408697467,-0.10320359761161466,0.020739395969680358,0.5678071424897229,0.9822836111014266,0.9783176430619793,0.9764445432283997,0.9483705602343465,0.963940759819704,0.9404216315307058,1.0171860678276812
pretrained,51,24,116357.11392185792,-0.03241724533548829,-0.033180576788289784,-0.031038692431586766,0.14057682741119626,0.050450717197365984,0.2799464182129928,0.0002799464182129928,0.0005092705307262285,0.2037082122904914,1.4074164245809828,0.9999999999999999,0.814832866191864,0.8148328491619656,1.7029898380371833e-08,False,0.8168189525604248,0.7094799276219731,2.9826581478118896,74,0.02712489504899296,0.5690596758254937,-0.1017218844166824,0.020366762099521485,0.023385923621909943,-0.10198632787380901,0.5637709556945733,0.953865200398201,0.9405989802128366,0.9695992992920063,0.9972972972972974,1.0277221108884433,0.9517543859649122,0.9894120297364272
pretrained,52,1,99027.98142456375,-0.007919395957629694,-0.00972018575436251,-0.013226043968334735,-0.009815595162632862,0.06820897611403748,1.3127854828323637,0.0013127854828323638,0.0005040287306266172,0.2016114922506469,1.4032229845012938,0.9999999999999999,0.8064459562301636,0.8064459690025876,1.277242400732348e-08,False,0.9855939149856567,0.856075997351387,3.980971574783325,52,0.04196854148592266,0.5385082310863903,-0.10656939234052387,0.15578624073948177,0.07467878077711376,-0.09504209991012302,0.39066969816173824,0.9916662901143084,1.0025358571630094,0.9627064136965677,0.9576271186440679,0.9838028169014084,1.0421668205601724,0.9972067039106144
pretrained,52,2,100613.91821346099,0.01674173812966484,0.01601503702370577,0.012754193123627031,0.006101722548549571,0.06326249175110804,0.20493284400020326,0.00020493284400020326,0.0005100578974400248,0.20402315897600992,1.4080463179520197,0.9999999999999999,0.8160926103591919,0.8160926359040395,2.554484757055775e-08,False,0.981770932674408,0.8527553971070088,3.863024950027466,53,0.1109697228031499,0.5686815386371953,-0.10327745920845441,0.0811388050871236,0.06055279501846858,-0.10074569976755551,0.3826802974300725,1.0436129187650538,1.0069045203783964,1.0537813804467038,1.0290771175726925,1.0293486041517539,0.9503839338452451,1.0114845938375352
pretrained,52,3,94218.12790434308,-0.06280480310707959,-0.06356764971172968,-0.0699192980247759,-0.06136687518910455,0.04901400574243547,0.31666421996695654,0.00031666421996695657,0.0004976349164332662,0.19905396657330648,1.398107933146613,1.0,0.7962157726287842,0.7962158662932262,9.36644419802235e-08,False,0.8772906064987183,0.7620049388559009,3.2427003383636475,54,0.04052084258624486,0.5382683756096023,-0.1025526789682252,0.060933626656021395,0.02328790671059064,-0.09650128760508128,0.5360432150108474,0.9298536593307981,0.8801916899722919,0.9556161965613983,0.9324324324324325,0.9551460361613352,0.8760099440646364,0.9872611464968152
pretrained,52,4,97283.17516263871,0.033162151486501035,0.03253139630844171,0.030439773202153103,-0.027926975376978413,0.06000253219946072,0.10806955184255324,0.00010806955184255323,0.0005026262586138079,0.20105050344552317,1.4021010068910464,1.0,0.8042019605636597,0.8042020137820929,5.3218433215818095e-08,False,0.8908833265304565,0.7738114254635804,3.325061559677124,55,0.034081810020974684,0.5357892484005009,-0.10176369095487256,0.02921543163912635,0.07653369461851459,-0.0992868124906506,0.5254303187664067,0.9869331771848514,0.9986076251350232,0.9760156672096543,1.0082345191040842,1.0462322533673099,0.9882937211777227,1.0513323983169707
pretrained,52,5,100401.50791794524,0.0327248587931368,0.032054183573811956,0.029102419387315594,0.003999022786324913,0.05647157551975466,0.14272986086351533,0.00014272986086351534,0.000506904050707817,0.20276162028312683,1.4055232405662537,1.0,0.8110465407371521,0.8110464811325073,5.960464477539063e-08,False,0.8871932625770569,0.7706062766379173,3.2884914875030518,56,0.0593615286052227,0.5719484128057957,-0.1073501966893673,0.03526609018445015,0.03955107182264328,-0.09541142359375954,0.49663451686501503,1.0357733081792009,1.0341142880338432,1.0231835256931106,0.9411956876837635,1.048016701461378,0.9239052404881549,1.0130736392742796
pretrained,52,6,95685.55623571332,-0.046385510922061335,-0.046970924839954686,-0.05170245551245752,-0.04508981223517594,0.05227240981913336,0.11386433563062129,0.0001138643356306213,0.0005002136674842665,0.2000854669937066,1.4001709339874133,1.0,0.8003419637680054,0.8003418679748266,9.579317872265847e-08,False,0.840248703956604,0.7298307511094244,3.065882444381714,57,0.037155439012816954,0.5611999154623066,-0.10306655163211484,0.02710451265530925,0.025342560240200568,-0.09701891536159177,0.5492830396230732,0.9120432847339066,0.8673832471904358,0.9509451683395475,0.9694550503297468,0.9555112881806108,0.8717948717948719,1.0287068738477745
pretrained,52,7,93330.00684883047,-0.02409785042798096,-0.024617606664480873,-0.029737278603807003,-0.07146675947397196,0.06720662730021962,0.037421173283032155,3.7421173283032156e-05,0.000495311226695776,0.1981244906783104,1.3962489813566208,1.0,0.7924979329109192,0.7924979627132416,2.9802322387695312e-08,False,0.8575257062911987,0.7448373646649126,3.1369636058807373,58,0.03775486350059509,0.5482109151780605,-0.1031547375023365,0.025329813361167908,0.04140456020832062,-0.09496975317597389,0.5454243384301662,1.0000531712757406,0.9794685529360748,1.000391488535496,0.999641962047977,1.0055594162612926,1.0401069518716577,0.9831029185867896
pretrained,52,8,87751.28027929911,-0.0589906619774444,-0.059774200794471155,-0.07092837378717995,-0.13958451297479701,0.056212405727097875,0.3332964538463525,0.0003332964538463525,0.0004997082533580917,0.1998833013432367,1.3997666026864732,0.9999999999999998,0.7995331883430481,0.7995332053729465,1.7029898380371833e-08,False,0.8615919351577759,0.7483692461827329,3.1672651767730713,59,0.05698533515845025,0.573304885732276,-0.10769682962979593,-0.09218647171344077,0.02735577497099126,0.02735403153513158,0.5148832739463873,0.9160800047452287,0.912869623396696,0.9328680427305247,1.0992120343839542,1.0241879751209397,1.1696658097686377,0.9851562499999998
pretrained,52,9,94704.34266944694,0.08060128711787162,0.07923602217559989,0.07903995960284854,-0.055917787730567436,0.09253531282762062,0.7751663114343371,0.0007751663114343372,0.0004890632842268262,0.1956253136907305,1.391250627381461,1.0,0.782501220703125,0.7825012547629222,3.4059797204832876e-08,False,1.0113067626953125,0.8784098931000313,4.083954334259033,60,0.2412990438086646,0.5794794516904014,-0.10050889530352183,-0.09511641838720866,0.03894868067332677,0.205668072615351,0.1302300649029868,1.0911163764566931,1.1234912300099247,1.0672516751244587,0.9214727924405344,0.9787449392712549,0.9501831501831501,0.9801744647105474
pretrained,52,10,92895.03273279748,-0.017571140532154694,-0.019104825456258245,-0.024085599918136587,-0.07648382328083336,0.07039128735741317,1.0687960221299104,0.0010687960221299104,0.0004935392923653125,0.19741571694612503,1.39483143389225,1.0,0.789662778377533,0.7896628677845001,8.940696716308594e-08,False,0.8372251987457275,0.7272045678512457,3.047168254852295,61,0.03334517404437065,0.5668304488062859,-0.10521987825632095,0.02633853070437908,0.027728436514735222,-0.09219583868980408,0.5431731268763542,0.9575598807831897,0.9536357930098714,0.9593638617140574,0.9904526166902407,1.019303688383316,0.9602929838087895,1.0035059331175835
pretrained,52,11,88858.87752135006,-0.042918264912770954,-0.04344855793373781,-0.05222186934734415,-0.12537995965538795,0.0665146594557913,0.053066626723323546,5.3066626723323544e-05,0.0005011597954268966,0.20046391817075865,1.4009278363415174,1.0,0.8018555641174316,0.8018556726830348,1.0856560317407116e-07,False,0.8439912796020508,0.7330815110112705,3.1015424728393555,62,0.05905404819973878,0.5668495198977845,-0.10441451014152595,0.018636825893606462,0.020109964002455988,-0.0960494080292327,0.535813560177173,0.906604323640961,0.8950099292047539,0.9116191074982402,0.9460906818993214,1.0010145417653027,0.8916097952629467,1.0064498790647676
pretrained,52,12,89995.7542735062,0.013342146939316235,0.012794183134746229,0.011215500257520165,-0.11116352996042322,0.06001858874889124,0.03860489172594886,3.860489172594886e-05,0.0005022904170410974,0.20091616681643898,1.401832333632878,0.9999999999999999,0.8036646246910095,0.8036646672657559,4.257474639501879e-08,False,0.8600971698760986,0.747070909555587,3.1875343322753906,63,0.07323892254914555,0.5496220572718552,-0.10436035852347103,0.017068242920296517,0.024369487805025902,-0.09655580829296795,0.5366174562701157,1.0798634244603893,1.039007305019145,1.1395080340749941,0.8803773584905662,0.9280405405405406,0.9914452949122017,1.0066755674232308
pretrained,52,13,94250.312824972,0.04797690822211975,0.0472751029847005,0.04734701496916017,-0.061004435982143335,0.05624158018239438,0.16753669668521196,0.00016753669668521197,0.0005023638784353222,0.2009455513741289,1.4018911027482577,1.0,0.8037821650505066,0.8037822054965154,4.0446008764405406e-08,False,0.894216001033783,0.776706149757129,3.354383945465088,64,0.029242376397762976,0.5544497394668204,-0.10279903321393899,0.02840793186000415,0.09040913970342704,-0.0981465181601899,0.4984363639461143,1.0537528861202778,1.0436698440150798,1.056726336776278,1.1337333904843547,1.097196942118675,1.0286103542234333,1.0366047745358091
pretrained,52,14,91900.00656583259,-0.023797213153723074,-0.024936853668635073,-0.029907681235437338,-0.08813920408552933,0.055458262641026795,0.6567601252879415,0.0006567601252879415,0.0005113437452486584,0.20453749809946337,1.4090749961989266,1.0,0.8181500434875488,0.8181499923978532,5.108969558520471e-08,False,0.9587571024894714,0.832765838193456,3.722980260848999,65,0.043471290596893836,0.4189006154026304,-0.10211569922310967,0.0725737724985395,-0.10242179887635369,0.10503688348191123,0.5645549361194884,0.9410285276370367,0.912668726840604,0.9582963540708176,1.0015122873345936,0.9499004644990046,1.0061810154525386,1.00921187308086
pretrained,52,15,97618.0167209518,0.06346193752351437,0.062219910191443795,0.06055449882904179,-0.024401062007408658,0.06367286498157766,0.657419896551541,0.000657419896551541,0.0005111721716821193,0.20446886867284775,1.4089377373456955,1.0,0.8178755640983582,0.817875474691391,8.940696716308594e-08,False,0.8970609903335571,0.7791772760650605,3.343784809112549,66,0.05230489373207092,0.5768361799418926,-0.10994032397866249,0.033627700060606,0.05951898172497749,-0.09452854469418526,0.4821811132133007,1.0617528584451108,1.1068239035899863,1.0283217793331279,1.064175160437901,0.9811386657352429,1.100043878894252,1.0210446247464502
pretrained,52,16,95870.03412234024,-0.01697755042267257,-0.01790635230388149,-0.022317607756741346,-0.04307879845322149,0.07279742621857029,0.4303793374981199,0.00043037933749811994,0.0005149103089102677,0.2059641235641071,1.411928247128214,0.9999999999999998,0.8238564133644104,0.8238564942564279,8.089201752881081e-08,False,0.9016168117523193,0.7831344122704706,3.3895134925842285,67,0.03666830541832106,0.5328258808170045,-0.11201459062950953,0.055187174252101345,-0.09394953293459757,0.05661419512970106,0.5246685679469789,0.9738875049333385,0.9888637987703586,0.9580667059670183,0.9741042923022349,1.0316838732645068,0.9409652971679298,0.9865905140302956
pretrained,52,17,102883.80672305045,0.0741241262001513,0.07315917496972935,0.06837943742205481,0.02802974360011079,0.05458209262554933,0.38552991566913486,0.0003855299156691349,0.0005132348582680736,0.20529394330722944,1.410587886614459,1.0,0.8211758136749268,0.821175773228918,4.0446008764405406e-08,False,0.8301321268081665,0.7210436038467946,3.0442397594451904,68,0.04167120664247445,0.5624137571347612,-0.10355142743459769,0.02077892741986684,0.020388559837426462,-0.10174251587263175,0.5600414922727006,1.0350516236175364,1.0668988139445743,1.0189072752337456,0.971959213401311,0.9986197377501727,0.9864349300551081,1.0646866347847974
pretrained,52,18,103377.84780717357,0.005360218787959781,0.004801932392072272,0.0017222740407373902,0.032674773936812285,0.058455125919282085,0.03927546633141382,3.9275466331413825e-05,0.000516188589057752,0.20647543562310083,1.4129508712462016,0.9999999999999999,0.8259016871452332,0.8259017424924031,5.534716995825306e-08,False,0.8437964916229248,0.7329123203223195,3.0963826179504395,69,0.034199931259666166,0.5648966995733125,-0.10431394300290517,0.030176144625459395,0.02814613335898944,-0.10216149262019567,0.5490565268056733,1.0146423361916632,1.0003827389871474,1.0247643242463869,1.0041213937804423,1.0570145127850723,0.969058874086807,1.0042553191489363
pretrained,52,19,108358.1110843275,0.048756511540122505,0.048175343004271065,0.04197220887302643,0.07713415267845491,0.04974339737232389,0.03843681993229048,3.8436819932290476e-05,0.0005158668876226459,0.20634675504905836,1.4126935100981168,1.0,0.8253870010375977,0.8253870201962337,1.915863601098522e-08,False,0.8232699036598206,0.7150831525529637,3.018314838409424,70,0.03654999418982438,0.5636418996644872,-0.1041213037180049,0.022251747016395845,0.01817087962159089,-0.10222545133105346,0.5657322345567601,1.0024823479186857,1.0579639578806326,0.9651039618260693,0.9328358208955223,0.9767898005884277,0.945011086474501,1.0153013182674198
pretrained,52,20,111811.79538793952,0.032425522600085355,0.03187287291234031,0.025605308609177233,0.10563997605939168,0.0580102954351907,0.019276916980743408,1.927691698074341e-05,0.0005161589503820453,0.20646358015281813,1.4129271603056364,1.0,0.8258543610572815,0.8258543206112727,4.0446008764405406e-08,False,0.8269820213317871,0.718307456995185,3.030958414077759,71,0.035184295315827646,0.5670326402676957,-0.1027870053159339,0.021163530115570345,0.023084299106683054,-0.10367657483688422,0.5599988153470414,1.0647274634440285,1.0659156475343874,1.0455609523922245,1.0168,0.9832663989290497,1.0154856874706712,0.9983769997681431
pretrained,52,21,115109.14907508736,0.03003800972364501,0.029490213225781936,0.022761706684000092,0.1312593238373384,0.05715282187893255,0.02358691341110636,2.358691341110636e-05,0.0005083761883101294,0.20335047532405176,1.4067009506481036,1.0,0.8134018778800964,0.8134019012962073,2.3416110828122783e-08,False,0.8188498616218567,0.7112439528192275,2.990189790725708,72,0.029324536078742552,0.5653353341455971,-0.10246255168957372,0.024446685665420104,0.01884790776031356,-0.10088792363447804,0.5653960116739785,1.0311389371500623,1.0404774891800428,1.033478927516993,1.0743509047993705,1.0571817562968002,1.0083179297597042,1.0134695773339524
pretrained,52,22,115086.91445344618,0.0005757993153225893,-0.00019316120238777046,-0.0032457635299717683,0.13109148442370477,0.06155848232676275,0.2642585683081832,0.0002642585683081832,0.0005045548986111368,0.20182195944445475,1.4036439188889094,0.9999999999999999,0.807287871837616,0.8072878377778188,3.4059797204832876e-08,False,0.8268433809280396,0.7181870354705522,3.0163509845733643,73,0.03090494738093444,0.5553433378892285,-0.09853257930704526,0.027086794908557615,-0.10328938013740949,0.020795306723032675,0.5676915725427014,0.9822836111014266,0.9783176430619793,0.9764445432283997,0.9483705602343465,0.963940759819704,0.9404216315307058,1.0171860678276812
pretrained,52,23,111268.74710027725,-0.03241204789884056,-0.03317638127063882,-0.03234524087998514,0.10127504257886244,0.05057598070285609,0.2810796233160155,0.0002810796233160155,0.0005091693837727819,0.20366775350911276,1.4073355070182256,1.0,0.8146710395812988,0.8146710140364513,2.554484757055775e-08,False,0.8172169923782349,0.7098256606148785,2.9840002059936523,74,0.027164495949234285,0.5690435799104827,-0.10170413234404155,0.02045974454709462,0.02355018949934415,-0.10196362116507121,0.5634497436029571,0.953865200398201,0.9405989802128366,0.9695992992920063,0.9972972972972974,1.0277221108884433,0.9517543859649122,0.9894120297364272
pretrained,52,24,112266.12135889918,0.009494521688570234,0.008963651381129312,0.005284827242953282,0.10925933140315847,0.05398923162685488,0.02044544368982315,2.044544368982315e-05,0.0005055702318038259,0.20222809272153036,1.4044561854430608,1.0,0.808912456035614,0.8089123708861217,8.514949234594837e-08,False,0.8125643730163574,0.7057844467843593,2.9670803546905518,75,0.03360049373337201,0.5678725386304515,-0.10149154120257922,0.017099191833819666,0.017859061647738733,-0.10073655151895114,0.5657968068761485,0.9753702827932057,0.9734845260871898,0.9817779805097796,0.9632210607820363,0.9691257718557038,0.9810547875064004,1.0403005464480872
pretrained,53,1,101374.50477029014,0.01569767701756075,0.013745047702901303,0.010554331976027021,0.013558682958843438,0.06008701965632832,1.4125151549066817,0.0014125151549066817,0.0005117864214948246,0.20471456859792986,1.4094291371958596,1.0,0.8188582062721252,0.8188582743917192,6.811959396557654e-08,False,0.9564588069915771,0.8307695640884187,3.690284013748169,53,0.08437332404511313,0.5658952508653914,-0.10335873173815865,0.07443030817168098,0.05393907321350913,-0.1013558368597712,0.4260766123022352,1.0436129187650538,1.0069045203783964,1.0537813804467038,1.0290771175726925,1.0293486041517539,0.9503839338452451,1.0114845938375352
pretrained,53,2,95018.75453119107,-0.061994742070992204,-0.06269574636641528,-0.06825716448349617,-0.05242381352382153,0.045493360016623983,0.24673342598336087,0.0002467334259833609,0.0005008811131119728,0.20035244524478912,1.4007048904895782,1.0,0.8014097809791565,0.8014097809791565,0.0,False,0.8737046718597412,0.758890235603554,3.229755401611328,54,0.03700006753206253,0.5334129370748997,-0.10267473384737968,0.0620880052447319,0.0227702334523201,-0.09767771139740944,0.5450812019407749,0.9298536593307981,0.8801916899722919,0.9556161965613983,0.9324324324324325,0.9551460361613352,0.8760099440646364,0.9872611464968152
pretrained,53,3,98167.28113124233,0.03375668674391563,0.03313584371407141,0.03050738942564899,-0.018669345301592477,0.06494157593160121,0.0935445598193578,9.35445598193578e-05,0.0005072056382362332,0.20288225529449327,1.4057645105889864,0.9999999999999999,0.8115289807319641,0.8115290211779729,4.0446008764405406e-08,False,0.8861182332038879,0.7696725179886149,3.298884391784668,55,0.034052072625075064,0.5266608508037669,-0.1025340495897191,0.030375019248042784,0.06940182910433837,-0.10034820570477418,0.5423924835132701,0.9869331771848514,0.9986076251350232,0.9760156672096543,1.0082345191040842,1.0462322533673099,0.9882937211777227,1.0513323983169707
pretrained,53,4,101295.36649660194,0.03252728391488313,0.03186484671178369,0.0286144796057752,0.012788013325815695,0.05685758043265944,0.13058683329394885,0.00013058683329394884,0.0005111877753266267,0.20447511013065067,1.4089502202613011,0.9999999999999998,0.8179003596305847,0.8179004405226022,8.089201752881081e-08,False,0.8720660209655762,0.7574669215213505,3.221449613571167,56,0.052117400935717983,0.567464285663196,-0.10782021922724588,0.0331063579235758,0.03382318573338644,-0.09665489090340479,0.5179638798747743,1.0357733081792009,1.0341142880338432,1.0231835256931106,0.9411956876837635,1.048016701461378,0.9239052404881549,1.0130736392742796
pretrained,53,5,96623.95699141701,-0.045556735247356483,-0.04611671458182287,-0.05027770813755105,-0.03494002019481446,0.05099349233841793,0.08250729739665985,8.250729739665986e-05,0.0005043727106281689,0.20174908425126759,1.403498168502535,0.9999999999999998,0.8069964051246643,0.8069963370050699,6.811959440966575e-08,False,0.8393900394439697,0.729084924590138,3.0672953128814697,57,0.03711075814706938,0.5577114309583391,-0.10363429678337915,0.02741257952792303,0.024482709488698406,-0.09811478746788843,0.5550316061292375,0.9120432847339066,0.8673832471904358,0.9509451683395475,0.9694550503297468,0.9555112881806108,0.8717948717948719,1.0287068738477745
pretrained,53,6,94244.49506984148,-0.02410302186021951,-0.024626003691681775,-0.029337602651905666,-0.06106993226387725,0.0641538116568575,0.039945074490138344,3.9945074490138346e-05,0.000496097177799259,0.1984388711197036,1.3968777422394072,0.9999999999999999,0.7937554717063904,0.7937554844788144,1.277242400732348e-08,False,0.8574232459068298,0.7447483687058224,3.1364188194274902,58,0.0389862081834248,0.5406837447413376,-0.10317906896982876,0.026025088770048943,0.0392695835658482,-0.09525980214987484,0.5534742458590439,1.0000531712757406,0.9794685529360748,1.000391488535496,0.999641962047977,1.0055594162612926,1.0401069518716577,0.9831029185867896
pretrained,53,7,88609.80835154247,-0.059002444249393604,-0.05978796654513696,-0.07044131663683172,-0.12854323759813502,0.059360226051478844,0.3336521658514227,0.0003336521658514227,0.0005014725814440421,0.20058903257761684,1.4011780651552335,0.9999999999999998,0.8023560643196106,0.8023561303104669,6.599085633496315e-08,False,0.8545632362365723,0.7422641958698568,3.139551877975464,59,0.05427654752773897,0.5711550667349781,-0.10825135266142233,-0.09233767991619451,0.025301912001201077,0.02580461943788187,0.5240508868758167,0.9160800047452287,0.912869623396696,0.9328680427305247,1.0992120343839542,1.0241879751209397,1.1696658097686377,0.9851562499999998
pretrained,53,8,95556.27377532216,0.07975614556346522,0.07839386579215835,0.07768168299873904,-0.04650376211954654,0.08715584959698862,0.7735930649297578,0.0007735930649297578,0.0004888585209846496,0.19554340839385986,1.3910868167877197,1.0,0.7821736335754395,0.7821736335754395,0.0,False,1.012622356414795,0.8795526032856268,4.099124908447266,60,0.23475593328475952,0.5787636041641235,-0.10077989101409912,-0.09476351737976074,0.03753061592578888,0.20481306314468384,0.1396801918745041,1.0911163764566931,1.1234912300099247,1.0672516751244587,0.9214727924405344,0.9787449392712549,0.9501831501831501,0.9801744647105474
pretrained,53,9,93740.57746056463,-0.017480736446582212,-0.01900133024260353,-0.024046707962635847,-0.06677388500266734,0.07553170159030091,1.0540763224874223,0.0010540763224874223,0.0004947703411536558,0.19790813646146233,1.3958162729229247,0.9999999999999999,0.7916325330734253,0.7916325458458493,1.277242400732348e-08,False,0.8364853858947754,0.7265619745736264,3.0455498695373535,61,0.03282533798898968,0.5657534583338669,-0.10536235730562893,0.026569118989365426,0.0273745044001511,-0.0925457791558334,0.5453857167490891,0.9575598807831897,0.9536357930098714,0.9593638617140574,0.9904526166902407,1.019303688383316,0.9602929838087895,1.0035059331175835
pretrained,53,10,89685.29032864021,-0.042728854874125366,-0.043260744085243386,-0.051246141111872416,-0.11501004940233628,0.06019953424406963,0.053589668657098494,5.358966865709849e-05,0.0005021954247994083,0.20087816991976332,1.4017563398395263,0.9999999999999998,0.8035125732421875,0.8035126796790526,1.0643686509936856e-07,False,0.8431212902069092,0.7323258478240218,3.099236249923706,62,0.05868453692112649,0.5659276113978453,-0.10460087497319495,0.018566434936864024,0.019799748169524317,-0.09627729494656836,0.5378998384944029,0.906604323640961,0.8950099292047539,0.9116191074982402,0.9460906818993214,1.0010145417653027,0.8916097952629467,1.0064498790647676
pretrained,53,11,90830.09464305354,0.013315671821288788,0.012764683151700096,0.011097050255112243,-0.1009566861400133,0.05912626014421477,0.04195893289787428,4.195893289787428e-05,0.0005019372475466559,0.20077489901866236,1.4015497980373248,1.0,0.803099513053894,0.8030995960746496,8.302075560351341e-08,False,0.8617531061172485,0.748509237499417,3.1964504718780518,63,0.07483029445367198,0.5463590555425202,-0.10442005018038411,0.017233078234962035,0.024441181549004126,-0.09635484883827825,0.5379112892385041,1.0798634244603893,1.039007305019145,1.1395080340749941,0.8803773584905662,0.9280405405405406,0.9914452949122017,1.0066755674232308
pretrained,53,12,95148.58808169347,0.048257108907468815,0.047544742253224026,0.047178287400780956,-0.050987744706638916,0.055813080651868435,0.17742486244865827,0.00017742486244865828,0.0005023786039756878,0.20095144159027511,1.4019028831805502,0.9999999999999999,0.8038057088851929,0.8038057663611005,5.747590758886645e-08,False,0.8978644609451294,0.779875161771015,3.3775479793548584,64,0.029265256864683953,0.5519174340048006,-0.10286279741142479,0.02921720993305954,0.0940538498439959,-0.09808864417885033,0.49649769094373497,1.0537528861202778,1.0436698440150798,1.056726336776278,1.1337333904843547,1.097196942118675,1.0286103542234333,1.0366047745358091
pretrained,53,13,92970.12189049477,-0.021702154026500997,-0.022895412692075734,-0.02769719386895719,-0.07561437983038677,0.0614111749041867,0.7094162989939962,0.0007094162989939962,0.0005110575977180686,0.20442303908722742,1.4088460781744547,1.0,0.8176921606063843,0.8176921563489095,4.257474817137563e-09,False,0.9743594527244568,0.846317867417008,3.831557035446167,65,0.04648425855806895,0.3938745526330812,-0.10181162080594472,0.0826637116926057,-0.1026114182812827,0.11614839413336345,0.5652521220701081,0.9410285276370367,0.912668726840604,0.9582963540708176,1.0015122873345936,0.9499004644990046,1.0061810154525386,1.00921187308086
pretrained,53,14,98750.44665534973,0.06348160515171264,0.06217400437167697,0.0596321319471709,-0.012653647522338218,0.06657200721755302,0.7183288729616574,0.0007183288729616573,0.0005119747934596879,0.2047899173838752,1.4095798347677504,0.9999999999999999,0.8191596269607544,0.8191596695355008,4.257474639501879e-08,False,0.9062143564224243,0.7871277888315312,3.394068479537964,66,0.055598674608128396,0.5767730458506516,-0.1104312406054565,0.03551789586033138,0.06454010893191608,-0.09435867677841869,0.47236019213284763,1.0617528584451108,1.1068239035899863,1.0283217793331279,1.064175160437901,0.9811386657352429,1.100043878894252,1.0210446247464502
pretrained,53,15,96949.72471139405,-0.017279528996317906,-0.018235076447202347,-0.022219436642033196,-0.03146244404185983,0.06821280245023173,0.4587881735392979,0.0004587881735392979,0.0005140340514481068,0.2056136205792427,1.4112272411584854,1.0,0.8224543929100037,0.8224544823169708,8.940696716308594e-08,False,0.9138064384460449,0.7937221874895618,3.4616453647613525,67,0.03876540809869766,0.5239347144961357,-0.11233040690422058,0.06155155226588249,-0.09328321367502213,0.06132024899125099,0.5200416967272758,0.9738875049333385,0.9888637987703586,0.9580667059670183,0.9741042923022349,1.0316838732645068,0.9409652971679298,0.9865905140302956
pretrained,53,16,104027.80041583,0.07399579721300786,0.07300769265210816,0.06767596293941737,0.03871850024445078,0.05009962693786484,0.40701842201607563,0.00040701842201607566,0.0005134315309779985,0.20537261239119942,1.4107452247823988,0.9999999999999999,0.8214904069900513,0.8214904495647977,4.257474639501879e-08,False,0.8338433504104614,0.7242671317099661,3.060663938522339,68,0.04441055123295101,0.5605936630495957,-0.10352663110409466,0.02120857153620037,0.02054360721792492,-0.10184598128710476,0.5586162193545273,1.0350516236175364,1.0668988139445743,1.0189072752337456,0.971959213401311,0.9986197377501727,0.9864349300551081,1.0646866347847974
pretrained,53,17,104535.7379743187,0.005449147682595967,0.004882709780061889,0.0014111454325094488,0.04338935240915398,0.065194134643875,0.04570660527263368,4.5706605272633676e-05,0.0005178201730762209,0.20712806923048838,1.4142561384609766,0.9999999999999999,0.8285122513771057,0.8285122769219533,2.554484757055775e-08,False,0.8496886491775513,0.7380301833472771,3.123356580734253,69,0.035951931561742506,0.563592251922403,-0.10460131934710912,0.03234233015349933,0.029264562364135466,-0.10252674988337926,0.545976993228708,1.0146423361916632,1.0003827389871474,1.0247643242463869,1.0041213937804423,1.0570145127850723,0.969058874086807,1.0042553191489363
pretrained,53,18,109558.01212602766,0.04863094628423803,0.048043609286450684,0.041423465803435124,0.08724156216920786,0.048574879132375175,0.04424323567322322,4.424323567322322e-05,0.0005160125384905508,0.20640501539622036,1.4128100307924405,0.9999999999999998,0.8256199955940247,0.825620061584881,6.599085633496315e-08,False,0.8261525630950928,0.7175869987248539,3.030508518218994,70,0.03855929816407816,0.5621793820921863,-0.10408422803240164,0.022796415856906338,0.018101728654333515,-0.10232078736381872,0.5647681906287159,1.0024823479186857,1.0579639578806326,0.9651039618260693,0.9328358208955223,0.9767898005884277,0.945011086474501,1.0153013182674198
pretrained,53,19,113054.95503490994,0.032474794971130594,0.03191864146694856,0.025260246466282874,0.11547441711757556,0.05945216964169636,0.022102360746690197,2.2102360746690196e-05,0.0005167033802717923,0.20668135210871696,1.413362704217434,1.0,0.8267253637313843,0.8267254084348679,4.470348358154297e-08,False,0.8298059701919556,0.7207603078094812,3.0429680347442627,71,0.03662041015923023,0.5664737801998854,-0.1028693113476038,0.02150997705757618,0.02364359423518181,-0.10381204076111317,0.5584335904568434,1.0647274634440285,1.0659156475343874,1.0455609523922245,1.0168,0.9832663989290497,1.0154856874706712,0.9983769997681431
pretrained,53,20,116394.99529266519,0.030095036039166745,0.029543510558417196,0.022701162580629052,0.14085653125756303,0.053619031187168514,0.025865292974880744,2.5865292974880745e-05,0.0005096903217158148,0.20387612868632593,1.407752257372652,1.0,0.8155044913291931,0.8155045147453039,2.3416110828122783e-08,False,0.8214588165283203,0.7135100622580506,3.0016913414001465,72,0.030330232211521674,0.5645195775266205,-0.10268914619726796,0.02542540883379321,0.018955328368714858,-0.10118698248905797,0.5646455817456757,1.0311389371500623,1.0404774891800428,1.033478927516993,1.0743509047993705,1.0571817562968002,1.0083179297597042,1.0134695773339524
pretrained,53,21,116365.31073349371,0.0005194243427053546,-0.0002550329513467675,-0.0031638011412080686,0.14063736546860128,0.05889270704492636,0.26840624638966154,0.00026840624638966155,0.0005059487199676889,0.20237948798707556,1.4047589759741508,0.9999999999999998,0.8095178008079529,0.8095179519483016,1.5114034868091153e-07,False,0.8306846618652344,0.7215235296994799,3.0332791805267334,73,0.03223188194845403,0.5530211773834057,-0.0986300933041743,0.028754535796386843,-0.10374939468290126,0.020977949457509165,0.5673939434013195,0.9822836111014266,0.9783176430619793,0.9764445432283997,0.9483705602343465,0.963940759819704,0.9404216315307058,1.0171860678276812
pretrained,53,22,112505.52517535278,-0.03240012339969667,-0.0331695548597023,-0.03246067022825476,0.11115476467365937,0.05956138866625687,0.2868152830217565,0.00028681528302175653,0.0005086969584226608,0.20347878336906433,1.4069575667381287,1.0,0.8139151930809021,0.8139151334762573,5.960464477539063e-08,False,0.8188443183898926,0.7112391380291196,2.989555597305298,74,0.027710014954209328,0.5686876215040684,-0.10158352926373482,0.02071164920926094,0.02399180270731449,-0.10189525410532951,0.5623776949942112,0.953865200398201,0.9405989802128366,0.9695992992920063,0.9972972972972974,1.0277221108884433,0.9517543859649122,0.9894120297364272
pretrained,53,23,113508.79894615496,0.009449797282480521,0.008917551109054012,0.005225960544012094,0.11901102885039871,0.05260607265454507,0.021477640207324705,2.1477640207324706e-05,0.0005059250510696854,0.20237002042787416,1.4047400408557482,0.9999999999999999,0.8094800114631653,0.8094800817114964,7.024833115210072e-08,False,0.813767671585083,0.7068296186413184,2.9723446369171143,75,0.03459922463766166,0.5676611574100596,-0.10157610609063081,0.01710090280643531,0.01789019310048648,-0.10079391433724336,0.565118542473231,0.9753702827932057,0.9734845260871898,0.9817779805097796,0.9632210607820363,0.9691257718557038,0.9810547875064004,1.0403005464480872
pretrained,53,24,119461.98223509401,0.053004470924425284,0.05244688820787413,0.04103641366381256,0.1629136054079029,0.057323257873832335,0.022500137665442066,2.2500137665442066e-05,0.0005071561065103326,0.20286244260413305,1.4057248852082662,1.0,0.8114497661590576,0.8114497704165324,4.257474817137563e-09,False,0.8231641054153442,0.7149912573654215,3.006580114364624,76,0.03450881264039449,0.5717127951128143,-0.1023528841989381,0.018540182550038614,0.023364988554801264,-0.10050955840519496,0.5547356637460845,1.0891792688816473,1.1069920631695078,1.0876782985427245,0.965032154340836,1.0026827632461435,0.978079331941545,0.9929962792733641
pretrained,54,1,93703.60837917971,-0.061237358143778065,-0.06296391620820285,-0.06979974265213135,-0.06719476154366855,0.0520996221692561,1.3470921590924263,0.0013470921590924263,0.0004937861061521939,0.19751444246087757,1.3950288849217551,1.0,0.7900578379631042,0.7900577698435103,6.811959396557654e-08,False,0.9706084728240967,0.8430598076720952,3.905716896057129,54,0.06557539584381239,0.4617010402892317,-0.09898408768432482,0.15386374773723738,0.029821538499423428,-0.09853035477655275,0.4865527200911726,0.9298536593307981,0.8801916899722919,0.9556161965613983,0.9324324324324325,0.9551460361613352,0.8760099440646364,0.9872611464968152
pretrained,54,2,96650.44358847373,0.03226558836262172,0.031448470984910104,0.029600606384415105,-0.034656399775962576,0.058755107665817256,0.29971161271844593,0.00029971161271844594,0.0004921785396124636,0.1968714158449854,1.393742831689971,1.0,0.7874855399131775,0.7874856633799419,1.234667643679188e-07,False,0.9677632451057434,0.8405884742764171,3.833008050918579,55,0.049167498414005556,0.5056715490562576,-0.09936836787632533,0.05064570105501584,0.13467952928372792,-0.09750304796866008,0.45670713803597857,0.9869331771848514,0.9986076251350232,0.9760156672096543,1.0082345191040842,1.0462322533673099,0.9882937211777227,1.0513323983169707
pretrained,54,3,99751.47485008757,0.03287831830885035,0.032085018407340904,0.029129628937731716,-0.0024914433624758647,0.060706549515099864,0.26396985990660526,0.00026396985990660525,0.000504373021956001,0.20174920878240044,1.4034984175648009,0.9999999999999999,0.8069968223571777,0.8069968351296017,1.277242400732348e-08,False,0.9569340348243713,0.8311823417392775,3.6934964656829834,56,0.10694784511412891,0.571818469358342,-0.1077779323926994,0.05517159242715153,0.05785246406282696,-0.09397127638970104,0.4099588378199509,1.0357733081792009,1.0341142880338432,1.0231835256931106,0.9411956876837635,1.048016701461378,0.9239052404881549,1.0130736392742796
pretrained,54,4,94917.13827441064,-0.04775172455021415,-0.04846381051450377,-0.053933228668317124,-0.05355051593416693,0.05748312193252118,0.25201863901955734,0.00025201863901955733,0.000496055537036487,0.19842221481459482,1.3968444296291895,0.9999999999999999,0.7936888933181763,0.7936888592583791,3.4059797204832876e-08,False,0.8648670315742493,0.7512139587854839,3.169800043106079,57,0.04698626005223819,0.5565145095544202,-0.10271681791969708,0.034620326544557295,0.029394075806651793,-0.09570539689489774,0.5309070428567273,0.9120432847339066,0.8673832471904358,0.9509451683395475,0.9694550503297468,0.9555112881806108,0.8717948717948719,1.0287068738477745
pretrained,54,5,92622.31647670684,-0.023653547468520886,-0.02417710688947816,-0.02976421112266712,-0.07965341187669983,0.07322630360268438,0.04392127266951956,4.392127266951956e-05,0.0004924660388912473,0.19698641555649893,1.393972831112998,1.0,0.7879456281661987,0.7879456622259959,3.4059797204832876e-08,False,0.878252387046814,0.7628403308255806,3.2330689430236816,58,0.045037403170551576,0.5437738890094417,-0.10308744811585971,0.028936694775308885,0.04954828268715314,-0.09389896744063922,0.5296901459140437,1.0000531712757406,0.9794685529360748,1.000391488535496,0.999641962047977,1.0055594162612926,1.0401069518716577,0.9831029185867896
pretrained,54,6,87026.72375580383,-0.059596267985802975,-0.06041300772595348,-0.07220267289764502,-0.14907232726121067,0.05567515026268374,0.3712342141994408,0.0003712342141994408,0.0004976421913930348,0.19905687655721394,1.3981137531144276,0.9999999999999999,0.7962275743484497,0.7962275062288553,6.811959440966575e-08,False,0.8837999701499939,0.7676589002848021,3.283050537109375,59,0.07734369220478193,0.573714797518083,-0.10911325631397112,-0.08994362024324282,0.030169925785490437,0.02947094211620943,0.48835751893264906,0.9160800047452287,0.912869623396696,0.9328680427305247,1.0992120343839542,1.0241879751209397,1.1696658097686377,0.9851562499999998
pretrained,54,7,94237.10072800264,0.08425408074678509,0.08285244647875123,0.08333624935643665,-0.0611531894283428,0.09165776952862455,0.8024217784404755,0.0008024217784404755,0.0004911320417055062,0.1964528166822025,1.3929056333644048,0.9999999999999999,0.785811185836792,0.7858112667288095,8.089201752881081e-08,False,0.9968496561050415,0.8658526098671476,4.006716251373291,60,0.2812452811215605,0.5754198926900114,-0.10095899818199022,-0.09549381850021227,0.03524179118020193,0.2118490237210478,0.09269682796938078,1.0911163764566931,1.1234912300099247,1.0672516751244587,0.9214727924405344,0.9787449392712549,0.9501831501831501,0.9801744647105474
pretrained,54,8,92414.88546362099,-0.017738672548106238,-0.019336495396236053,-0.02460253539489079,-0.08207676175030132,0.07357926145864546,1.1348786114581992,0.0011348786114581994,0.0004931238213820117,0.1972495285528047,1.394499057105609,0.9999999999999998,0.7889980673789978,0.7889981142112181,4.6832220323977936e-08,False,0.8490704894065857,0.7374932565923473,3.097407102584839,61,0.039138382034642344,0.5643621587327547,-0.10566816691841399,0.029361441465360766,0.029106672587139254,-0.0915813616343907,0.5352808737329073,0.9575598807831897,0.9536357930098714,0.9593638617140574,0.9904526166902407,1.019303688383316,0.9602929838087895,1.0035059331175835
pretrained,54,9,88271.05006992165,-0.04428655062866327,-0.044839479840404706,-0.05362711611876918,-0.13287425402538622,0.05659247687368553,0.07783466683966753,7.783466683966752e-05,0.0005008840095251798,0.20035360381007195,1.400707207620144,1.0,0.8014143109321594,0.8014144152402878,1.043081283569336e-07,False,0.8567617535591125,0.7441738037529527,3.1756319999694824,62,0.07691566087305546,0.5634709466248751,-0.10452811233699322,0.017846448346972466,0.019034788012504578,-0.09582549147307873,0.5230857599526644,0.906604323640961,0.8950099292047539,0.9116191074982402,0.9460906818993214,1.0010145417653027,0.8916097952629467,1.0064498790647676
pretrained,54,10,89518.76788956899,0.014688360987458848,0.014135073941671683,0.012683596666321788,-0.11708418645083163,0.06212941816465601,0.04545717952506878,4.545717952506878e-05,0.0004999693469809634,0.1999877387923854,1.3999754775847708,0.9999999999999999,0.799950897693634,0.7999509551695416,5.747590758886645e-08,False,0.8726105690002441,0.7579399099345256,3.267897605895996,63,0.09243053969527992,0.5423335361161402,-0.10428421917770592,0.016255269093172875,0.023384418604629365,-0.09570351961467949,0.5255839752831629,1.0798634244603893,1.039007305019145,1.1395080340749941,0.8803773584905662,0.9280405405405406,0.9914452949122017,1.0066755674232308
pretrained,54,11,93848.76434561933,0.04911798797222855,0.048369705684419895,0.049092529964592575,-0.06554413046641039,0.04895052039657331,0.2115146459213325,0.00021151464592133253,0.000501988772302866,0.2007955089211464,1.4015910178422928,1.0,0.8031820058822632,0.8031820356845856,2.9802322387695312e-08,False,0.9112650156021118,0.7915147356549558,3.4543721675872803,64,0.03304686024785042,0.5512892603874207,-0.10280404984951019,0.03172809258103371,0.10323302447795868,-0.0979914590716362,0.48149827122688293,1.0537528861202778,1.0436698440150798,1.056726336776278,1.1337333904843547,1.097196942118675,1.0286103542234333,1.0366047745358091
pretrained,54,12,91958.34292596747,-0.01885071491208623,-0.020143274478180095,-0.024926890604157904,-0.087448912389674,0.06044217361788577,0.8057221834148679,0.000805722183414868,0.0005125397151069983,0.2050158860427993,1.4100317720855986,0.9999999999999999,0.8200634717941284,0.8200635441711972,7.23770687827141e-08,False,0.9975423216819763,0.8664542515428818,4.001606464385986,65,0.05723457251276287,0.3557448035904339,-0.1009322756103107,0.09437309418405804,-0.1040836104324886,0.13235586349453243,0.5653075522610119,0.9410285276370367,0.912668726840604,0.9582963540708176,1.0015122873345936,0.9499004644990046,1.0061810154525386,1.00921187308086
pretrained,54,13,97706.30739547787,0.06392407940668265,0.06250617710823558,0.06111218798792913,-0.023475379079040737,0.057226906454082724,0.8190390637942723,0.0008190390637942723,0.0005145598202943802,0.20582392811775208,1.4116478562355042,1.0,0.8232957124710083,0.8232957124710083,0.0,False,0.9265128374099731,0.8047588253993523,3.5125632286071777,66,0.07019395381212234,0.5770475268363953,-0.11104581505060196,0.03846507519483566,0.07117381691932678,-0.09477811306715012,0.448943555355072,1.0617528584451108,1.1068239035899863,1.0283217793331279,1.064175160437901,0.9811386657352429,1.100043878894252,1.0210446247464502
pretrained,54,14,95867.87840878396,-0.0178066660508992,-0.018815868040664374,-0.023440043204425533,-0.043102253432547366,0.07626337701837808,0.5157561600208282,0.0005157561600208282,0.000512270387262106,0.20490815490484238,1.4098163098096848,1.0,0.8196327090263367,0.8196326196193695,8.940696716308594e-08,False,0.9343750476837158,0.8115878544742513,3.5869224071502686,67,0.04627501219511032,0.5081245452165604,-0.1116509735584259,0.07031507790088654,-0.09325718134641647,0.06719796359539032,0.5129955559968948,0.9738875049333385,0.9888637987703586,0.9580667059670183,0.9741042923022349,1.0316838732645068,0.9409652971679298,0.9865905140302956
pretrained,54,15,102847.41984299014,0.07382537182644189,0.07280375397946304,0.06785289688204224,0.027685865599128334,0.05870444299266913,0.43740298226475716,0.00043740298226475715,0.0005144316051155329,0.20577264204621315,1.4115452840924263,1.0,0.8230905532836914,0.8230905681848526,1.4901161193847656e-08,False,0.8410630226135254,0.7305380593078481,3.097018003463745,68,0.05224738456308842,0.5568228904157877,-0.10341173224151134,0.021172460168600082,0.020062604919075966,-0.1023609098047018,0.555467301979661,1.0350516236175364,1.0668988139445743,1.0189072752337456,0.971959213401311,0.9986197377501727,0.9864349300551081,1.0646866347847974
pretrained,54,16,103358.21049584394,0.00554456770690126,0.004966489714895994,0.0017142832358977584,0.03249098915058113,0.06181680631110072,0.055696433143956336,5.569643314395634e-05,0.0005193593525992974,0.20774374103971893,1.4154874820794379,0.9999999999999999,0.8309749960899353,0.8309749641588757,3.193105957421949e-08,False,0.8572219610214233,0.7445735348757773,3.158803939819336,69,0.04008945849324974,0.5617334882595709,-0.10467607873891083,0.034377165404813614,0.02979551841105732,-0.1030676623008081,0.5417481104710272,1.0146423361916632,1.0003827389871474,1.0247643242463869,1.0041213937804423,1.0570145127850723,0.969058874086807,1.0042553191489363
pretrained,54,17,108313.96815341452,0.04854205627080277,0.0479474018928554,0.041499904009653116,0.07675804233890426,0.05534298357340037,0.04989404550620488,4.9894045506204884e-05,0.0005173917966229576,0.20695671864918302,1.4139134372983657,0.9999999999999998,0.8278267979621887,0.8278268745967314,7.663454271167325e-08,False,0.8299026489257812,0.720844281890717,3.0489187240600586,70,0.04230030413184846,0.5602590904704161,-0.10407625724162375,0.02292331095252717,0.017776747899396067,-0.10288046140755927,0.563697265194995,1.0024823479186857,1.0579639578806326,0.9651039618260693,0.9328358208955223,0.9767898005884277,0.945011086474501,1.0153013182674198
pretrained,54,18,111783.34527525316,0.032590693982560204,0.03203074525830929,0.025764180720601146,0.10541235142174421,0.05780256724477601,0.025850572756358547,2.5850572756358548e-05,0.000516572098380753,0.2066288393523012,1.4132576787046023,0.9999999999999999,0.8265153765678406,0.8265153574092046,1.915863601098522e-08,False,0.8326820731163025,0.7232584590683405,3.055260181427002,71,0.03904361889830657,0.565803709040795,-0.10275360702403954,0.02144940809479781,0.023834765489612303,-0.10387523232826165,0.5564973378287894,1.0647274634440285,1.0659156475343874,1.0455609523922245,1.0168,0.9832663989290497,1.0154856874706712,0.9983769997681431
pretrained,54,19,115089.84533241566,0.030135018356660215,0.029579541111608654,0.022586657105506985,0.1311136120552725,0.06229207056042606,0.028492892427103872,2.8492892427103873e-05,0.0005108801541583879,0.20435206166335518,1.4087041233267104,0.9999999999999999,0.8174082636833191,0.8174082466534207,1.7029898380371833e-08,False,0.8238964676856995,0.7156273791509603,3.012723684310913,72,0.031804068280117836,0.5637431203254631,-0.10276467512760845,0.02602984410311493,0.018899526713149872,-0.10158738653574673,0.5638755022415093,1.0311389371500623,1.0404774891800428,1.033478927516993,1.0743509047993705,1.0571817562968002,1.0083179297597042,1.0134695773339524
pretrained,54,20,115056.29990480641,0.0004872249034792997,-0.0002914716542746776,-0.0032682549595757604,0.1308602824640065,0.0602985073661951,0.2719634201909815,0.0002719634201909815,0.0005066569681678499,0.20266278726714,1.4053255745342799,0.9999999999999999,0.8106511235237122,0.8106511490685597,2.554484757055775e-08,False,0.8338563442230225,0.7242784179921544,3.047264575958252,73,0.033854529793773375,0.5509091546492917,-0.09841456956097058,0.029824870239411078,-0.1042482177061694,0.021001132737312994,0.5670730998473508,0.9822836111014266,0.9783176430619793,0.9764445432283997,0.9483705602343465,0.963940759819704,0.9404216315307058,1.0171860678276812
pretrained,54,21,111237.34184349225,-0.032419150336362446,-0.03319208130692397,-0.032449722930210916,0.1010213086474403,0.052214982272894436,0.29167173856071066,0.00029167173856071066,0.0005074758002800601,0.20299032011202406,1.4059806402240478,0.9999999999999998,0.8119611740112305,0.8119612804480956,1.0643686509936856e-07,False,0.8200570940971375,0.7122925416240051,2.992877721786499,74,0.028503846111042147,0.5683551260403223,-0.10126578275646483,0.02070448707256997,0.024141680183155184,-0.10172453735555922,0.5612851807049342,0.953865200398201,0.9405989802128366,0.9695992992920063,0.9972972972972974,1.0277221108884433,0.9517543859649122,0.9894120297364272
pretrained,54,22,112223.32361127593,0.009396371262061942,0.008863765992996653,0.004904601910535581,0.10891963647071812,0.05987451825484474,0.022473423076527443,2.2473423076527445e-05,0.0005053131308938775,0.20212525235755102,1.4042505047151022,1.0,0.8085010051727295,0.8085010094302043,4.257474817137563e-09,False,0.8147202134132385,0.7076569859608185,2.9758760929107666,75,0.03576309925743512,0.567430495683636,-0.10143970751336642,0.01693373492785863,0.01777427590319089,-0.1006855448441846,0.5642236465854304,0.9753702827932057,0.9734845260871898,0.9817779805097796,0.9632210607820363,0.9691257718557038,0.9810547875064004,1.0403005464480872
pretrained,54,23,118125.47057129492,0.053151919889366184,0.052592872587369666,0.04160679153845372,0.15344252584674567,0.05832195675147661,0.02461541231189454,2.461541231189454e-05,0.0005063580628484487,0.2025432251393795,1.405086450278759,1.0,0.8101727962493896,0.810172900557518,1.043081283569336e-07,False,0.8250764608383179,0.7166523081806919,3.0133721828460693,76,0.03576496057212353,0.5718431379646063,-0.10221408493816853,0.018592506647109985,0.023652302101254463,-0.10032914020121098,0.5526903178542852,1.0891792688816473,1.1069920631695078,1.0876782985427245,0.965032154340836,1.0026827632461435,0.978079331941545,0.9929962792733641
pretrained,54,24,122270.13289362322,0.035651177517287636,0.03508694866808404,0.025554434545914426,0.18213878047387544,0.06283640162430686,0.035852098039218405,3.585209803921841e-05,0.0005091022407369955,0.2036408962947982,1.4072817925895964,0.9999999999999999,0.8145635724067688,0.8145635851791928,1.277242400732348e-08,False,0.8105047941207886,0.7039955192855794,2.95963978767395,77,0.025930136708276597,0.5687057955988816,-0.10274015526686398,0.02043369811560425,0.019796090466635552,-0.10090074102793423,0.5687751754054001,1.0442292370169115,1.0551892045973597,1.0483617643675298,0.9808413161182841,0.9802675585284282,0.9829242262540022,1.0125633678642274
pretrained,55,1,103036.43861302141,0.03221619862677616,0.030364386130214083,0.026434379102927202,0.02946956100089504,0.06070363795935671,1.3064865874392646,0.0013064865874392647,0.0004891407037419933,0.1956562814967973,1.3913125629935945,0.9999999999999999,0.7826250195503235,0.782625125987189,1.0643686554345777e-07,False,1.0017218589782715,0.8700845515122615,4.157235145568848,55,0.052888558911425715,0.48720153208289824,-0.09831180636371886,0.060953000294310694,0.1836561911872455,-0.09734447513307845,0.41095699902091704,0.9869331771848514,0.9986076251350232,0.9760156672096543,1.0082345191040842,1.0462322533673099,0.9882937211777227,1.0513323983169707
pretrained,55,2,106339.00229847008,0.0329171972578326,0.03205238583461001,0.026736847276778206,0.05961126361405866,0.06809710672770831,0.3340364524296352,0.0003340364524296352,0.0005035656903471266,0.20142627613885064,1.4028525522777013,1.0,0.8057050108909607,0.8057051045554027,9.36644419802235e-08,False,0.9898490905761719,0.8597719959083672,3.915727376937866,56,0.12423924676009587,0.5713196875793594,-0.1077634958284242,0.06882068834134511,0.0768918874008315,-0.09366278031042644,0.36015476605721886,1.0357733081792009,1.0341142880338432,1.0231835256931106,0.9411956876837635,1.048016701461378,0.9239052404881549,1.0130736392742796
pretrained,55,3,101089.69615661031,-0.04858281137468523,-0.049363883696464717,-0.051631477947042745,0.010779497792951509,0.055994242518711816,0.32659321384770534,0.00032659321384770535,0.0004947006622595447,0.19788026490381788,1.3957605298076354,0.9999999999999998,0.791520893573761,0.7915210596152709,1.6604150987475919e-07,False,0.8810040950775146,0.765230434052665,3.244213819503784,57,0.05081417571221078,0.5541129575244017,-0.10243758399571692,0.04053587253604615,0.034291797982794886,-0.09544268090810096,0.5181254611483641,0.9120432847339066,0.8673832471904358,0.9509451683395475,0.9694550503297468,0.9555112881806108,0.8717948717948719,1.0287068738477745
pretrained,55,4,98675.2859909954,-0.023349842828256695,-0.023883840365633957,-0.027489485400171917,-0.013424982716802036,0.0657000978083674,0.05475498842341539,5.475498842341539e-05,0.000492158941924572,0.1968635767698288,1.3937271535396576,1.0,0.78745436668396,0.7874543070793152,5.960464477539063e-08,False,0.8920295834541321,0.7748070515771718,3.305539131164551,58,0.04638051986694336,0.5420923940837383,-0.10303183272480965,0.030993305146694183,0.0600583553314209,-0.09383174404501915,0.517339002341032,1.0000531712757406,0.9794685529360748,1.000391488535496,0.999641962047977,1.0055594162612926,1.0401069518716577,0.9831029185867896
pretrained,55,5,92719.8719629932,-0.05951466047200116,-0.06035365358399525,-0.06816199205305672,-0.07851745136050736,0.06139046818702773,0.39523670183760784,0.00039523670183760787,0.0004972467065921852,0.19889868263687407,1.397797365273748,1.0,0.7955946922302246,0.7955947305474962,3.831727157788123e-08,False,0.8964529633522034,0.77864915053936,3.3503165245056152,59,0.08569837255137305,0.574967554637364,-0.11017453776938574,-0.08872414486748834,0.034347164311579276,0.03159359363572936,0.47229199750082834,0.9160800047452287,0.912869623396696,0.9328680427305247,1.0992120343839542,1.0241879751209397,1.1696658097686377,0.9851562499999998
pretrained,55,6,100458.5706405982,0.08486383861244873,0.08346321574617477,0.07839158182010143,0.004564773694011537,0.09381286468834922,0.8005300089716911,0.0008005300089716912,0.0004913627968302796,0.19654511873211183,1.3930902374642236,0.9999999999999999,0.7861804962158203,0.7861804749284471,2.1287373197509396e-08,False,0.9914935827255249,0.8612003836403617,3.9785308837890625,60,0.2902115013982568,0.5739235308553492,-0.1010373431657042,-0.09550777556640763,0.035219943949154425,0.21733549503343444,0.07985464749591689,1.0911163764566931,1.1234912300099247,1.0672516751244587,0.9214727924405344,0.9787449392712549,0.9501831501831501,0.9801744647105474
pretrained,55,7,98513.34348782049,-0.017745108166015378,-0.01936347631041846,-0.023541194289875843,-0.015090915195293597,0.07771010801141419,1.154360412486962,0.001154360412486962,0.0004946034561310496,0.19784138245241983,1.3956827649048396,0.9999999999999999,0.7913654446601868,0.7913655298096791,8.514949234594837e-08,False,0.8569526076316833,0.7443395774940852,3.133460760116577,61,0.040899679596934996,0.5636115563767297,-0.10627165756055287,0.03178818577102252,0.031803068305764876,-0.09156972489186696,0.5297388924019677,0.9575598807831897,0.9536357930098714,0.9593638617140574,0.9904526166902407,1.019303688383316,0.9602929838087895,1.0035059331175835
pretrained,55,8,94041.11067023763,-0.044835458497495706,-0.045397229037666076,-0.05130079594824318,-0.06336472726973286,0.06053967747607849,0.08620237771953862,8.620237771953862e-05,0.0005021107143589428,0.20084428574357716,1.401688571487154,0.9999999999999998,0.8033770322799683,0.8033771429743082,1.1069433991650612e-07,False,0.863039493560791,0.7496265794360573,3.209874153137207,62,0.08252408834440367,0.5635021227811063,-0.10479487744825228,0.018371212429233952,0.01991695458335535,-0.09604940829532488,0.5165299076054777,0.906604323640961,0.8950099292047539,0.9116191074982402,0.9460906818993214,1.0010145417653027,0.8916097952629467,1.0064498790647676
pretrained,55,9,95378.63865882157,0.014778237283703755,0.014222800847961903,0.011697495951641124,-0.04845279201047825,0.06428878615226963,0.04671596150313104,4.6715961503131036e-05,0.000500781490866627,0.20031259634665083,1.4006251926933013,0.9999999999999998,0.8012502193450928,0.8012503853866026,1.6604150987475919e-07,False,0.8774607181549072,0.7621526959630814,3.29567813873291,63,0.09615285481725419,0.5419926473072596,-0.10448610250438964,0.01652270715151513,0.024819018053156977,-0.09582649384226119,0.5208253690174647,1.0798634244603893,1.039007305019145,1.1395080340749941,0.8803773584905662,0.9280405405405406,0.9914452949122017,1.0066755674232308
pretrained,55,10,100053.21394020741,0.04977592808835696,0.049010715052321574,0.04635613358101228,0.000531856380337814,0.052570296196075735,0.22684595521007273,0.00022684595521007273,0.0005023497183408056,0.20093988733632223,1.4018797746726446,1.0,0.8037595748901367,0.8037595493452891,2.554484757055775e-08,False,0.9184086322784424,0.7977196022616806,3.5045948028564453,64,0.03313594258257321,0.5498958299202579,-0.10291270964912005,0.032889183078493395,0.11239894426294736,-0.09802717768720218,0.4726199874920504,1.0537528861202778,1.0436698440150798,1.056726336776278,1.1337333904843547,1.097196942118675,1.0286103542234333,1.0366047745358091
pretrained,55,11,98162.16540062545,-0.01756089018702578,-0.01890042773350653,-0.02232566571161505,-0.018722433351728407,0.06142751959097658,0.8519686013460159,0.000851968601346016,0.0005124432806457791,0.20497731225831167,1.4099546245166235,1.0,0.8199092745780945,0.8199092490332469,2.554484757055775e-08,False,1.0054616928100586,0.873332929905022,4.066122055053711,65,0.058832276080335894,0.3404451081795352,-0.10084267758897372,0.10146519488521985,-0.10413463466933795,0.1396730611366885,0.5645616719765323,0.9410285276370367,0.912668726840604,0.9582963540708176,1.0015122873345936,0.9499004644990046,1.0061810154525386,1.00921187308086
pretrained,55,12,104290.8761408875,0.0638978735663358,0.06243455118628627,0.05656194468797405,0.041143351169961595,0.06607679667431905,0.8612873447792871,0.0008612873447792871,0.0005150944420269557,0.2060377768107823,1.4120755536215646,1.0,0.8241511583328247,0.8241511072431291,5.108969558520471e-08,False,0.9333340525627136,0.8106836576007723,3.5540525913238525,66,0.07251892132418494,0.5771939222301756,-0.11126623409135,0.039930528828075934,0.07607357842581611,-0.0947715427194323,0.4403208260025297,1.0617528584451108,1.1068239035899863,1.0283217793331279,1.064175160437901,0.9811386657352429,1.100043878894252,1.0210446247464502
pretrained,55,13,102316.4113624718,-0.017904428267700223,-0.01893228680664616,-0.021915611982273292,0.022639685380144492,0.06823892384912378,0.5351226265941349,0.0005351226265941349,0.0005120227033538479,0.20480908134153916,1.4096181626830782,0.9999999999999998,0.8192362189292908,0.8192363253661563,1.0643686554345777e-07,False,0.9387251138687134,0.815366273954368,3.617297887802124,67,0.046991785722119456,0.5047761702111788,-0.11193321858133592,0.07345291759286607,-0.09287586276020324,0.06866888489042008,0.5109193229249545,0.9738875049333385,0.9888637987703586,0.9580667059670183,0.9741042923022349,1.0316838732645068,0.9409652971679298,0.9865905140302956
pretrained,55,14,109761.85018456378,0.0738003523452444,0.07276876429642698,0.06337560713568871,0.08893664026389214,0.05842695496117877,0.4463915228843689,0.0004463915228843689,0.0005147591060293573,0.20590364241174292,1.4118072848234855,0.9999999999999998,0.8236144781112671,0.823614569646971,9.15357039055209e-08,False,0.8416829109191895,0.7310764874489406,3.0998947620391846,68,0.05239624130938733,0.5565932837447949,-0.10346233871366298,0.021367344739181643,0.020223604249102717,-0.10244130369807994,0.5553231683692761,1.0350516236175364,1.0668988139445743,1.0189072752337456,0.971959213401311,0.9986197377501727,0.9864349300551081,1.0646866347847974
pretrained,55,15,110309.21751903894,0.005566318988543317,0.004986863227567362,0.0011115806348092365,0.0934574440006305,0.06818446203858236,0.05663484228508814,5.663484228508814e-05,0.0005197794322988817,0.2079117729195527,1.4158235458391055,1.0,0.8316469192504883,0.831647091678211,1.7242772276659935e-07,False,0.8583359122276306,0.7455411005997078,3.1642277240753174,69,0.04023399283843379,0.5614945747490441,-0.10474784592432637,0.0348803222711597,0.030126756855419684,-0.10316392699522633,0.5411761262054955,1.0146423361916632,1.0003827389871474,1.0247643242463869,1.0041213937804423,1.0570145127850723,0.969058874086807,1.0042553191489363
pretrained,55,16,115595.9266694003,0.048522577696409996,0.0479262682599384,0.03896465878704306,0.134917614476192,0.0499102337703687,0.05130584644419808,5.130584644419808e-05,0.0005175699014216661,0.20702796056866646,1.414055921137333,1.0,0.8281118273735046,0.8281118422746658,1.4901161193847656e-08,False,0.8303382396697998,0.7212226312037078,3.0509471893310547,70,0.042544951662421227,0.5600141305476427,-0.10409593395888805,0.0230444073677063,0.017790192738175392,-0.1029320266097784,0.5636342782527208,1.0024823479186857,1.0579639578806326,0.9651039618260693,0.9328358208955223,0.9767898005884277,0.945011086474501,1.0153013182674198
pretrained,55,17,119297.6204959975,0.03258314885497948,0.03202270125991458,0.02381324641954492,0.16176031353990794,0.06058905288342055,0.026050820414509096,2.6050820414509098e-05,0.0005168592065040554,0.20674368260162218,1.4134873652032443,0.9999999999999999,0.826974630355835,0.8269747304064885,1.0005065353979603e-07,False,0.8327114582061768,0.7232839826331058,3.055701971054077,71,0.0390561395989997,0.5657200054930789,-0.10280616714486054,0.021481933604393683,0.023819961185966215,-0.10393751545676164,0.5566656427191836,1.0647274634440285,1.0659156475343874,1.0455609523922245,1.0168,0.9832663989290497,1.0154856874706712,0.9983769997681431
pretrained,55,18,122826.37439454046,0.030134981017478024,0.029579415615094806,0.021081048935047513,0.18584261325843598,0.06002501566961059,0.028453783265181942,2.8453783265181942e-05,0.0005110049074781793,0.20440196299127172,1.4088039259825431,0.9999999999999998,0.8176078200340271,0.8176078519650862,3.193105913013028e-08,False,0.823947548866272,0.7156717477006638,3.013066530227661,72,0.03181792396519864,0.5636620481631585,-0.10278139662529742,0.02607124644730771,0.018889242517096644,-0.1016205663659743,0.56396150189851,1.0311389371500623,1.0404774891800428,1.033478927516993,1.0743509047993705,1.0571817562968002,1.0083179297597042,1.0134695773339524
pretrained,55,19,122790.86749911401,0.0004902870414555949,-0.000289082011917019,-0.0030809814118700676,0.18560718694554756,0.056911101979632936,0.27232224121689796,0.000272322241216898,0.0005069684529943126,0.20278738119772505,1.4055747623954498,0.9999999999999998,0.8111493587493896,0.8111495247908995,1.6604150987475919e-07,False,0.8340392112731934,0.7244372542937767,3.048361301422119,73,0.03390033330236161,0.550738079207284,-0.09843947206224715,0.02991912673626626,-0.1043479091354779,0.021024906741721278,0.5672049352100916,0.9822836111014266,0.9783176430619793,0.9764445432283997,0.9483705602343465,0.963940759819704,0.9404216315307058,1.0171860678276812
pretrained,55,20,118715.38597917384,-0.03241701467349656,-0.03319042859575516,-0.030722190849015642,0.1576492029639449,0.05528413734825982,0.2919442674943379,0.0002919442674943379,0.0005077010379838093,0.2030804151935237,1.4061608303870474,0.9999999999999999,0.812321662902832,0.8123216607740948,2.1287371865241766e-09,False,0.8199860453605652,0.7122308294755261,2.99287486076355,74,0.028530625892536965,0.5682918990829161,-0.10130146491740433,0.02070142355348381,0.024070404736059037,-0.10177895027611938,0.5614860619285277,0.953865200398201,0.9405989802128366,0.9695992992920063,0.9972972972972974,1.0277221108884433,0.9517543859649122,0.9894120297364272
pretrained,55,21,119768.67709663903,0.0094052535564777,0.008872406123078047,0.00437255254971119,0.16505715497456874,0.060707989218252816,0.022515518856900063,2.2515518856900062e-05,0.0005055064242333174,0.20220256969332695,1.404405139386654,1.0,0.8088102340698242,0.8088102787733078,4.470348358154297e-08,False,0.814761757850647,0.7076930710006589,2.976321220397949,75,0.035868579521775246,0.5673188511282206,-0.10147101990878582,0.016923677176237106,0.017732994630932808,-0.10073154978454113,0.5643584672361612,0.9753702827932057,0.9734845260871898,0.9817779805097796,0.9632210607820363,0.9691257718557038,0.9810547875064004,1.0403005464480872
pretrained,55,22,126066.81683404431,0.05314488577512555,0.05258586710716884,0.03895152072907541,0.2067698502164843,0.05522349025680317,0.024356772857052927,2.4356772857052927e-05,0.0005065930461777109,0.20263721847108435,1.4052744369421684,0.9999999999999998,0.8105489611625671,0.8105488738843367,8.727823042065097e-08,False,0.8249387741088867,0.7165327150070454,3.013200283050537,76,0.035850811483604555,0.571733724059803,-0.10225306850458896,0.0185468771627971,0.023525908323270922,-0.10038414996649539,0.5529798974416085,1.0891792688816473,1.1069920631695078,1.0876782985427245,0.965032154340836,1.0026827632461435,0.978079331941545,0.9929962792733641
pretrained,55,23,130490.14997088833,0.03565133036210377,0.03508721206681176,0.023814056652151784,0.2336586323005263,0.061494508637804236,0.03557050440992629,3.557050440992629e-05,0.0005092769475387676,0.20371077901550705,1.407421558031014,0.9999999999999999,0.8148431181907654,0.8148431160620282,2.1287371865241766e-09,False,0.810590922832489,0.7040703297340293,2.9601573944091797,77,0.026014482868569222,0.5686120430805853,-0.1027554904243776,0.02044505466307911,0.019772226256983605,-0.10095528859112946,0.5688669721462897,1.0442292370169115,1.0551892045973597,1.0483617643675298,0.9808413161182841,0.9802675585284282,0.9829242262540022,1.0125633678642274
pretrained,55,24,133288.87301779183,0.021970511609367804,0.021447772475760685,0.013399937005467672,0.24974982730440176,0.05382515996815572,0.004807441894497361,4.8074418944973604e-06,0.0005068246102226632,0.2027298440890653,1.4054596881781303,0.9999999999999998,0.810919463634491,0.8109193763562605,8.727823042065097e-08,False,0.8116220235824585,0.7049659324660253,2.9609012603759766,78,0.02524034652326787,0.5679231357893773,-0.1022188144602946,0.021671574296695834,0.019968492644173746,-0.1005110296287707,0.5679262948355503,1.0158957024486046,1.010169583320357,1.0122251879699948,0.9732484076433121,1.0010235414534288,0.8322475570032573,1.0013060513713536
pretrained,56,1,103069.2346897236,0.03279874223888313,0.03069234689723599,0.027046302754346135,0.029778378572065,0.05464151635437731,1.5381200356142861,0.001538120035614286,0.0005034648148076875,0.20138592592307503,1.40277185184615,0.9999999999999999,0.8055436611175537,0.8055437036923001,4.257474639501879e-08,False,0.8985128998756409,0.7804383886697598,3.3461222648620605,56,0.07045527015413555,0.5698590225407055,-0.10565633113895145,0.03738430355276379,0.03877204869474682,-0.09572959478412357,0.48491528098072323,1.0357733081792009,1.0341142880338432,1.0231835256931106,0.9411956876837635,1.048016701461378,0.9239052404881549,1.0130736392742796
pretrained,56,2,98236.62772055481,-0.046282533470289655,-0.04688699769350879,-0.050225371378185696,-0.017950252572404013,0.04993480467433371,0.13506485308919633,0.00013506485308919632,0.0004989340821547169,0.19957363286188673,1.3991472657237731,0.9999999999999998,0.7982944846153259,0.7982945314475463,4.6832220323977936e-08,False,0.8426612615585327,0.7319262720170071,3.074979305267334,57,0.03936005915914262,0.559098833905799,-0.10201468904103553,0.027688987287027483,0.024619687082512026,-0.0975589438208512,0.5488060654274054,0.9120432847339066,0.8673832471904358,0.9509451683395475,0.9694550503297468,0.9555112881806108,0.8717948717948719,1.0287068738477745
pretrained,56,3,95824.82327818031,-0.02403520056879971,-0.024550969412703738,-0.02887900741698214,-0.04357093056878503,0.06516658841202254,0.03773578203150199,3.773578203150199e-05,0.0004908746520855598,0.1963498608342239,1.3926997216684476,0.9999999999999998,0.785399317741394,0.7853994433368952,1.2559550111035378e-07,False,0.8586030602455139,0.745773142419744,3.1360924243927,58,0.040155558979937,0.5435900531177009,-0.10174674620585783,0.025535569659301205,0.03946830624980585,-0.09460311462836607,0.5476003728274788,1.0000531712757406,0.9794685529360748,1.000391488535496,0.999641962047977,1.0055594162612926,1.0401069518716577,0.9831029185867896
pretrained,56,4,90031.96618959155,-0.05967129622641065,-0.06045257262590553,-0.0700421691957095,-0.11071660691512086,0.05792985698747337,0.3326275763767106,0.00033262757637671057,0.0004985723431621279,0.19942893726485117,1.3988578745297022,0.9999999999999999,0.7977157235145569,0.7977157490594045,2.554484757055775e-08,False,0.8572188019752502,0.7445707909631352,3.150223970413208,59,0.058939975287233076,0.5717957025127751,-0.10696572012134961,-0.09246321714350156,0.024818758081112585,0.02472060785761901,0.5191538935261113,0.9160800047452287,0.912869623396696,0.9328680427305247,1.0992120343839542,1.0241879751209397,1.1696658097686377,0.9851562499999998
pretrained,56,5,97399.77940677172,0.0832200308768587,0.08183552496970736,0.07908798884121611,-0.02669637045448492,0.09864495238839681,0.7897569175277437,0.0007897569175277437,0.0004891997283058508,0.19567989132234032,1.3913597826446806,0.9999999999999999,0.7827195525169373,0.7827195652893613,1.277242400732348e-08,False,1.0073051452636719,0.8749341323615325,4.060604572296143,60,0.2617899759539536,0.578575609517949,-0.10015508692179409,-0.09552480440054623,0.03618817989315304,0.19178910393800053,0.1273370220192841,1.0911163764566931,1.1234912300099247,1.0672516751244587,0.9214727924405344,0.9787449392712549,0.9501831501831501,0.9801744647105474
pretrained,56,6,95538.05610662996,-0.017570690326654925,-0.01911424555046093,-0.02376061226405492,-0.046703314628780745,0.07507336179518188,1.080297660614763,0.001080297660614763,0.0004920995262052331,0.19683981048209326,1.3936796209641866,1.0,0.7873591780662537,0.7873592419283733,6.386211959252819e-08,False,0.8333127498626709,0.7238062579299656,3.029061794281006,61,0.03353039494582585,0.565805550132479,-0.10357087531260081,0.0248986551804202,0.02554281747766904,-0.09326893516949245,0.5470623927456992,0.9575598807831897,0.9536357930098714,0.9593638617140574,0.9904526166902407,1.019303688383316,0.9602929838087895,1.0035059331175835
pretrained,56,7,91404.63762169314,-0.04273434697037204,-0.043264628289312435,-0.050372416401087694,-0.09403639248460749,0.06078677090521896,0.05502787658146463,5.502787658146463e-05,0.0004990798022065844,0.19963192088263376,1.3992638417652674,0.9999999999999999,0.7985276579856873,0.7985276835305348,2.554484757055775e-08,False,0.8397909998893738,0.7294331944079389,3.086280107498169,62,0.060692295964275084,0.5641940762954099,-0.10321883804031781,0.016813444505844793,0.01769402862659522,-0.09641308284231595,0.5402380754905087,0.906604323640961,0.8950099292047539,0.9116191074982402,0.9460906818993214,1.0010145417653027,0.8916097952629467,1.0064498790647676
pretrained,56,8,92638.11253434153,0.01404508952587058,0.013494664436541237,0.011422362468669992,-0.07946931629170839,0.06289427448458212,0.045459367867027034,4.5459367867027035e-05,0.0004974893972809826,0.19899575891239302,1.3979915178247861,1.0,0.7959830164909363,0.7959830356495723,1.915863601098522e-08,False,0.8581901788711548,0.7454145182146145,3.1823103427886963,63,0.0781163586569684,0.5424566207719701,-0.10307821498385497,0.015821216095771112,0.0210686954004424,-0.09591754392853805,0.5415328679872411,1.0798634244603893,1.039007305019145,1.1395080340749941,0.8803773584905662,0.9280405405405406,0.9914452949122017,1.0066755674232308
pretrained,56,9,96966.49943199924,0.04742775622506423,0.046723608450605525,0.04576188547326974,-0.031284006185333,0.04846849266211307,0.1693590384508882,0.0001693590384508882,0.0005031308425324305,0.20125233701297218,1.4025046740259444,0.9999999999999999,0.8050094246864319,0.8050093480518887,7.663454315576246e-08,False,0.8881356120109558,0.7714247909562512,3.318643093109131,64,0.02979222152914318,0.5529222025402954,-0.1024295778146812,0.026930896831410256,0.08352431495274815,-0.09882275919829098,0.508082701159375,1.0537528861202778,1.0436698440150798,1.056726336776278,1.1337333904843547,1.097196942118675,1.0286103542234333,1.0366047745358091
pretrained,56,10,94717.30470534669,-0.022018705822324014,-0.023195585483931747,-0.0272013336259529,-0.05577328568509321,0.05424108252385378,0.6913110592535564,0.0006913110592535564,0.0005127900333276818,0.2051160133310727,1.4102320266621453,1.0,0.820464015007019,0.8204640533242906,3.831727157788123e-08,False,0.9705603718757629,0.8430180277192239,3.7939391136169434,65,0.049408740230969,0.39607598898666246,-0.09983101221067567,0.08095211801784377,-0.10528500112039704,0.10807347563760619,0.5706056904579913,0.9410285276370367,0.912668726840604,0.9582963540708176,1.0015122873345936,0.9499004644990046,1.0061810154525386,1.00921187308086
pretrained,56,11,100601.69591797979,0.0633933970482714,0.06212583044818132,0.05855810028255672,0.0059809719159241714,0.06392314636921319,0.6822286817644324,0.0006822286817644325,0.0005104838883770365,0.2041935553508146,1.408387110701629,0.9999999999999998,0.8167741894721985,0.8167742214032581,3.193105957421949e-08,False,0.8891651630401611,0.7723190476178945,3.3018455505371094,66,0.05176968845937932,0.5757148859224148,-0.10865971472646513,0.031134908752781992,0.053829494597656374,-0.09553384062434947,0.49174457761858187,1.0617528584451108,1.1068239035899863,1.0283217793331279,1.064175160437901,0.9811386657352429,1.100043878894252,1.0210446247464502
pretrained,56,12,98804.30106254797,-0.01694436648524833,-0.017866446872796482,-0.021371696022147276,-0.012101689143017236,0.06578069926411735,0.424669356218406,0.00042466935621840603,0.0005137445751045431,0.20549783004181724,1.4109956600836344,1.0,0.8219912648200989,0.8219913201672688,5.534716995825306e-08,False,0.9012214541435242,0.7827910090147142,3.3824915885925293,67,0.03770731070211955,0.5281101954834801,-0.11046975425311495,0.056621417935405455,-0.09502807578870229,0.0529383649783475,0.5301205409424645,0.9738875049333385,0.9888637987703586,0.9580667059670183,0.9741042923022349,1.0316838732645068,0.9409652971679298,0.9865905140302956
pretrained,56,13,106045.10658031018,0.07425080870923995,0.07328431495283216,0.06662085491711832,0.0570050497873007,0.049717680263992294,0.3844865672290325,0.00038448656722903253,0.0005156093716089215,0.2062437486435686,1.412487497287137,0.9999999999999999,0.8249750137329102,0.8249749945742741,1.915863601098522e-08,False,0.8301479816436768,0.7210573751819417,3.0484464168548584,68,0.043394471119557104,0.5612158836530787,-0.10341030492314271,0.02014994301966258,0.019735118906412802,-0.10283344372042588,0.5617483319448573,1.0350516236175364,1.0668988139445743,1.0189072752337456,0.971959213401311,0.9986197377501727,0.9864349300551081,1.0646866347847974
pretrained,56,14,106551.52878620778,0.005333943412738185,0.004775535828370092,0.0013955601742280613,0.06148695247116731,0.061726850192771014,0.03926381468772888,3.9263814687728886e-05,0.0005163353748087373,0.2065341499234949,1.4130682998469897,0.9999999999999999,0.8261364698410034,0.8261365996939793,1.2985297592749134e-07,False,0.8417628407478333,0.7311459136159795,3.08835768699646,69,0.03462569655052253,0.5643673376845462,-0.1038162572575467,0.029291427295122824,0.02695853688887187,-0.10271789266594819,0.5512911515044314,1.0146423361916632,1.0003827389871474,1.0247643242463869,1.0041213937804423,1.0570145127850723,0.969058874086807,1.0042553191489363
pretrained,56,15,111693.78401725624,0.04884113173666438,0.04826073628062377,0.0407400977602446,0.10469502954121068,0.049359586195975386,0.036074658589703684,3.607465858970369e-05,0.0005174468271434306,0.20697873085737228,1.4139574617147446,1.0,0.8279149532318115,0.8279149234294891,2.9802322387695312e-08,False,0.822736382484436,0.7146197419480677,3.0184195041656494,70,0.03706030175089836,0.5633851289749146,-0.10383150726556778,0.021757833659648895,0.017881590873003006,-0.1031472235918045,0.5668938755989075,1.0024823479186857,1.0579639578806326,0.9651039618260693,0.9328358208955223,0.9767898005884277,0.945011086474501,1.0153013182674198
pretrained,56,16,115254.80380318602,0.032433098243032754,0.031881987142450274,0.024930135824900296,0.13235720594549594,0.05464081158769917,0.018827142460005636,1.8827142460005636e-05,0.0005151137443525451,0.20604549774101805,1.4120909954820358,0.9999999999999998,0.8241819739341736,0.8241819909640715,1.7029897936282623e-08,False,0.825471818447113,0.7169957114364482,3.0243239402770996,71,0.035269262003047114,0.5667656601539679,-0.10234594930495536,0.020601784544331675,0.02242907296333993,-0.10369954843606269,0.5609797180763312,1.0647274634440285,1.0659156475343874,1.0455609523922245,1.0168,0.9832663989290497,1.0154856874706712,0.9983769997681431
pretrained,56,17,118651.00376853041,0.030013415341479055,0.0294668842709922,0.02207472657790055,0.15719212797319115,0.05520390899589332,0.0221936053463391,2.21936053463391e-05,0.0005085529945790768,0.2034211978316307,1.4068423956632614,1.0,0.8136847615242004,0.8136847913265228,2.9802322387695312e-08,False,0.817976713180542,0.7104855457193366,2.9871513843536377,72,0.029314976185560226,0.565396960824728,-0.10207987204194069,0.023992333561182022,0.018655255436897278,-0.10134132578969002,0.5660616718232632,1.0311389371500623,1.0404774891800428,1.033478927516993,1.0743509047993705,1.0571817562968002,1.0083179297597042,1.0134695773339524
pretrained,56,18,118633.68282213366,0.0006242988723943466,-0.00014598229974138732,-0.002798824777109805,0.15706907497823341,0.0535154356430413,0.26550159071172985,0.0002655015907117299,0.0005045954444046531,0.20183817776186125,1.4036763555237226,1.0,0.8073527216911316,0.8073527110474452,1.0643686376710093e-08,False,0.8259143829345703,0.7173801180660264,3.0130691528320312,73,0.030650259394730844,0.5553081607712167,-0.09783143789640494,0.026792546202029505,-0.1040067398654563,0.02068635395595006,0.5684008574379342,0.9822836111014266,0.9783176430619793,0.9764445432283997,0.9483705602343465,0.963940759819704,0.9404216315307058,1.0171860678276812
pretrained,56,19,114696.24001140516,-0.03242644672962336,-0.03318992310667679,-0.03143217006623753,0.12813183771276015,0.04989865601528544,0.281317164855344,0.000281317164855344,0.0005080571917018721,0.20322287668074884,1.4064457533614978,1.0,0.8128916025161743,0.8128915067229956,9.579317872265847e-08,False,0.8156598806381226,0.7084731705420034,2.9770891666412354,74,0.02687451695757251,0.5689097762640034,-0.10126322800559659,0.020054011472633887,0.02305022706942897,-0.10195964867515225,0.5643343449171101,0.953865200398201,0.9405989802128366,0.9695992992920063,0.9972972972972974,1.0277221108884433,0.9517543859649122,0.9894120297364272
pretrained,56,20,115729.46063670114,0.009536767904387622,0.009008321678140918,0.005045503894454178,0.1359157862670699,0.05476889319711143,0.019796045763151998,1.9796045763151997e-05,0.0005037951695599726,0.20151806782398907,1.403036135647978,0.9999999999999998,0.8060722947120667,0.8060722712959558,2.3416110828122783e-08,False,0.8112926483154297,0.7046798407441334,2.9604437351226807,75,0.03309977347297327,0.5676665335361446,-0.10093453233795507,0.016858766919800205,0.01759069146854536,-0.10058353548603399,0.5663023024265255,0.9753702827932057,0.9734845260871898,0.9817779805097796,0.9632210607820363,0.9691257718557038,0.9810547875064004,1.0403005464480872
pretrained,56,21,121783.21367986297,0.05286216386090925,0.05230952438433811,0.04012366532578439,0.17886877034732784,0.05658637508947101,0.020070724189281464,2.0070724189281465e-05,0.0005049596021750144,0.20198384087000576,1.4039676817400113,0.9999999999999998,0.8079352378845215,0.8079353634800226,1.2559550111035378e-07,False,0.8192131519317627,0.7115595027730697,2.988978385925293,76,0.03282669851822512,0.5714010476533855,-0.10176612144070013,0.018047518229910298,0.02233697207910673,-0.10021771942930563,0.5573716043893779,1.0891792688816473,1.1069920631695078,1.0876782985427245,0.965032154340836,1.0026827632461435,0.978079331941545,0.9929962792733641
pretrained,56,22,126059.81962703435,0.035673461207185175,0.03511654700140765,0.0245629870024952,0.2067258203616027,0.06588126023559304,0.028873411672455912,2.8873411672455913e-05,0.0005090026810233082,0.2036010724093233,1.4072021448186465,0.9999999999999999,0.814404308795929,0.8144042896372929,1.915863601098522e-08,False,0.8088144659996033,0.7025273189343061,2.9533936977386475,77,0.025244037221584997,0.5688776993857962,-0.10244890062936715,0.020016646544848166,0.019623507346425734,-0.10115217177995614,0.5698391819106681,1.0442292370169115,1.0551892045973597,1.0483617643675298,0.9808413161182841,0.9802675585284282,0.9829242262540022,1.0125633678642274
pretrained,56,23,128771.43171446142,0.02203289539546316,0.021510518541512758,0.013644573410563085,0.22343023861270228,0.06119689681072998,0.004178127007824967,4.178127007824967e-06,0.0005070680366562946,0.20282721466251785,1.4056544293250357,0.9999999999999999,0.8113086223602295,0.8113088586500714,2.3628984191503832e-07,False,0.8098278641700745,0.703407545401119,2.9546501636505127,78,0.024580005822437134,0.5682707133569888,-0.10201353553150383,0.02111939739968094,0.01983596224869999,-0.10081367913101402,0.5690211358347109,1.0158957024486046,1.010169583320357,1.0122251879699948,0.9732484076433121,1.0010235414534288,0.8322475570032573,1.0013060513713536
pretrained,56,24,131344.2471327497,0.020516721308024843,0.01997970655473691,0.012807271520229084,0.23864194905369596,0.04808877841529183,0.024359852075576782,2.435985207557678e-05,0.0005019971249358995,0.20079884997435982,1.4015976999487196,0.9999999999999999,0.8031954169273376,0.8031953998974393,1.7029898380371833e-08,False,0.8154551982879639,0.7082953857115696,2.9692025184631348,79,0.026965830741184083,0.5569106324442795,-0.09932920496378628,0.0209555181541613,0.02180313531841549,-0.10146964501057354,0.5741637333163193,1.0517206371017433,1.0611916700117017,1.0221778015443597,1.0663176265270506,1.0606680299931834,1.1487279843444227,0.9993478260869567
pretrained,57,1,95182.19677423527,-0.04613098383214709,-0.048178032257647274,-0.0532888949187388,-0.05061664249242104,0.05344504852635523,1.6503978137459077,0.0016503978137459077,0.0004979559646121094,0.19918238584484377,1.3983647716896876,1.0,0.7967294454574585,0.7967295433793753,9.792191679736106e-08,False,0.8384813666343689,0.7282956614160077,3.056915283203125,57,0.038705657103231955,0.5595336434032236,-0.10165454181177278,0.026061261871031333,0.02350227428334098,-0.09752784403307099,0.5513795491840159,0.9120432847339066,0.8673832471904358,0.9509451683395475,0.9694550503297468,0.9555112881806108,0.8717948717948719,1.0287068738477745
pretrained,57,2,92841.1871369406,-0.024079066936896876,-0.024595036851769225,-0.029604283225778398,-0.07710815731492282,0.06225536806553227,0.038085573485919594,3.808557348591959e-05,0.0004907547682523728,0.1963019073009491,1.3926038146018982,1.0,0.7852075695991516,0.7852076292037964,5.960464477539063e-08,False,0.8563838005065918,0.7438455179026962,3.1259689331054688,58,0.03960869088768959,0.5443557389080524,-0.10156023874878883,0.024854209274053574,0.038761548697948456,-0.09474166855216026,0.548721719533205,1.0000531712757406,0.9794685529360748,1.000391488535496,0.999641962047977,1.0055594162612926,1.0401069518716577,0.9831029185867896
pretrained,57,3,87221.1883499263,-0.059755100436878705,-0.06053346537593074,-0.07223719983835435,-0.1465104052332542,0.056699038400459284,0.33015526777931625,0.00033015526777931624,0.0004980197056595768,0.19920788226383074,1.3984157645276614,0.9999999999999999,0.7968316078186035,0.7968315290553227,7.876328078637584e-08,False,0.8558366894721985,0.7433703032962454,3.143206834793091,59,0.0583788552986724,0.5716331662344081,-0.10656827076205186,-0.09263961150177888,0.024468750293765745,0.02428837360015937,0.5204387368368251,0.9160800047452287,0.912869623396696,0.9328680427305247,1.0992120343839542,1.0241879751209397,1.1696658097686377,0.9851562499999998
pretrained,57,4,94400.79368729965,0.08370629244645045,0.08231492224766757,0.08260592033235593,-0.05931312750661366,0.09182714788569231,0.7955619895032473,0.0007955619895032473,0.0004891626297363214,0.19566505189452854,1.3913301037890569,0.9999999999999999,0.782660186290741,0.7826602075781137,2.1287372753420186e-08,False,1.0064327716827393,0.874176398296818,4.05410623550415,60,0.2656443129692759,0.5784752379570688,-0.10004211855786188,-0.09562293333666666,0.0360227237854685,0.1898817132626261,0.12564106392008917,1.0911163764566931,1.1234912300099247,1.0672516751244587,0.9214727924405344,0.9787449392712549,0.9501831501831501,0.9801744647105474
pretrained,57,5,92595.18601748646,-0.017581061448799895,-0.019127039077597496,-0.024148306384791617,-0.07996975113927807,0.06983365504254417,1.0834773214800015,0.0010834773214800015,0.0004914061166346073,0.19656244665384293,1.3931248933076859,1.0,0.7862497568130493,0.7862497866153717,2.9802322387695312e-08,False,0.8335164785385132,0.723983214409413,3.029033899307251,61,0.03380097076296806,0.5655206479132175,-0.10326671972870827,0.02481824904680252,0.025484036654233932,-0.09329572692513466,0.5469385422766209,0.9575598807831897,0.9536357930098714,0.9593638617140574,0.9904526166902407,1.019303688383316,0.9602929838087895,1.0035059331175835
pretrained,57,6,88584.40851555536,-0.04278416635853066,-0.04331518380635535,-0.05181825840573984,-0.12886682516416048,0.058423687617148404,0.05603606573172967,5.6036065731729674e-05,0.0004988699180207083,0.19954796720828333,1.3990959344165668,1.0,0.798192024230957,0.7981918688331335,1.553978234980491e-07,False,0.8402166366577148,0.7298028978075102,3.0888638496398926,62,0.061606895976832915,0.5638622202511345,-0.10305461207670827,0.016645592504313994,0.017557675817183066,-0.09649335513157506,0.5398755826588189,0.906604323640961,0.8950099292047539,0.9116191074982402,0.9460906818993214,1.0010145417653027,0.8916097952629467,1.0064498790647676
pretrained,57,7,89789.45238123297,0.014154237983876827,0.01360334042831024,0.01192363704865792,-0.11371655966242589,0.06453256906153348,0.045825710254056184,4.582571025405619e-05,0.0004975307293768439,0.1990122917507376,1.3980245835014753,1.0,0.796049177646637,0.7960491670029506,1.0643686376710093e-08,False,0.8589503765106201,0.7460748174945657,3.1874189376831055,63,0.07938459276088647,0.5419147586716073,-0.1029974991189582,0.015680198956813135,0.021019920174564638,-0.0960147926317794,0.5410128211868661,1.0798634244603893,1.039007305019145,1.1395080340749941,0.8803773584905662,0.9280405405405406,0.9914452949122017,1.0066755674232308
pretrained,57,8,93990.94967183284,0.047500192212945214,0.046792771079178896,0.04730018613155932,-0.06393222272088539,0.04968301619962356,0.1721088183777673,0.0001721088183777673,0.0005034615751355886,0.20138463005423546,1.402769260108471,1.0,0.8055384755134583,0.8055385202169418,4.470348358154297e-08,False,0.8891904354095459,0.7723409989190314,3.3256256580352783,64,0.02991909720003605,0.5524355713278055,-0.10242047719657421,0.026919525116682053,0.08473716862499714,-0.09896415285766125,0.5073732677847147,1.0537528861202778,1.0436698440150798,1.056726336776278,1.1337333904843547,1.097196942118675,1.0286103542234333,1.0366047745358091
pretrained,57,9,91841.57741122186,-0.02167951897944298,-0.022867864066864585,-0.02788856855649878,-0.08883147283336279,0.059786368880427584,0.7022884732910565,0.0007022884732910565,0.0005131285850490842,0.2052514340196337,1.4105028680392675,1.0,0.8210058212280273,0.821005736078535,8.514949234594837e-08,False,0.9731444120407104,0.84526249648853,3.810974359512329,65,0.050531852458204546,0.3916757287723678,-0.09960420855454036,0.08319552562066487,-0.10564722546509334,0.10863881877490453,0.571209508393492,0.9410285276370367,0.912668726840604,0.9582963540708176,1.0015122873345936,0.9499004644990046,1.0061810154525386,1.00921187308086
pretrained,57,10,97543.75481911506,0.06336138494097865,0.062087102253934656,0.06075845612621294,-0.025180957873108367,0.05784117668082973,0.688320520733084,0.000688320520733084,0.0005107514373958111,0.20430057495832443,1.4086011499166489,1.0,0.8172022700309753,0.8172022998332977,2.9802322387695312e-08,False,0.8885676264762878,0.7718000339530433,3.299099922180176,66,0.051618792116642,0.5755705870687962,-0.10854698345065117,0.030929625034332275,0.053531236946582794,-0.09575359150767326,0.4926503337919712,1.0617528584451108,1.1068239035899863,1.0283217793331279,1.064175160437901,0.9811386657352429,1.100043878894252,1.0210446247464502
pretrained,57,11,95804.1670138739,-0.016912376581878497,-0.017833922924815004,-0.022214579462224042,-0.04379593411128435,0.07199206448096115,0.42405898443290163,0.0004240589844329016,0.0005137806545410837,0.20551226181643348,1.411024523632867,1.0,0.8220489025115967,0.8220490472657338,1.44754137121339e-07,False,0.9004082083702087,0.7820846327111501,3.3777642250061035,67,0.037603319223437986,0.5280530830579144,-0.11037334001490046,0.05673480459621974,-0.09513892180153302,0.05206246727279254,0.5310585876660687,0.9738875049333385,0.9888637987703586,0.9580667059670183,0.9741042923022349,1.0316838732645068,0.9409652971679298,0.9865905140302956
pretrained,57,12,102827.06373077894,0.07427010922979305,0.07330471038788966,0.06851038929502071,0.02749338188028727,0.05557853393101831,0.3832286287631309,0.0003832286287631309,0.000515830997111542,0.2063323988446168,1.4126647976892337,1.0,0.8253296613693237,0.8253295953784674,6.599085633496315e-08,False,0.8297996520996094,0.720754819984197,3.0471770763397217,68,0.04314243500786166,0.5612763807709729,-0.10340366060180325,0.02011169573026042,0.01972000939505439,-0.10292873824281354,0.5620818779404675,1.0350516236175364,1.0668988139445743,1.0189072752337456,0.971959213401311,0.9986197377501727,0.9864349300551081,1.0646866347847974
pretrained,57,13,103317.13820559478,0.00532397603390522,0.004766006701299341,0.001465421145063287,0.03210636940982514,0.06295132768949167,0.03889820990817888,3.8898209908178885e-05,0.000516270316605057,0.20650812664202284,1.4130162532840453,0.9999999999999998,0.8260324597358704,0.8260325065680907,4.6832220323977936e-08,False,0.8408840894699097,0.7303826399540442,3.0846095085144043,69,0.03427348073039735,0.5645007469824381,-0.10377239648784911,0.02904426279876912,0.02681917298052991,-0.10273573015417373,0.5518704631498881,1.0146423361916632,1.0003827389871474,1.0247643242463869,1.0041213937804423,1.0570145127850723,0.969058874086807,1.0042553191489363
pretrained,57,14,108305.20800338975,0.04885889512440911,0.04827920986224976,0.04233372085162966,0.07668336690817124,0.04486553293432863,0.03534251770802904,3.534251770802904e-05,0.0005174921053860869,0.20699684215443476,1.4139936843088694,0.9999999999999999,0.8279873132705688,0.8279873686177388,5.534716995825306e-08,False,0.8222962617874146,0.714237457967892,3.0166127681732178,70,0.03670735710433551,0.5635731709854943,-0.10381047746964864,0.021704849387918196,0.017903619046722136,-0.10318636468478612,0.5671078456299645,1.0024823479186857,1.0579639578806326,0.9651039618260693,0.9328358208955223,0.9767898005884277,0.945011086474501,1.0153013182674198
pretrained,57,15,111756.71771073497,0.03241890139211523,0.031868363220697526,0.025546021633721633,0.10519920369498881,0.05939630306191876,0.018476814563785277,1.8476814563785276e-05,0.000514916181564331,0.20596647262573242,1.4119329452514648,1.0,0.8238657712936401,0.8238658905029297,1.1920928955078125e-07,False,0.8249019980430603,0.7165007717221363,3.0218024253845215,71,0.034921735525131226,0.5668504722416401,-0.10229537263512611,0.02055075578391552,0.02234962023794651,-0.10367109999060631,0.5612938888370991,1.0647274634440285,1.0659156475343874,1.0455609523922245,1.0168,0.9832663989290497,1.0154856874706712,0.9983769997681431
pretrained,57,16,115048.7384785027,0.03000278910086651,0.02945702804451189,0.022663042528487023,0.1308031594046084,0.058818263622651454,0.021772197314671088,2.177219731467109e-05,0.0005082318985036443,0.2032927594014577,1.4065855188029155,1.0,0.8131709694862366,0.813171037605831,6.811959440966575e-08,False,0.8173983097076416,0.709983150846148,2.9845805168151855,72,0.029041587242058325,0.5655537199761187,-0.10200135143739839,0.023816664570144225,0.018640422129205275,-0.1012914079640593,0.5662403654839312,1.0311389371500623,1.0404774891800428,1.033478927516993,1.0743509047993705,1.0571817562968002,1.0083179297597042,1.0134695773339524
pretrained,57,17,115033.36123619076,0.0006355323332196683,-0.00013365850434610138,-0.0028290791119011203,0.13068696832498627,0.0542577606455798,0.2647520862519741,0.0002647520862519741,0.0005042458192578385,0.2016983277031354,1.403396655406271,1.0,0.8067932724952698,0.8067933108125418,3.831727202197044e-08,False,0.8250709176063538,0.7166474933905841,3.0093581676483154,73,0.030281747558287192,0.5557538819100176,-0.09776254477245469,0.026499547862580825,-0.1039357829306807,0.02065876206117015,0.5685043883110796,0.9822836111014266,0.9783176430619793,0.9764445432283997,0.9483705602343465,0.963940759819704,0.9404216315307058,1.0171860678276812
pretrained,57,18,111215.49781574305,-0.03242663748912722,-0.03318918424550543,-0.0327807720160361,0.10084473869212363,0.058770847663469045,0.28028928115963936,0.0002802892811596394,0.0005081236974469254,0.20324947897877016,1.4064989579575404,1.0,0.8129978775978088,0.8129979159150809,3.831727202197044e-08,False,0.8152293562889099,0.7080992218436273,2.9755642414093018,74,0.02668414531009536,0.5689956535186087,-0.10127152608973641,0.019998908841184188,0.022967086040547896,-0.10197795288903375,0.564603685268334,0.953865200398201,0.9405989802128366,0.9695992992920063,0.9972972972972974,1.0277221108884433,0.9517543859649122,0.9894120297364272
pretrained,57,19,112218.95934032454,0.009550655501143757,0.009022677093474707,0.0051270674159635855,0.10888498175489492,0.05826351293615409,0.01957761815616063,1.957761815616063e-05,0.0005035427571939571,0.20141710287758285,1.4028342057551657,0.9999999999999999,0.8056684732437134,0.8056684115103314,6.17333819619148e-08,False,0.8108685612678528,0.7043114834149148,2.9584603309631348,75,0.03273572054292473,0.5677237625100783,-0.10086816150162903,0.016862163586275902,0.01758691322590622,-0.10054894137595383,0.5665085430123976,0.9753702827932057,0.9734845260871898,0.9817779805097796,0.9632210607820363,0.9691257718557038,0.9810547875064004,1.0403005464480872
pretrained,57,20,118085.27554132452,0.0528275017810762,0.05227562468485658,0.04178449700868002,0.15315436626978507,0.04969775012420268,0.019602027322564802,1.9602027322564804e-05,0.0005047210824808905,0.2018884329923562,1.4037768659847125,1.0,0.8075537085533142,0.807553731969425,2.3416110828122783e-08,False,0.8185358047485352,0.7109711664850528,2.986079692840576,76,0.03243006845670085,0.5713837117488896,-0.10170408631009717,0.018004304596355963,0.022221241944602538,-0.10018434668225903,0.5578491062458073,1.0891792688816473,1.1069920631695078,1.0876782985427245,0.965032154340836,1.0026827632461435,0.978079331941545,0.9929962792733641
pretrained,57,21,122232.26715395137,0.03567470442621268,0.035118617402688734,0.02532744594215337,0.18188541922363155,0.06807214023386221,0.02812735523496354,2.8127355234963543e-05,0.000508948972980891,0.2035795891923564,1.4071591783847128,0.9999999999999999,0.8143182396888733,0.8143183567694257,1.1708055236425707e-07,False,0.8085881471633911,0.7023307408908707,2.9525105953216553,77,0.02512363929833683,0.5689235220530203,-0.10241708505366531,0.019972717655556527,0.01961533938135418,-0.1011625041386911,0.5699443708040884,1.0442292370169115,1.0551892045973597,1.0483617643675298,0.9808413161182841,0.9802675585284282,0.9829242262540022,1.0125633678642274
pretrained,57,22,124862.26136969661,0.022038704636910378,0.021516366152587008,0.014214502076982657,0.19911750033169395,0.060351580621594916,0.004062888345548049,4.062888345548049e-06,0.0005071428072239672,0.20285712288958685,1.4057142457791738,1.0,0.8114286065101624,0.8114284915583476,1.1495181473364369e-07,False,0.8096163272857666,0.7032238067979713,2.953965663909912,78,0.024480821032609262,0.568331669483866,-0.10201263108423778,0.021066093285168924,0.01983094162174634,-0.10084449180534907,0.5691475974661964,1.0158957024486046,1.010169583320357,1.0122251879699948,0.9732484076433121,1.0010235414534288,0.8322475570032573,1.0013060513713536
pretrained,57,23,127356.24011412135,0.020510851763150262,0.019973839309544994,0.013055424330554972,0.21480094017857287,0.052560310326479,0.02441454253026415,2.441454253026415e-05,0.0005019432080111334,0.20077728320445337,1.4015545664089069,1.0,0.8031091690063477,0.8031091328178137,3.618853394726784e-08,False,0.8153932690620422,0.708241594669397,2.968905210494995,79,0.026911648788622428,0.5568789326186692,-0.099292895889708,0.020951454394630004,0.0218124956424747,-0.10148438731474538,0.5742227517600571,1.0517206371017433,1.0611916700117017,1.0221778015443597,1.0663176265270506,1.0606680299931834,1.1487279843444227,0.9993478260869567
pretrained,57,24,134475.72318356554,0.056716272204318186,0.055902114125421454,0.03837801224454671,0.2563713536346228,0.06384802423006468,0.2709082764174257,0.0002709082764174257,0.0004998491158975022,0.1999396463590009,1.3998792927180015,0.9999999999999998,0.7997586131095886,0.799758585436003,2.7673585645260346e-08,False,0.820581316947937,0.7127478758067848,2.9862916469573975,80,0.022392194452030306,0.5598559414169617,-0.09850431632782733,0.022792119266731387,-0.10143533003117358,0.028363497661692744,0.5665358935615845,1.0310187843265763,1.0178682872014018,1.0207962964654471,0.9975450081833063,0.980719794344473,0.9982964224872232,1.0815749401783774
pretrained,58,1,97379.49446685673,-0.02414656486158595,-0.02620505533143269,-0.030184841176548582,-0.026910239650455026,0.0654920305218711,1.6215176082083156,0.0016215176082083156,0.0004901362223816769,0.1960544889526708,1.3921089779053413,0.9999999999999998,0.7842179536819458,0.7842179558106825,2.128736742434967e-09,False,0.8522155284881592,0.7402250028293421,3.10667085647583,58,0.03821739155266965,0.5461299379489251,-0.10141547423388278,0.02405234213386262,0.0373116654476949,-0.09463901471878802,0.5503431518695183,1.0000531712757406,0.9794685529360748,1.000391488535496,0.999641962047977,1.0055594162612926,1.0401069518716577,0.9831029185867896
pretrained,58,2,91498.30781547283,-0.05962325957853443,-0.06039450793601708,-0.06870679943138389,-0.09291638706229155,0.05401304039094724,0.32441343473536627,0.00032441343473536626,0.0004960713415805782,0.1984285366322313,1.3968570732644625,0.9999999999999999,0.793714165687561,0.793714146528925,1.915863601098522e-08,False,0.8535154461860657,0.7413540969956005,3.128798723220825,59,0.05591238529554435,0.5717386664556605,-0.10590415580996446,-0.09252438082226686,0.024345160062823973,0.02426398039928504,0.5221683444189174,0.9160800047452287,0.912869623396696,0.9328680427305247,1.0992120343839542,1.0241879751209397,1.1696658097686377,0.9851562499999998
pretrained,58,3,99002.89765294759,0.08341185895224901,0.08201889211557312,0.07837771823069986,-0.010071446095928582,0.08934445471326224,0.7987344275627817,0.0007987344275627817,0.000487815168287073,0.19512606731482918,1.3902521346296584,0.9999999999999999,0.7805043458938599,0.7805042692593167,7.663454315576246e-08,False,1.006917119026184,0.8745970970539833,4.053954601287842,60,0.26301513452615055,0.5786236061581543,-0.0996868924370834,-0.09543917487774578,0.03643714104379925,0.19133426089371952,0.1257159246930054,1.0911163764566931,1.1234912300099247,1.0672516751244587,0.9214727924405344,0.9787449392712549,0.9501831501831501,0.9801744647105474
pretrained,58,4,97108.12879694083,-0.01759620707123699,-0.019138519184042857,-0.023587278874967144,-0.029779908632636243,0.07757632676518969,1.0814096709447247,0.0010814096709447247,0.0004897610217865024,0.19590440871460096,1.391808817429202,1.0,0.7836174964904785,0.7836176348584041,1.3836792556176647e-07,False,0.8340986371040344,0.7244888709146102,3.0294687747955322,61,0.033895922292556085,0.5652458532048124,-0.10296110675803252,0.024853445057358065,0.02578104792961053,-0.09294330195656844,0.546128140230264,0.9575598807831897,0.9536357930098714,0.9593638617140574,0.9904526166902407,1.019303688383316,0.9602929838087895,1.0035059331175835
pretrained,58,5,92886.21526918886,-0.042944657549453424,-0.04347641726863316,-0.049071529436360097,-0.07658601128482889,0.045308535683349,0.05833984485694352,5.833984485694352e-05,0.0004974352275686605,0.19897409102746422,1.3979481820549284,0.9999999999999999,0.7958964109420776,0.7958963641098569,4.6832220768067145e-08,False,0.8415209650993347,0.7309358230970802,3.0936522483825684,62,0.06283078183020863,0.5636738001235894,-0.1027260438672134,0.016634540898459282,0.01767296929444584,-0.09624804716025082,0.538161998880761,0.906604323640961,0.8950099292047539,0.9116191074982402,0.9460906818993214,1.0010145417653027,0.8916097952629467,1.0064498790647676
pretrained,58,6,94159.5833348642,0.014260326608462215,0.013708902467229,0.01134206301148247,-0.06202678960850161,0.06434317329689625,0.046406873634883355,4.640687363488336e-05,0.0004974121813263212,0.19896487253052847,1.397929745061057,1.0,0.7958594560623169,0.7958594901221141,3.4059797204832876e-08,False,0.861091673374176,0.747934724318484,3.19899320602417,63,0.081320337418999,0.5416818777365344,-0.10295525991490909,0.015652242515768328,0.02149194425770215,-0.09600961261561938,0.5388184706015247,1.0798634244603893,1.039007305019145,1.1395080340749941,0.8803773584905662,0.9280405405405406,0.9914452949122017,1.0066755674232308
pretrained,58,7,98593.08132442072,0.04779986925359214,0.04708493636584454,0.04487733377467606,-0.01426995339510495,0.05759004877441207,0.17930074355431963,0.00017930074355431965,0.0005032503099313805,0.2013001239725522,1.4026002479451045,1.0,0.8052003383636475,0.805200495890209,1.575265615727517e-07,False,0.8931657075881958,0.7757938764615337,3.349858045578003,64,0.030147484370640326,0.5514879104282175,-0.10236406805259843,0.02731091050165038,0.0890864234949861,-0.09893605591995377,0.5032673951770579,1.0537528861202778,1.0436698440150798,1.056726336776278,1.1337333904843547,1.097196942118675,1.0286103542234333,1.0366047745358091
pretrained,58,8,96443.4229955822,-0.02057974959386777,-0.021803338530064553,-0.02532532111301527,-0.036877341076754666,0.05435866862731108,0.7367423325777055,0.0007367423325777055,0.0005133378931454251,0.20533515725817003,1.41067031451634,0.9999999999999999,0.8213406801223755,0.8213406290326799,5.108969558520471e-08,False,0.9812654852867126,0.8523163710842718,3.86966872215271,65,0.052656843193939734,0.37824562830584385,-0.09929269658667703,0.08857414019959312,-0.106042460671493,0.11460869652884345,0.5712498490299498,0.9410285276370367,0.912668726840604,0.9582963540708176,1.0015122873345936,0.9499004644990046,1.0061810154525386,1.00921187308086
pretrained,58,9,102428.86140455602,0.06337256281160553,0.062061654626754725,0.05753871925649931,0.02371266624709345,0.06102576134697611,0.7220848862613951,0.0007220848862613951,0.0005114591494202613,0.20458365976810455,1.409167319536209,1.0,0.8183344602584839,0.8183346390724182,1.7881393432617188e-07,False,0.8941709995269775,0.7766670619449632,3.328730821609497,66,0.053844183683395386,0.5756577104330063,-0.10872892290353775,0.03178586810827255,0.05640055984258652,-0.0958547368645668,0.4868953377008438,1.0617528584451108,1.1068239035899863,1.0283217793331279,1.064175160437901,0.9811386657352429,1.100043878894252,1.0210446247464502
pretrained,58,10,100588.75206749856,-0.017028943834025423,-0.017964754384896642,-0.021168322250598087,0.005853060659341769,0.06617433325692815,0.4391940874712808,0.0004391940874712808,0.0005132818621184145,0.2053127448473658,1.4106254896947317,1.0,0.8212509751319885,0.8212509793894633,4.257474817137563e-09,False,0.9057824015617371,0.7867525976066757,3.408121109008789,67,0.03879613748618535,0.5240930946809905,-0.11040783354214262,0.05968805721827916,-0.09490491130522319,0.05353257379361562,0.5292028816682952,0.9738875049333385,0.9888637987703586,0.9580667059670183,0.9741042923022349,1.0316838732645068,0.9409652971679298,0.9865905140302956
pretrained,58,11,107957.33682420156,0.07422976325787456,0.0732545598314851,0.06546420206969719,0.07370816155977755,0.04781797661477176,0.39209964126348495,0.00039209964126348494,0.0005161291014935289,0.20645164059741156,1.4129032811948232,1.0,0.8258064389228821,0.8258065623896464,1.234667643679188e-07,False,0.8312269449234009,0.7219945507790625,3.0537872314453125,68,0.04425726032682828,0.560574400637831,-0.10339317151478358,0.020229279462780275,0.019788477037634172,-0.10305846908262797,0.5616022231323379,1.0350516236175364,1.0668988139445743,1.0189072752337456,0.971959213401311,0.9986197377501727,0.9864349300551081,1.0646866347847974
pretrained,58,12,108475.07294967685,0.005356414071803206,0.0047957474749342754,0.0015107851931202947,0.07812922102028497,0.0582054853477424,0.0409358755818435,4.09358755818435e-05,0.0005168991203286818,0.20675964813147274,1.4135192962629453,0.9999999999999998,0.827038586139679,0.8270385925258905,6.38621155957253e-09,False,0.8428014516830444,0.7320480396119927,3.0933213233947754,69,0.03488662014050142,0.5640486433569873,-0.10384788816528662,0.029671129903623028,0.027193612552114887,-0.10291175996618612,0.5509596421782459,1.0146423361916632,1.0003827389871474,1.0247643242463869,1.0041213937804423,1.0570145127850723,0.969058874086807,1.0042553191489363
pretrained,58,13,113708.58332858633,0.048827674941459565,0.04824620289803705,0.03976192162363618,0.12055891408806252,0.05335542888282739,0.036830631217786236,3.6830631217786236e-05,0.0005177249945700168,0.20708999782800674,1.4141799956560135,1.0,0.8283600211143494,0.828359991312027,2.9802322387695312e-08,False,0.8231627941131592,0.7149901183828153,3.020461320877075,70,0.03732571378350258,0.5631369985640049,-0.10379994288086891,0.02185054123401642,0.01788882538676262,-0.10329005494713783,0.5668879188597202,1.0024823479186857,1.0579639578806326,0.9651039618260693,0.9328358208955223,0.9767898005884277,0.945011086474501,1.0153013182674198
pretrained,58,14,117333.47755338268,0.03243045959178659,0.03187880913370811,0.02462859474487418,0.14772832029542926,0.050816229249851234,0.019221489982945594,1.9221489982945596e-05,0.0005152434562998159,0.20609738251992638,1.4121947650398528,0.9999999999999999,0.8243895769119263,0.8243895300797055,4.6832220768067145e-08,False,0.8256707191467285,0.7171684743890276,3.025247097015381,71,0.035337208104985085,0.5666788241692952,-0.10233990635190693,0.02062680412616047,0.022497708243983117,-0.10375747616801945,0.5609568378755024,1.0647274634440285,1.0659156475343874,1.0455609523922245,1.0168,0.9832663989290497,1.0154856874706712,0.9983769997681431
pretrained,58,15,120791.16336187124,0.030015752434365828,0.02946887691891198,0.02109924132623392,0.1721248705882913,0.0659461793325622,0.022398769323314943,2.2398769323314944e-05,0.0005086812110883849,0.20347248443535398,1.4069449688707076,0.9999999999999998,0.8138899207115173,0.8138899377414153,1.7029897936282623e-08,False,0.81800776720047,0.7105125188983279,2.987393379211426,72,0.029283737497670298,0.5653623321226664,-0.10206094597067153,0.024033631863338595,0.01866828623626912,-0.10141153846468245,0.5661244967154093,1.0311389371500623,1.0404774891800428,1.033478927516993,1.0743509047993705,1.0571817562968002,1.0083179297597042,1.0134695773339524
pretrained,58,16,120773.74519085589,0.0006265934687466057,-0.00014420070583442968,-0.00309548388239576,0.17200547319309867,0.059521729744062765,0.2657859703259809,0.0002657859703259809,0.0005048223744545665,0.20192894978182657,1.403857899563653,0.9999999999999999,0.807715892791748,0.8077157991273061,9.36644419802235e-08,False,0.8259366750717163,0.717399480770331,3.013421058654785,73,0.030573668490563116,0.5552619216697556,-0.0978046613080161,0.026874501790319166,-0.10412428847381047,0.020708552162562094,0.5685103056686265,0.9822836111014266,0.9783176430619793,0.9764445432283997,0.9483705602343465,0.963940759819704,0.9404216315307058,1.0171860678276812
pretrained,58,17,116765.7361081854,-0.032422191119265475,-0.033186095838435126,-0.0308181364818517,0.14358438243091853,0.047940914393431296,0.2816472729401929,0.00028164727294019296,0.0005081666553659099,0.20326666214636396,1.4065333242927276,0.9999999999999998,0.8130667209625244,0.8130666485854552,7.237706922680331e-08,False,0.8155701160430908,0.7083952020054183,2.9768741130828857,74,0.026810146602136736,0.5689058953097887,-0.10126339112009322,0.020045751439673548,0.023055374356252795,-0.10200327102627074,0.5644494944385119,0.953865200398201,0.9405989802128366,0.9695992992920063,0.9972972972972974,1.0277221108884433,0.9517543859649122,0.9894120297364272
pretrained,58,18,117818.40622370198,0.009543697187189393,0.009015231270766533,0.0048337762179727906,0.1512361845217135,0.056360517456443555,0.01979626981275423,1.979626981275423e-05,0.0005038108650062765,0.20152434600251062,1.4030486920050211,0.9999999999999999,0.8060975074768066,0.8060973840100423,1.234667643679188e-07,False,0.8111849427223206,0.7045862888546185,2.9600257873535156,75,0.03300591611436435,0.5676569496946675,-0.10091597533651761,0.016861180375729284,0.01759075612894126,-0.10060837066599301,0.5664095436888081,0.9753702827932057,0.9734845260871898,0.9817779805097796,0.9632210607820363,0.9691257718557038,0.9810547875064004,1.0403005464480872
pretrained,58,19,123980.19308674731,0.05285156326342766,0.05229901728042341,0.039798128646384434,0.19341954944342343,0.047704725506509976,0.019951697438955307,1.995169743895531e-05,0.0005049950695995773,0.20199802783983095,1.4039960556796618,0.9999999999999999,0.807992160320282,0.8079921113593236,4.896095839868053e-08,False,0.8190290927886963,0.7113996310327145,2.988308906555176,76,0.032728141705904684,0.5713806176292044,-0.10175863413938455,0.01803015784493514,0.022304982479129515,-0.1002393937004464,0.5575541281806571,1.0891792688816473,1.1069920631695078,1.0876782985427245,0.965032154340836,1.0026827632461435,0.978079331941545,0.9929962792733641
pretrained,58,20,128334.06367983665,0.035674265648025116,0.03511746904639024,0.02413924945288179,0.22078365530856625,0.06449712824522055,0.028667138623339777,2.866713862333978e-05,0.0005090949218720198,0.2036379687488079,1.4072759374976158,1.0,0.8145519495010376,0.8145518749952316,7.450580596923828e-08,False,0.8087591528892517,0.7024792745771009,2.95328950881958,77,0.025210261344909668,0.5688848625868559,-0.10244494117796421,0.020008329302072525,0.019624989479780197,-0.1011930275708437,0.5699095260351896,1.0442292370169115,1.0551892045973597,1.0483617643675298,0.9808413161182841,0.9802675585284282,0.9829242262540022,1.0125633678642274
pretrained,58,21,131095.58222386,0.022040677710970957,0.021518203856714768,0.013725224098151223,0.23719778879169928,0.05377818769963617,0.004147915967872978,4.147915967872978e-06,0.0005071893108210394,0.20287572432841577,1.4057514486568317,1.0,0.8115027546882629,0.8115028973136633,1.4262540037890403e-07,False,0.8097721338272095,0.7033591386403574,2.9545788764953613,78,0.0245504778410707,0.568284080230764,-0.10201591173452992,0.021107933350971747,0.019837098994425345,-0.10085981259388585,0.569096133911184,1.0158957024486046,1.010169583320357,1.0122251879699948,0.9732484076433121,1.0010235414534288,0.8322475570032573,1.0013060513713536
pretrained,58,22,133713.86078214805,0.020509503630286918,0.019972286738214162,0.012509001673307187,0.2521343754861437,0.048551700422744655,0.02453385666012764,2.4533856660127642e-05,0.0005020250246993134,0.20081000987972536,1.4016200197594508,1.0,0.8032400012016296,0.8032400395189017,3.831727202197044e-08,False,0.8155518770217896,0.7083793597928053,2.9695804119110107,79,0.0269891031618629,0.5567856979157244,-0.0993106860135283,0.020978898608258773,0.021831425705126334,-0.10149932386619706,0.574224884488753,1.0517206371017433,1.0611916700117017,1.0221778015443597,1.0663176265270506,1.0606680299931834,1.1487279843444227,0.9993478260869567
pretrained,58,23,141188.31571128714,0.056713661947021876,0.05589887903481272,0.03654049819921372,0.2917260929403833,0.06102438510051801,0.27115148039800785,0.00027115148039800785,0.0005001995712518692,0.20007982850074768,1.4001596570014954,1.0,0.800319254398346,0.8003193140029907,5.960464477539063e-08,False,0.8209915161132812,0.7131041702747655,2.9882164001464844,80,0.022495336830615997,0.559715386480093,-0.09855910763144493,0.022927451878786087,-0.10152072086930275,0.02844659611582756,0.566495057195425,1.0310187843265763,1.0178682872014018,1.0207962964654471,0.9975450081833063,0.980719794344473,0.9982964224872232,1.0815749401783774
pretrained,58,24,141943.4004731362,0.006137572830946514,0.00534806834436008,0.0008560359745679539,0.29549384003291,0.05823422235917485,0.27443112752267296,0.000274431127522673,0.00051056530592697,0.20422612237078802,1.4084522447415762,1.0,0.8169043660163879,0.8169044894831523,1.234667643679188e-07,False,0.8162400722503662,0.7089771185732914,2.982009172439575,81,0.0225512231034892,0.5703458072883743,-0.10505033710173198,0.02360463275441102,0.024331354935254373,-0.09917578526905604,0.5633931042892593,0.9583849199542304,0.9559426386392028,0.9499728531432721,1.0254306808859721,1.0298165137614679,1.0329920364050056,1.0512872083668543
pretrained,59,1,93810.2169004681,-0.05994374507833489,-0.06189783099531898,-0.0689355803319642,-0.06598197194341004,0.05907216777108326,1.5843493246606417,0.0015843493246606418,0.0004965045555893864,0.19860182223575457,1.397203644471509,0.9999999999999999,0.7944071888923645,0.794407288943018,1.0005065353979603e-07,False,0.8698556423187256,0.7555470110228626,3.2052977085113525,59,0.06627415732613631,0.5738525302814586,-0.1060571311307805,-0.09254469110497407,0.028010488088641844,0.026428228776369772,0.504036417763148,0.9160800047452287,0.912869623396696,0.9328680427305247,1.0992120343839542,1.0241879751209397,1.1696658097686377,0.9851562499999998
pretrained,59,2,101715.67489889138,0.085711921975548,0.08427075706275033,0.07792710554917713,0.016867359928514514,0.09844452645494857,0.8379373390759741,0.0008379373390759741,0.000490336050944669,0.1961344203778676,1.392268840755735,0.9999999999999999,0.784537672996521,0.7845376815114702,8.514949190185916e-09,False,0.994846761226654,0.8641129174801156,3.982165575027466,60,0.28914984581725933,0.5768657278801714,-0.0997207212660994,-0.0964136991117682,0.03645483297961097,0.2047272574688707,0.0889367562319551,1.0911163764566931,1.1234912300099247,1.0672516751244587,0.9214727924405344,0.9787449392712549,0.9501831501831501,0.9801744647105474
pretrained,59,3,99753.06559238317,-0.01768947444616764,-0.019295052689362824,-0.022901230031259694,-0.0024754568308293923,0.07116826543831574,1.146285998501948,0.001146285998501948,0.0004895427796457495,0.1958171118582998,1.3916342237165995,0.9999999999999999,0.7832685708999634,0.783268447433199,1.234667643679188e-07,False,0.8423005938529968,0.7316130000283773,3.0628581047058105,61,0.036715213741574965,0.5649573398487908,-0.10329285583325795,0.026176469932709417,0.028478501896773062,-0.09252425602504186,0.5394895864384515,0.9575598807831897,0.9536357930098714,0.9593638617140574,0.9904526166902407,1.019303688383316,0.9602929838087895,1.0035059331175835
pretrained,59,4,95332.71734157526,-0.043768307097579506,-0.044312906320800094,-0.04942792951568512,-0.04895782674170457,0.058911192096198925,0.0712611622044019,7.126116220440191e-05,0.0004984275105276278,0.19937100421105114,1.398742008422102,0.9999999999999998,0.7974840402603149,0.7974840168442041,2.3416110828122783e-08,False,0.8498550653457642,0.7381747305943858,3.138876438140869,62,0.07198438713593142,0.5632976956133331,-0.1029314481254135,0.016476404986211224,0.018157265282102986,-0.09643955608563765,0.5294552511934723,0.906604323640961,0.8950099292047539,0.9116191074982402,0.9460906818993214,1.0010145417653027,0.8916097952629467,1.0064498790647676
pretrained,59,5,96677.23994055967,0.014657386227101776,0.014103475034357826,0.011384014489132867,-0.03436962062097826,0.06408383263186886,0.0466188650046076,4.66188650046076e-05,0.0004994397829951985,0.1997759131980794,1.3995518263961588,0.9999999999999999,0.7991037368774414,0.7991036527923177,8.408512375268629e-08,False,0.867439329624176,0.7534482284832713,3.2387173175811768,63,0.08824722029800924,0.5415186391079,-0.10337456754807917,0.015389148412006226,0.022612604578690854,-0.09640134565000025,0.532008300801473,1.0798634244603893,1.039007305019145,1.1395080340749941,0.8803773584905662,0.9280405405405406,0.9914452949122017,1.0066755674232308
pretrained,59,6,101307.71634219187,0.04863561514305337,0.04789624118850688,0.04496240312665614,0.012908358705616574,0.04631152399877382,0.20182205497154163,0.00020182205497154163,0.0005035084964973587,0.20140339859894346,1.4028067971978868,0.9999999999999998,0.8056137561798096,0.8056135943957736,1.6178403594580004e-07,False,0.9035418033599854,0.7848064387363094,3.417604684829712,64,0.03075981858585561,0.549759769546134,-0.10244753052081382,0.02813845101211751,0.10160616199885095,-0.09895586807812964,0.49113919745598517,1.0537528861202778,1.0436698440150798,1.056726336776278,1.1337333904843547,1.097196942118675,1.0286103542234333,1.0366047745358091
pretrained,59,7,99268.77516687194,-0.018835896851728373,-0.02012621791249236,-0.023266093583598057,-0.0073661111653573474,0.059832474252482684,0.8015157963548387,0.0008015157963548388,0.0005144416939999375,0.20577667759997503,1.4115533551999502,1.0,0.8231067657470703,0.8231067103999004,5.534716995825306e-08,False,0.9934025406837463,0.8628584834552434,3.9628043174743652,65,0.05625336191483907,0.3570098908884185,-0.09937482007912227,0.09516014478036336,-0.10640185752085277,0.1264461608869689,0.5709071191293853,0.9410285276370367,0.912668726840604,0.9582963540708176,1.0015122873345936,0.9499004644990046,1.0061810154525386,1.00921187308086
pretrained,59,8,105426.74453019648,0.06341079291828988,0.06203329650207645,0.05554921733200046,0.05147407855927999,0.0658194478527375,0.782300340277808,0.0007823003402778081,0.0005138961731323174,0.20555846925292698,1.4111169385058537,0.9999999999999999,0.8222338557243347,0.8222338770117075,2.1287372753420186e-08,False,0.9058659076690674,0.7868251300899133,3.394177198410034,66,0.058908359280654354,0.5762641403291906,-0.10936322329299791,0.033374254724809094,0.06283906581146376,-0.09619524595992907,0.47417264910680906,1.0617528584451108,1.1068239035899863,1.0283217793331279,1.064175160437901,0.9811386657352429,1.100043878894252,1.0210446247464502
pretrained,59,9,103510.1452757878,-0.017215056665985107,-0.018179440738205876,-0.021095046097358294,0.03391112307335209,0.07064181222860788,0.46845288468258717,0.0004684528846825872,0.0005133056906717165,0.2053222762686866,1.4106445525373732,0.9999999999999999,0.8212891817092896,0.8212891050747464,7.663454315576246e-08,False,0.9133679866790771,0.7933413531236121,3.4534671306610107,67,0.04065411005701336,0.5190900659986905,-0.11082258607660023,0.06290611092533382,-0.09449969019208637,0.05662427310432705,0.5260477161833218,0.9738875049333385,0.9888637987703586,0.9580667059670183,0.9741042923022349,1.0316838732645068,0.9409652971679298,0.9865905140302956
pretrained,59,10,111086.8368981383,0.07418748833691113,0.0731975750025613,0.06358281036172567,0.09980333591012625,0.0461880495009698,0.40506405010819435,0.00040506405010819435,0.0005169069753693683,0.20676279014774734,1.4135255802954947,0.9999999999999999,0.8270511627197266,0.8270511605909894,2.1287371865241766e-09,False,0.8332045078277588,0.7237122400930209,3.063633680343628,68,0.04599630114223274,0.5597421492316893,-0.10349131721471039,0.020269831908600655,0.019883804289357987,-0.10327147293303696,0.5608707035758665,1.0350516236175364,1.0668988139445743,1.0189072752337456,0.971959213401311,0.9986197377501727,0.9864349300551081,1.0646866347847974
pretrained,59,11,111623.48003765686,0.0053950973446821315,0.004830843640013294,0.0014082531990834619,0.1041311383029413,0.058390983874631756,0.0437307826110295,4.37307826110295e-05,0.0005176526002053704,0.20706104008214815,1.4141220801642962,0.9999999999999999,0.8282440304756165,0.8282441603285924,1.2985297592749134e-07,False,0.8447823524475098,0.7337686281544031,3.1025002002716064,69,0.03553221614233085,0.563676102619086,-0.10397447033652238,0.03019388632050582,0.027706284608159742,-0.10308656974562577,0.5499525503920657,1.0146423361916632,1.0003827389871474,1.0247643242463869,1.0041213937804423,1.0570145127850723,0.969058874086807,1.0042553191489363
pretrained,59,12,117006.90233146734,0.048811845064700154,0.0482284040239056,0.03828983252791946,0.14534956479138894,0.05857187921056375,0.03846521515931403,3.846521515931403e-05,0.0005179771860795362,0.2071908744318145,1.414381748863629,0.9999999999999999,0.8287633657455444,0.828763497727258,1.3198171355810473e-07,False,0.823748767375946,0.7154990882919576,3.0232152938842773,70,0.037800463182585564,0.5628425910004548,-0.10382064591561047,0.021898577255862084,0.01788615648235592,-0.10337022851620403,0.5667630865105561,1.0024823479186857,1.0579639578806326,0.9651039618260693,0.9328358208955223,0.9767898005884277,0.945011086474501,1.0153013182674198
pretrained,59,13,120737.35779944331,0.03243507739739071,0.03188235389232008,0.023455248429163408,0.1717559351753425,0.05902243909580278,0.01984744891524315,1.984744891524315e-05,0.0005156549984323128,0.2062619993729251,1.4125239987458502,0.9999999999999999,0.8250479102134705,0.8250479974917004,8.727822997656176e-08,False,0.8261533975601196,0.7175877235319669,3.0276389122009277,71,0.03558462512280258,0.5666045474686793,-0.10241171691034523,0.020644670618431893,0.022638995466487732,-0.10385028246257988,0.5607891606965235,1.0647274634440285,1.0659156475343874,1.0455609523922245,1.0168,0.9832663989290497,1.0154856874706712,0.9983769997681431
pretrained,59,14,124296.28796366708,0.030024390280558144,0.029476627856437787,0.021057235234983932,0.19547074463534342,0.05315148450033993,0.022822763238634386,2.2822763238634385e-05,0.0005091142760855811,0.20364571043423246,1.4072914208684646,0.9999999999999998,0.8145829439163208,0.8145828417369292,1.0217939161449863e-07,False,0.8184203505516052,0.7108708842437743,2.9894399642944336,72,0.029452385114771967,0.5652595327368803,-0.10213287760104453,0.02416097346161092,0.018704868587000018,-0.10151283283318793,0.566067950533969,1.0311389371500623,1.0404774891800428,1.033478927516993,1.0743509047993705,1.0571817562968002,1.0083179297597042,1.0134695773339524
pretrained,59,15,124277.8914058858,0.0006238259874025154,-0.0001480056893304882,-0.002870308527393476,0.19535165210194427,0.0550243198798866,0.26650842545287956,0.00026650842545287957,0.0005051397066563368,0.2020558826625347,1.4041117653250694,1.0,0.8082234859466553,0.8082235306501389,4.470348358154297e-08,False,0.8263711333274841,0.7177768464165256,3.0154869556427,73,0.030697127804160118,0.5549625139683485,-0.09780355729162693,0.027042627334594727,-0.10425232537090778,0.02077757753431797,0.5685760360211134,0.9822836111014266,0.9783176430619793,0.9764445432283997,0.9483705602343465,0.963940759819704,0.9404216315307058,1.0171860678276812
pretrained,59,16,120154.10059940882,-0.03241699272127385,-0.03318201459508896,-0.030390118140967703,0.16773543723324225,0.055478065445313494,0.28258877247571945,0.00028258877247571947,0.0005083764065057039,0.20335056260228157,1.4067011252045631,1.0,0.8134022951126099,0.8134022504091263,4.470348358154297e-08,False,0.8156176805496216,0.7084365160108598,2.977283477783203,74,0.026809340342879295,0.5688943322747946,-0.1012944895774126,0.020032912492752075,0.023110242560505867,-0.10205607302486897,0.5645037349313498,0.953865200398201,0.9405989802128366,0.9695992992920063,0.9972972972972974,1.0277221108884433,0.9517543859649122,0.9894120297364272
pretrained,59,17,121237.87587884518,0.009548570969923453,0.009019877590775272,0.004441016818104547,0.1751752554628102,0.05997602822926831,0.01994994282722473,1.994994282722473e-05,0.0005038800928741694,0.20155203714966774,1.4031040742993355,1.0,0.806208074092865,0.806208148598671,7.450580596923828e-08,False,0.8111521005630493,0.7045577625175279,2.9599921703338623,75,0.03300674073398113,0.567632494494319,-0.10092070139944553,0.016844861209392548,0.017585160210728645,-0.1006313357502222,0.5664827805012465,0.9753702827932057,0.9734845260871898,0.9817779805097796,0.9632210607820363,0.9691257718557038,0.9810547875064004,1.0403005464480872
pretrained,59,18,127578.53944428294,0.05285213825993096,0.05229936205558472,0.038044638484464696,0.21616911092109858,0.05898433947647354,0.020054575588021956,2.0054575588021955e-05,0.0005051106839839901,0.20204427359359606,1.404088547187192,0.9999999999999999,0.8081770539283752,0.808177094374384,4.0446008764405406e-08,False,0.8190573453903198,0.7114241709306836,2.988555669784546,76,0.03274975584021636,0.5713795968996627,-0.10178255050310067,0.018017117466245375,0.02232347668281623,-0.10026172309049539,0.5575743267046553,1.0891792688816473,1.1069920631695078,1.0876782985427245,0.965032154340836,1.0026827632461435,0.978079331941545,0.9929962792733641
pretrained,59,19,132058.7473892209,0.035674143373316536,0.03511725376739072,0.023517306312437952,0.24276125605472498,0.061496776423768905,0.028706653309719915,2.8706653309719917e-05,0.0005091453197279147,0.20365812789116589,1.4073162557823315,0.9999999999999998,0.8146325945854187,0.8146325115646631,8.302075560351341e-08,False,0.8087206482887268,0.7024458299060292,2.9532058238983154,77,0.025193822703191204,0.5688887975577797,-0.1024559893246208,0.019991255498358174,0.019630736804434223,-0.10120213856654509,0.5699535153274025,1.0442292370169115,1.0551892045973597,1.0483617643675298,0.9808413161182841,0.9802675585284282,0.9829242262540022,1.0125633678642274
pretrained,59,20,134900.76133548125,0.022043369309810767,0.021520830709411465,0.01304077017897293,0.25871433926668097,0.05824626065966112,0.004117332398891449,4.117332398891449e-06,0.000507281929520624,0.20291277180824963,1.405825543616499,0.9999999999999998,0.8116511702537537,0.8116510872329981,8.302075560351341e-08,False,0.8097388744354248,0.7033302498997103,2.954559326171875,78,0.02453729616744177,0.568299307620951,-0.10203815331416471,0.021090435928532048,0.019844866490789814,-0.10087461849408491,0.5691408656005348,1.0158957024486046,1.010169583320357,1.0122251879699948,0.9732484076433121,1.0010235414534288,0.8322475570032573,1.0013060513713536
pretrained,59,21,137594.23560719466,0.02050386299800433,0.019966338551752782,0.012085403475526505,0.27322536762745675,0.048512497704985474,0.024734212883881168,2.4734212883881168e-05,0.0005021291133016347,0.20085164532065392,1.4017032906413078,1.0,0.8034065365791321,0.8034065812826157,4.470348358154297e-08,False,0.8156682252883911,0.7084804186131335,2.970116376876831,79,0.027027567848563194,0.5566783491522074,-0.09932526759803295,0.02099604718387127,0.021867457777261734,-0.10152637772262096,0.5742822233587503,1.0517206371017433,1.0611916700117017,1.0221778015443597,1.0663176265270506,1.0606680299931834,1.1487279843444227,0.9993478260869567
pretrained,59,22,145285.2468989439,0.05671156063059879,0.05589631904134151,0.03540520222461312,0.3116988673353942,0.06136594966648662,0.27158331551722115,0.0002715833155172212,0.0005002036664102759,0.20008146656411036,1.4001629331282206,0.9999999999999999,0.8003259301185608,0.8003258662564412,6.386211959252819e-08,False,0.8210673332214355,0.713170024178176,2.9885592460632324,80,0.022446860160146437,0.5596514386790139,-0.0985307948929923,0.022868948589478216,-0.10155067167111806,0.028624816398535452,0.5664894027369363,1.0310187843265763,1.0178682872014018,1.0207962964654471,0.9975450081833063,0.980719794344473,0.9982964224872232,1.0815749401783774
pretrained,59,23,146062.64584606007,0.006140752874688404,0.0053508457583233415,0.0007822241758706672,0.3153622582916026,0.05762333560675423,0.27478900285703795,0.00027478900285703796,0.0005106054352862494,0.2042421741144998,1.4084843482289993,0.9999999999999998,0.8169687986373901,0.8169686964579985,1.0217939161449863e-07,False,0.8161895871162415,0.7089332677429543,2.9818761348724365,81,0.022531127291066294,0.5703591832092829,-0.10507211302007949,0.023568123312933092,0.024352643372757082,-0.09917006109442031,0.5634310969284602,0.9583849199542304,0.9559426386392028,0.9499728531432721,1.0254306808859721,1.0298165137614679,1.0329920364050056,1.0512872083668543
pretrained,59,24,152519.78451679196,0.045010473864384615,0.04420800837427841,0.026450446584240048,0.34434735587375354,0.050693019958218094,0.26488722381847246,0.0002648872238184725,0.0005033096271966185,0.2013238508786474,1.4026477017572947,0.9999999999999999,0.8052953481674194,0.8052954035145894,5.534716995825306e-08,False,0.8181477785110474,0.7106341311775035,2.9820759296417236,82,0.0304012620555503,0.5734679033713681,-0.10334400779434613,-0.09797984308430127,0.021183865677033148,0.020566590662513456,0.5557042291121823,1.0480212055948877,1.068795856752058,1.0230167177280944,0.9996,1.0413617562838053,0.9757709251101322,1.0109049167782667
pretrained,60,1,108563.6736210714,0.08755526819604098,0.08563673621071399,0.07408855415373937,0.07888157553475839,0.09586042762038036,1.277030535042286,0.001277030535042286,0.0004886049724050931,0.19544198896203724,1.3908839779240743,0.9999999999999999,0.7817678451538086,0.7817679558481485,1.1069433991650612e-07,False,0.9933747053146362,0.8628343059608309,3.964747190475464,60,0.30233987154705183,0.5762038725827421,-0.09952196744935854,-0.0959200215126787,0.03564429389578955,0.18854295196277754,0.09271099897367613,1.0911163764566931,1.1234912300099247,1.0672516751244587,0.9214727924405344,0.9787449392712549,0.9501831501831501,0.9801744647105474
pretrained,60,2,106466.08777787196,-0.017724446291118467,-0.019321249670684604,-0.02195628504339202,0.0607337783591958,0.0761697573565887,1.1384866328111716,0.0011384866328111717,0.0004884526479457105,0.19538105917828424,1.3907621183565684,0.9999999999999999,0.7815241813659668,0.7815242367131368,5.534716995825306e-08,False,0.8453567028045654,0.7342675025359,3.074704885482788,61,0.03963180684617587,0.5621497636394841,-0.10222042298742703,0.026690697829638205,0.027565194826040945,-0.09316063619085721,0.539343596036945,0.9575598807831897,0.9536357930098714,0.9593638617140574,0.9904526166902407,1.019303688383316,0.9602929838087895,1.0035059331175835
pretrained,60,3,101694.34255179636,-0.044261364024364425,-0.04481939109128574,-0.04673716939558989,0.016661128921044766,0.05329039914877708,0.08470756454127168,8.470756454127168e-05,0.0004993329010903835,0.1997331604361534,1.3994663208723068,1.0,0.7989326119422913,0.7989326417446136,2.9802322387695312e-08,False,0.8552477359771729,0.7428587447902708,3.1769590377807617,62,0.08198558911681175,0.5596992336213589,-0.10263494774699211,0.015630120411515236,0.017071345821022987,-0.0970982126891613,0.5253468714654446,0.906604323640961,0.8950099292047539,0.9116191074982402,0.9460906818993214,1.0010145417653027,0.8916097952629467,1.0064498790647676
pretrained,60,4,103204.9846129889,0.015415330926766169,0.014854730590574627,0.01101496067318623,0.031054552500611843,0.06756925812761695,0.052913202238934365,5.2913202238934366e-05,0.0004993289462955935,0.19973157851823742,1.3994631570364748,0.9999999999999999,0.7989262342453003,0.7989263140729497,7.982764937963793e-08,False,0.8748574256896973,0.7598915048582395,3.2904469966888428,63,0.09996754423316034,0.5344401498192123,-0.10308120652501074,0.014878861872213212,0.02233524367745432,-0.09665037199322668,0.5281097789161971,1.0798634244603893,1.039007305019145,1.1395080340749941,0.8803773584905662,0.9280405405405406,0.9914452949122017,1.0066755674232308
pretrained,60,5,108206.10391747871,0.04922190128098847,0.048458117824867086,0.04205241828190718,0.07583771728568045,0.05461493006322858,0.22379484852509834,0.00022379484852509836,0.0005044224991330079,0.20176899965320316,1.403537999306406,0.9999999999999999,0.8070759177207947,0.8070759986128122,8.089201752881081e-08,False,0.912340521812439,0.7924489084797512,3.474735736846924,64,0.03263222160083906,0.5443010191832269,-0.10234415424721582,0.02965974541647093,0.10885386275393621,-0.09942484540598734,0.4863221506987299,1.0537528861202778,1.0436698440150798,1.056726336776278,1.1337333904843547,1.097196942118675,1.0286103542234333,1.0366047745358091
pretrained,60,6,106379.61348083374,-0.015489609849871022,-0.016879735712856947,-0.01877933900193533,0.05997026377599257,0.058237709844949005,0.898579825248037,0.000898579825248037,0.0005144151300191879,0.20576605200767517,1.4115321040153503,1.0,0.8230641484260559,0.8230642080307007,5.960464477539063e-08,False,1.015228271484375,0.8818160723556812,4.121262073516846,65,0.0682440921664238,0.3116975650191307,-0.09793345630168915,0.12256243824958801,-0.10783259570598602,0.13014953583478928,0.5731124207377434,0.9410285276370367,0.912668726840604,0.9582963540708176,1.0015122873345936,0.9499004644990046,1.0061810154525386,1.00921187308086
pretrained,60,7,112968.3390342956,0.06341490791136706,0.06193597944073126,0.05160210904640624,0.11479622649279275,0.06447707340787877,0.8752621518714088,0.0008752621518714088,0.0005164409482053348,0.20657637928213393,1.4131527585642678,1.0,0.8263055086135864,0.8263055171285356,8.514949190185916e-09,False,0.9166216850280762,0.7961674796011081,3.4578511714935303,66,0.06584363696830611,0.5749355581189906,-0.10932896020156996,0.0349308167185102,0.06656048712985854,-0.09724741908056397,0.4643058803464685,1.0617528584451108,1.1068239035899863,1.0283217793331279,1.064175160437901,0.9811386657352429,1.100043878894252,1.0210446247464502
pretrained,60,8,110890.71240452946,-0.017391069872246256,-0.018391229326080394,-0.020282911687310126,0.09821122227802204,0.07395814945078821,0.5066442021301816,0.0005066442021301816,0.0005117353184946946,0.20469412739787785,1.4093882547957555,0.9999999999999998,0.8187763690948486,0.8187765095915109,1.4049666230420144e-07,False,0.9280065894126892,0.8060562819035753,3.5440378189086914,67,0.04558904947979109,0.5037936988685812,-0.1106444921876703,0.07616212697965757,-0.09404963521020754,0.0550516481910433,0.5240976038788046,0.9738875049333385,0.9888637987703586,0.9580667059670183,0.9741042923022349,1.0316838732645068,0.9409652971679298,0.9865905140302956
pretrained,60,9,118989.25482832061,0.07404829172602678,0.07303174673680202,0.058830795413546064,0.15958798007197017,0.05091924760804133,0.42867677978106916,0.00042867677978106916,0.0005182325547294957,0.20729302189179832,1.4145860437835966,0.9999999999999999,0.8291720747947693,0.8291720875671933,1.277242400732348e-08,False,0.8383204936981201,0.7281559289590068,3.088833808898926,68,0.05045129199113163,0.5564688428172043,-0.10342661451016155,0.020741792661803093,0.019880181444542733,-0.10386640738163677,0.5597509129771164,1.0350516236175364,1.0668988139445743,1.0189072752337456,0.971959213401311,0.9986197377501727,0.9864349300551081,1.0646866347847974
pretrained,60,10,119574.16230135922,0.005490056691597633,0.004915632708873741,0.001152253541182268,0.16369892897118554,0.05917390716066208,0.05111142780099595,5.1111427800995955e-05,0.0005203394006405558,0.20813576025622232,1.4162715205124445,0.9999999999999999,0.8325430750846863,0.8325430410248891,3.4059797204832876e-08,False,0.8506461977958679,0.7388618995094551,3.1308796405792236,69,0.037620083029781065,0.5617479687290532,-0.10425817913242749,0.03235691093972751,0.02854165115526744,-0.10387758112379483,0.547869146402393,1.0146423361916632,1.0003827389871474,1.0247643242463869,1.0041213937804423,1.0570145127850723,0.969058874086807,1.0042553191489363
pretrained,60,11,125323.79497929486,0.048673337700416264,0.048084239665798556,0.03562698492045276,0.2020669337652813,0.05482039747285965,0.04281953775456973,4.281953775456973e-05,0.0005190938245505095,0.20763752982020378,1.4152750596404076,1.0,0.830549955368042,0.8305501192808151,1.6391277313232422e-07,False,0.8273294568061829,0.71860923561388,3.0395352840423584,70,0.040322842076420784,0.5608443487435579,-0.1037446390837431,0.022577770054340363,0.017829952761530876,-0.10389289073646069,0.5660626161843538,1.0024823479186857,1.0579639578806326,0.9651039618260693,0.9328358208955223,0.9767898005884277,0.945011086474501,1.0153013182674198
pretrained,60,12,129321.84145821392,0.03245832418377681,0.03190173485872805,0.02156318713460457,0.2267354155151612,0.062105892305506574,0.022844948938914728,2.2844948938914728e-05,0.0005163917371204922,0.2065566948481969,1.4131133896963939,1.0,0.8262267112731934,0.8262267793927878,6.811959440966575e-08,False,0.8282592296600342,0.7194168260535821,3.037010908126831,71,0.03675903273480277,0.5658847045685564,-0.10247232498867173,0.02093511527138095,0.02293975731091838,-0.10408436985952516,0.5600380849625384,1.0647274634440285,1.0659156475343874,1.0455609523922245,1.0168,0.9832663989290497,1.0154856874706712,0.9983769997681431
pretrained,60,13,133138.46524889,0.030062999860507533,0.02951260009632084,0.019136869377662125,0.2489022626702262,0.0605995555480576,0.024307368589299078,2.430736858929908e-05,0.0005101714602538518,0.20406858410154072,1.4081371682030812,0.9999999999999998,0.8162742257118225,0.8162743364061624,1.1069433991650612e-07,False,0.8203079104423523,0.7125103979334011,2.997861385345459,72,0.030203842691012783,0.5644686717007841,-0.10217522350805147,0.02487197252256529,0.018757295927831097,-0.10189336059348925,0.5657668012593473,1.0311389371500623,1.0404774891800428,1.033478927516993,1.0743509047993705,1.0571817562968002,1.0083179297597042,1.0134695773339524
pretrained,60,14,133114.8247212014,0.0005993516414142253,-0.00017756346856179217,-0.0030688666465112416,0.24876887146535198,0.0587095088327406,0.2697610535791942,0.00026976105357919423,0.0005069902831954616,0.20279611327818464,1.405592226556369,0.9999999999999998,0.8111844658851624,0.8111844531127379,1.277242445141269e-08,False,0.829211413860321,0.7202438827414622,3.0289740562438965,73,0.031707497047526484,0.5531992965510912,-0.09794225756611144,0.02840882326875413,-0.1048538557120732,0.020795913147074824,0.5686845832637377,0.9822836111014266,0.9783176430619793,0.9764445432283997,0.9483705602343465,0.963940759819704,0.9404216315307058,1.0171860678276812
pretrained,60,15,128698.7014148734,-0.03240649022382858,-0.03317529295160948,-0.02857057440547623,0.2229913829694381,0.055861718191247016,0.28673639467784334,0.00028673639467784336,0.0005081307768289531,0.2032523107315813,1.4065046214631625,0.9999999999999999,0.8130092024803162,0.8130092429263249,4.0446008764405406e-08,False,0.8163509368896484,0.7090734143754482,2.979745388031006,74,0.027130518640790663,0.5685120137142283,-0.10116429014929704,0.02017658815852233,0.023201624463711462,-0.10208802058228425,0.5642315657543284,0.953865200398201,0.9405989802128366,0.9695992992920063,0.9972972972972974,1.0277221108884433,0.9517543859649122,0.9894120297364272
pretrained,60,16,129859.25554526263,0.009546933759125631,0.009017605598428347,0.004145179894843586,0.22993552072886436,0.055979157291653495,0.02026528279696191,2.026528279696191e-05,0.0005041947109358652,0.20167788437434608,1.4033557687486922,0.9999999999999999,0.8067114949226379,0.8067115374973843,4.257474639501879e-08,False,0.811676025390625,0.7050128378406244,2.962451934814453,75,0.033458678317921486,0.5673282726534775,-0.10091670017157284,0.01686670098985943,0.017562611294644204,-0.10076118420277325,0.5664616211184433,0.9753702827932057,0.9734845260871898,0.9817779805097796,0.9632210607820363,0.9691257718557038,0.9810547875064004,1.0403005464480872
pretrained,60,17,136652.31916724524,0.05286436918824622,0.052310970007177326,0.03522074236320739,0.26821585898141553,0.06119191778687564,0.020194399037531452,2.0194399037531452e-05,0.0005055567662098578,0.20222270648394314,1.404445412967886,0.9999999999999998,0.8088907599449158,0.8088908259357721,6.599085633496315e-08,False,0.819411039352417,0.7117313856027261,2.990523338317871,76,0.033103252894112034,0.5711991741721119,-0.10181582426386221,0.018012772447296543,0.02228853585464613,-0.10040688222008093,0.5576189711157764,1.0891792688816473,1.1069920631695078,1.0876782985427245,0.965032154340836,1.0026827632461435,0.978079331941545,0.9929962792733641
pretrained,60,18,141450.881074193,0.035672264796271946,0.0351151150320026,0.02166208685173417,0.2930408121844884,0.06325732702677407,0.02882144014750207,2.882144014750207e-05,0.000509282841480204,0.20371313659208162,1.4074262731841631,0.9999999999999999,0.8148525357246399,0.8148525463683263,1.0643686376710093e-08,False,0.8091031312942505,0.7027780504234706,2.9547367095947266,77,0.02538884111813136,0.5686501884566886,-0.1024025058639901,0.02008532413414546,0.019631643380437575,-0.10131063072809152,0.5699571395026786,1.0442292370169115,1.0551892045973597,1.0483617643675298,0.9808413161182841,0.9802675585284282,0.9829242262540022,1.0125633678642274
pretrained,60,19,144496.38277631352,0.02205311241952468,0.021530454098218854,0.01219119865814776,0.30794115341417083,0.054182851430693256,0.004352332758051941,4.352332758051941e-06,0.0005071592503892525,0.202863700155701,1.405727400311402,0.9999999999999999,0.8114548921585083,0.811454800622804,9.153570434961011e-08,False,0.8100855350494385,0.703631355483229,2.955671548843384,78,0.024684764710920182,0.5680332931556872,-0.10191919627998558,0.021203255546944466,0.01984044191028389,-0.10094450387571541,0.5691019448318652,1.0158957024486046,1.010169583320357,1.0122251879699948,0.9732484076433121,1.0010235414534288,0.8322475570032573,1.0013060513713536
pretrained,60,20,147379.9507259349,0.020493757537939805,0.019955987092668437,0.010813096244012716,0.3214816567149069,0.054548141134467355,0.0252925359777042,2.52925359777042e-05,0.0005018171947449446,0.20072687789797783,1.4014537557959557,1.0,0.8029075860977173,0.8029075115919113,7.450580596923828e-08,False,0.8162421584129333,0.7089789305910739,2.9718687534332275,79,0.027259573340415955,0.5560455452650785,-0.0992067027837038,0.021120406687259674,0.021947644650936127,-0.10152017511427402,0.5743537079542875,1.0517206371017433,1.0611916700117017,1.0221778015443597,1.0663176265270506,1.0606680299931834,1.1487279843444227,0.9993478260869567
pretrained,60,21,155620.4219290262,0.05672917631745866,0.05591310868610022,0.03255546788360494,0.3574108156215705,0.06747382046117316,0.2717956618538925,0.00027179566185389246,0.0005007607503128903,0.20030430012515615,1.400608600250312,0.9999999999999998,0.8012171983718872,0.801217200500624,2.128736742434967e-09,False,0.8217313289642334,0.7137467635523848,2.9915707111358643,80,0.022731056170804148,0.5591917072555848,-0.09856538128639972,0.0233164576015302,-0.10173891883875644,0.02839412141059125,0.5666709576866455,1.0310187843265763,1.0178682872014018,1.0207962964654471,0.9975450081833063,0.980719794344473,0.9982964224872232,1.0815749401783774
pretrained,60,22,156453.03222250493,0.006140939729007977,0.00535026369391578,0.00046944395009227303,0.3608305407735297,0.05900562403733869,0.2752441609544414,0.00027524416095444135,0.0005109149576830013,0.20436598307320053,1.408731966146401,0.9999999999999999,0.8174639344215393,0.8174639322928021,2.1287371865241766e-09,False,0.8167300820350647,0.7094027356644377,2.9841554164886475,81,0.022619027910487977,0.5701556841709784,-0.10500552106116501,0.023801967767732468,0.0244336745568684,-0.09936046201203552,0.5633556286671332,0.9583849199542304,0.9559426386392028,0.9499728531432721,1.0254306808859721,1.0298165137614679,1.0329920364050056,1.0512872083668543
pretrained,60,23,163370.3480791429,0.04501628179596229,0.04421337035385964,0.02436176431419071,0.38789381809019496,0.054030260049490755,0.2651846930384636,0.0002651846930384636,0.0005034349566059454,0.20137398264237816,1.4027479652847563,0.9999999999999999,0.8054958581924438,0.8054959305695126,7.23770687827141e-08,False,0.8182434439659119,0.7107172251358164,2.9827256202697754,82,0.030649507684367028,0.5733742697962693,-0.10346125970993725,-0.09791272293244091,0.021173855555909005,0.020438557756798592,0.5557377918490342,1.0480212055948877,1.068795856752058,1.0230167177280944,0.9996,1.0413617562838053,0.9757709251101322,1.0109049167782667
pretrained,60,24,168071.91800475004,0.029572599350693674,0.028778600161453616,0.013894794128424391,0.40501660725277255,0.06455990068306397,0.265527181327343,0.000265527181327343,0.0005059633483844144,0.2023853393537658,1.4047706787075316,0.9999999999999999,0.8095413446426392,0.8095413574150632,1.277242400732348e-08,False,0.8060637712478638,0.7001380958301446,2.940412759780884,83,0.024695026023047295,0.5701839274593762,-0.10163166161094395,0.019376101238386956,-0.10075367774282185,0.018747324390070763,0.5693829602428845,1.0346697982446185,1.0596108138674234,1.0111806730814872,0.9767907162865145,0.9780018331805682,0.9322799097065462,0.9918622255866768
pretrained,61,1,98019.88234886531,-0.017731870710270048,-0.01980117651134683,-0.024050542752063805,-0.020201183715842452,0.07698718072442703,1.6132878788879939,0.001613287878887994,0.0004955950911555971,0.19823803646223886,1.3964760729244776,0.9999999999999999,0.7929521203041077,0.7929521458489552,2.554484757055775e-08,False,0.8589959740638733,0.7461144230260981,3.1429126262664795,61,0.04523842462471553,0.5582168666379792,-0.10310773870774678,0.03262170457414218,0.028019682105098448,-0.09513029775449208,0.5341413585203034,0.9575598807831897,0.9536357930098714,0.9593638617140574,0.9904526166902407,1.019303688383316,0.9602929838087895,1.0035059331175835
pretrained,61,2,93634.21283590788,-0.04418311103028616,-0.04474265228505658,-0.05046671185842465,-0.06798569637412388,0.05364398400286436,0.08035974044884969,8.035974044884969e-05,0.0005052180042756456,0.20208720171025824,1.4041744034205161,0.9999999999999998,0.8083488345146179,0.8083488068410323,2.7673585645260346e-08,False,0.8587510585784912,0.7459016921384298,3.20304799079895,62,0.08541829484914029,0.5577634011528321,-0.10350811135556018,0.016430593760950213,0.0169400998524257,-0.09857909035469806,0.5255348120949097,0.906604323640961,0.8950099292047539,0.9116191074982402,0.9460906818993214,1.0010145417653027,0.8916097952629467,1.0064498790647676
pretrained,61,3,95018.27126164193,0.01534392863475631,0.01478154601630055,0.012477398095033804,-0.05242916622467697,0.061582641088262155,0.05535178817808628,5.535178817808628e-05,0.0004986855261293906,0.19947421045175623,1.3989484209035121,0.9999999999999998,0.7978969216346741,0.7978968418070242,7.982764982372714e-08,False,0.874661922454834,0.7597216929060487,3.2884788513183594,63,0.09994066759411777,0.5310959915763565,-0.10274878636534726,0.015422109248382693,0.021546802217406874,-0.09672542408640897,0.5314686398154922,1.0798634244603893,1.039007305019145,1.1395080340749941,0.8803773584905662,0.9280405405405406,0.9914452949122017,1.0066755674232308
pretrained,61,4,99631.28630366054,0.04932066784100719,0.04854871574453545,0.04614571777351296,-0.003700782254438373,0.05165332393451281,0.23023338748940395,0.00023023338748940394,0.000505705787135022,0.20228231485400883,1.4045646297080174,0.9999999999999999,0.8091291785240173,0.8091292594160349,8.089201752881081e-08,False,0.9139182567596436,0.793819311642705,3.481393814086914,64,0.03292226525289671,0.5440605144415582,-0.102472080716065,0.03171093495828764,0.10713344173771994,-0.09981023413794382,0.4864551584635462,1.0537528861202778,1.0436698440150798,1.056726336776278,1.1337333904843547,1.097196942118675,1.0286103542234333,1.0366047745358091
pretrained,61,5,98021.49785449014,-0.014751214838359172,-0.01615745925696488,-0.019341178346500072,-0.0201843696415136,0.05715181918849694,0.9149967708757945,0.0009149967708757945,0.0005133216003222126,0.20532864012888505,1.41065728025777,0.9999999999999998,0.8213146328926086,0.8213145605155399,7.23770687827141e-08,False,1.0183367729187012,0.8845160823955136,4.144312381744385,65,0.06966630901609147,0.3017730766109058,-0.09725113425936019,0.1396350615790912,-0.10807750586952486,0.12061688091073716,0.5736373120120593,0.9410285276370367,0.912668726840604,0.9582963540708176,1.0015122873345936,0.9499004644990046,1.0061810154525386,1.00921187308086
pretrained,61,6,104066.70454127184,0.06316655036316443,0.06167225373107055,0.05623849149883375,0.03907786413721814,0.06047484559795996,0.8909063935279845,0.0008909063935279845,0.0005155973615390915,0.2062389446156366,1.412477889231273,0.9999999999999998,0.8249557018280029,0.8249557784625461,7.663454315576246e-08,False,0.9133200645446777,0.7932997284865507,3.436882972717285,66,0.061254953699452525,0.573533462094409,-0.10869458903159418,0.035854370998484736,0.06561530541096414,-0.09754435558404242,0.46998085241232596,1.0617528584451108,1.1068239035899863,1.0283217793331279,1.064175160437901,0.9811386657352429,1.100043878894252,1.0210446247464502
pretrained,61,7,102150.01309417437,-0.017414359271585744,-0.018417912391348268,-0.021787633884493895,0.021047604685006105,0.07514748864563717,0.5104153837476456,0.0005104153837476456,0.0005114456239555563,0.2045782495822225,1.409156499164445,1.0,0.81831294298172,0.8183129983288899,5.534716995825306e-08,False,0.9323853850364685,0.8098596554571542,3.5758614540100098,67,0.04574436002543994,0.4953353298561914,-0.11072387120553423,0.08413786866835185,-0.09385437837668828,0.053157307739768705,0.5262033832924706,0.9738875049333385,0.9888637987703586,0.9580667059670183,0.9741042923022349,1.0316838732645068,0.9409652971679298,0.9865905140302956
pretrained,61,8,109598.9691282794,0.07394958331799217,0.07292173352183196,0.06415262083837728,0.08758265889384731,0.047648667409278596,0.4394715822168759,0.0004394715822168759,0.0005180612392723559,0.2072244957089424,1.4144489914178848,1.0,0.8288978338241577,0.8288979828357697,1.4901161193847656e-07,False,0.8396238684654236,0.7292880258975905,3.0927772521972656,68,0.04974382370710373,0.5555014461278915,-0.1031428650021553,0.021641016006469727,0.020455405116081238,-0.10408163070678711,0.5598828047513962,1.0350516236175364,1.0668988139445743,1.0189072752337456,0.971959213401311,0.9986197377501727,0.9864349300551081,1.0646866347847974
pretrained,61,9,110146.00025874538,0.005569057035483382,0.0049912068956206035,0.001332765861146468,0.09211410523224872,0.06397360954509888,0.05386030567543848,5.386030567543848e-05,0.0005209547507443599,0.20838190029774395,1.4167638005954877,0.9999999999999998,0.8335276246070862,0.8335276011909754,2.3416110828122783e-08,False,0.8542582988739014,0.7419993306419885,3.1471993923187256,69,0.03766975472015993,0.5606055288974727,-0.10416698163109167,0.03423283169312136,0.029689659497567578,-0.10421491866665228,0.5461841254894222,1.0146423361916632,1.0003827389871474,1.0247643242463869,1.0041213937804423,1.0570145127850723,0.969058874086807,1.0042553191489363
pretrained,61,10,115430.66524529882,0.04857190100996123,0.047978727998648774,0.03872406774007137,0.13367908096611492,0.0568181598758964,0.046130327773945684,4.613032777394569e-05,0.0005197258160582612,0.20789032642330446,1.415780652846609,1.0,0.8315613269805908,0.8315613056932181,2.1287372753420186e-08,False,0.8292407989501953,0.7202694063062275,3.0476388931274414,70,0.0407221232141767,0.5599955980266844,-0.10362172233206887,0.023430376180580664,0.018090567418507147,-0.10426860409123559,0.5656516615833556,1.0024823479186857,1.0579639578806326,0.9651039618260693,0.9328358208955223,0.9767898005884277,0.945011086474501,1.0153013182674198
pretrained,61,11,119111.17211925515,0.03244379032638234,0.03188500097556379,0.023785399370101202,0.16044819120846932,0.05967421744506395,0.02588615193963051,2.588615193963051e-05,0.0005154901703021357,0.20619606812085428,1.4123921362417087,1.0,0.8247842192649841,0.8247842724834173,5.3218433215818095e-08,False,0.8298379182815552,0.7207880575675222,3.041877269744873,71,0.03667623256998401,0.5655970581408059,-0.10219927797360082,0.02137294864015918,0.023737924971750785,-0.10399679014725347,0.5588119037981545,1.0647274634440285,1.0659156475343874,1.0455609523922245,1.0168,0.9832663989290497,1.0154856874706712,0.9983769997681431
pretrained,61,12,122633.63330800038,0.030124777900619737,0.0295728866240903,0.021259458325385158,0.18456301666570463,0.05710734263700306,0.025257661938667297,2.52576619386673e-05,0.0005106377747974226,0.20425510991896906,1.4085102198379382,1.0,0.8170203566551208,0.8170204396758765,8.302075560351341e-08,False,0.8223341703414917,0.7142703849195973,3.0060653686523438,72,0.030554388516715575,0.5638170734580075,-0.102106566673943,0.02584776362138133,0.019010922738483954,-0.10214854324502606,0.5650249615843808,1.0311389371500623,1.0404774891800428,1.033478927516993,1.0743509047993705,1.0571817562968002,1.0083179297597042,1.0134695773339524
pretrained,61,13,122604.23190365704,0.000541447112472726,-0.00023974992463526856,-0.003079554088828259,0.18436746882782595,0.05768012501899171,0.27321579147662434,0.00027321579147662436,0.0005078634606408221,0.2031453842563289,1.4062907685126578,0.9999999999999999,0.812581479549408,0.8125815370253155,5.747590758886645e-08,False,0.8321058750152588,0.7227579797568078,3.0417041778564453,73,0.03232358422662529,0.5513945783355406,-0.09797090637896744,0.030180625883596268,-0.10517447787736145,0.02083316285695347,0.5684134329536131,0.9822836111014266,0.9783176430619793,0.9764445432283997,0.9483705602343465,0.963940759819704,0.9404216315307058,1.0171860678276812
pretrained,61,14,118540.08681883206,-0.03237577020722937,-0.033148489425867456,-0.030552926634652644,0.15640351982504752,0.051779552637484225,0.29174167343548363,0.00029174167343548363,0.0005071510121758495,0.2028604048703398,1.4057208097406797,1.0,0.8114414811134338,0.8114416194813594,1.3836792556176647e-07,False,0.8177344799041748,0.7102751445688175,2.9837210178375244,74,0.027194328073944368,0.5682110054684537,-0.10088946537247725,0.020450913746442118,0.023879931707467356,-0.10197093949786254,0.5631242258740323,0.953865200398201,0.9405989802128366,0.9695992992920063,0.9972972972972974,1.0277221108884433,0.9517543859649122,0.9894120297364272
pretrained,61,15,119604.80389833923,0.00951174266627075,0.00898191580654406,0.0048049811153629066,0.16391318123812793,0.05409360595434995,0.02077740377613474,2.077740377613474e-05,0.0005041951366833279,0.20167805467333116,1.4033561093466624,1.0,0.8067123293876648,0.8067122186933249,1.1069433991650612e-07,False,0.8122663497924805,0.7055255871011418,2.9645276069641113,75,0.03356311736362319,0.5674011808420931,-0.10084132584077973,0.01697475729244094,0.017777210899761725,-0.10083672883255143,0.5659617882754122,0.9753702827932057,0.9734845260871898,0.9817779805097796,0.9632210607820363,0.9691257718557038,0.9810547875064004,1.0403005464480872
pretrained,61,16,125866.99544703939,0.052912341305834554,0.052357358104301976,0.0389362780640908,0.2055105498877452,0.05322181171052943,0.021623347486768474,2.1623347486768475e-05,0.0005056090679551873,0.20224362718207495,1.40448725436415,1.0,0.8089745044708252,0.8089745087283,4.257474817137563e-09,False,0.8208786249160767,0.7130061142267626,2.995948314666748,76,0.033318221036876955,0.5713931316775935,-0.10177806818059512,0.018224583406533518,0.022975937862481394,-0.10046555900147983,0.5563317531985896,1.0891792688816473,1.1069920631695078,1.0876782985427245,0.965032154340836,1.0026827632461435,0.978079331941545,0.9929962792733641
pretrained,61,17,130285.30533091728,0.03566141569094161,0.03510300590067694,0.023710035853802124,0.23245373109418843,0.06466290705282222,0.030479247548750504,3.0479247548750505e-05,0.0005088479670562915,0.2035391868225166,1.407078373645033,0.9999999999999998,0.8141567707061768,0.8141567472900659,2.3416110828122783e-08,False,0.8095132112503052,0.703134241347578,2.955676317214966,77,0.02535821417612688,0.5685918360416378,-0.10228349720793112,0.02023686016244547,0.019793176225253506,-0.10125568961458548,0.5695591002170528,1.0442292370169115,1.0551892045973597,1.0483617643675298,0.9808413161182841,0.9802675585284282,0.9829242262540022,1.0125633678642274
pretrained,61,18,133087.90013341047,0.022033506034631056,0.021511211839084554,0.013530832401916375,0.24861689229631223,0.0526465760041485,0.004529682653290595,4.5296826532905955e-06,0.0005066352577081749,0.20265410308326998,1.40530820616654,1.0,0.8106164336204529,0.8106164123330801,2.1287372753420186e-08,False,0.8105865716934204,0.7040665503826543,2.956855058670044,78,0.024669975840619612,0.5678961303617274,-0.1017898667071547,0.021416169458201934,0.01999362451689582,-0.10086423637611527,0.5686782029058253,1.0158957024486046,1.010169583320357,1.0122251879699948,0.9732484076433121,1.0010235414534288,0.8322475570032573,1.0013060513713536
pretrained,61,19,135747.0872848333,0.020517583034606046,0.019980683058018034,0.012012510532551876,0.2633359433328132,0.05413081007898151,0.02455263371978489,2.4552633719784888e-05,0.0005016913704041924,0.20067654816167696,1.4013530963233538,0.9999999999999999,0.8027060627937317,0.8027061926467076,1.2985297592749134e-07,False,0.8159009218215942,0.7086825362537897,2.970468521118164,79,0.02699256369045802,0.5565632456647498,-0.09919941185840539,0.021085637222443304,0.021972528259669027,-0.10147713630327157,0.5740625733243567,1.0517206371017433,1.0611916700117017,1.0221778015443597,1.0663176265270506,1.0606680299931834,1.1487279843444227,0.9993478260869567
pretrained,61,20,143334.92396848547,0.056712061248263,0.05589686552707285,0.035913992468356706,0.30233332371957977,0.061667758368197684,0.2706067290689264,0.00027060672906892644,0.000501136447169951,0.2004545788679804,1.400909157735961,1.0,0.8018183708190918,0.8018183154719218,5.534716995825306e-08,False,0.82244873046875,0.7143698905818261,2.994588613510132,80,0.022903678406562128,0.5589605042976993,-0.09875778162053653,0.023825948525752344,-0.10169679724744388,0.028247028057064333,0.5665174195809024,1.0310187843265763,1.0178682872014018,1.0207962964654471,0.9975450081833063,0.980719794344473,0.9982964224872232,1.0815749401783774
pretrained,61,21,144101.32210038198,0.006138231146021411,0.005346904373877637,0.000700355148041567,0.30604384094172776,0.060203241482128474,0.27572907720293316,0.0002757290772029332,0.0005110794345715217,0.20443177382860866,1.408863547657217,0.9999999999999998,0.8177269697189331,0.8177270953144342,1.2559550111035378e-07,False,0.8177423477172852,0.7102819784644544,2.9880712032318115,81,0.022636358759232922,0.5699642143611396,-0.10497225900845869,0.024166830948420925,0.024823148867913647,-0.09945951482014997,0.5628412208919014,0.9583849199542304,0.9559426386392028,0.9499728531432721,1.0254306808859721,1.0298165137614679,1.0329920364050056,1.0512872083668543
pretrained,61,22,150473.99038769698,0.04502705891847025,0.04422352407617569,0.02652321587244535,0.33543332145077365,0.057325292732010674,0.2654498959226268,0.0002654498959226268,0.0005037588227008071,0.20150352908032282,1.4030070581606455,0.9999999999999999,0.8060141801834106,0.806014116321291,6.386211959252819e-08,False,0.8185924887657166,0.7110204015968008,2.984388828277588,82,0.03065285884908267,0.5734717292445046,-0.10366947523185185,-0.09783405384847096,0.021450464214597426,0.020438634391341887,0.5554898423807961,1.0480212055948877,1.068795856752058,1.0230167177280944,0.9996,1.0413617562838053,0.9757709251101322,1.0109049167782667
pretrained,61,23,154803.83028512972,0.029569250081262766,0.028774673192867972,0.015420110534749063,0.3540211517001083,0.06335439429171145,0.26600281042712076,0.00026600281042712075,0.0005060517708105701,0.20242070832422804,1.4048414166484557,0.9999999999999998,0.8096829056739807,0.8096828332969115,7.237706922680331e-08,False,0.8062494993209839,0.7002994171847259,2.9411559104919434,83,0.024686632411820536,0.5702295952609606,-0.10178484235491073,0.01953597898994172,-0.10063586596931731,0.0187319197825023,0.5692365818790026,1.0346697982446185,1.0596108138674234,1.0111806730814872,0.9767907162865145,0.9780018331805682,0.9322799097065462,0.9918622255866768
pretrained,61,24,155572.05294334763,0.005718626270563298,0.004962555879934882,9.446759385440531e-05,0.35721102789319426,0.06190817198463133,0.24496444580810411,0.0002449644458081041,0.0005070895675037588,0.20283582700150354,1.405671654003007,0.9999999999999999,0.811343252658844,0.811343308006014,5.534716995825306e-08,False,0.8064227104187012,0.7004498664326119,2.942615509033203,84,0.023846829842243872,0.5689149467008454,-0.10123997500964574,0.01971984335354396,0.019469148080263815,-0.1015958519918578,0.5708850590246064,1.011321312412097,0.9924882378382841,1.0440690175133274,1.0090126997132325,0.9662605435801311,1.0036319612590798,1.0263308528906698
full,1,1,100688.43483720979,0.00876114412650586,0.006884348372097948,0.0043090776809638475,0.006837278167277416,0.05056400972627137,1.3455119250076157,0.0013455119250076158,0.0005167166303311075,0.206686652132443,1.413373304264886,1.0,0.8267465829849243,0.8267466085297719,2.554484757055775e-08,False,0.9884263873100281,0.8585362515526233,4.002981185913086,1,0.3176090424614293,0.21290051990321704,0.04741189682057925,-0.10743909275957514,-0.09924755937286786,0.0579473642366273,0.5708178287105901,1.0005303404444805,1.012687236336312,1.0027938226015538,1.0313199105145414,1.0026604589291652,1.0684019370460047,1.009502923976608
full,1,2,101536.86011262296,0.009191647450981,0.008426243558010249,0.005486805856641028,0.015135982252339808,0.05623796456842727,0.24210314346211298,0.00024210314346211298,0.000516617259542857,0.2066469038171428,1.4132938076342856,0.9999999999999999,0.8265875577926636,0.8265876152685712,5.747590758886645e-08,False,0.9633023738861084,0.8367138107660801,4.011672496795654,2,0.28133114081408295,0.3338543663599661,0.020995231611388054,-0.1074970697185823,-0.09914983409856049,0.03749527063752922,0.5329708943941763,1.019315344276995,1.0104687132164811,1.0205171841833278,0.9855386840202459,1.0069651741293533,1.0084985835694051,0.997465604634323
full,1,3,102016.57849463631,0.005272445552906069,0.0047245737309706826,0.002027376307321142,0.01976716455690919,0.05207611994496478,0.025759550609758874,2.5759550609758876e-05,0.0005193873627909592,0.2077549451163837,1.4155098902327672,0.9999999999999999,0.8310198783874512,0.8310197804655344,9.792191679736106e-08,False,0.9537041187286377,0.8283768722645022,3.9553587436676025,3,0.2861045684133257,0.3318725313459124,0.021618996879884167,-0.10897856844323023,-0.09877637667315348,0.028078829071351452,0.5400800194059099,1.0221921915497179,1.0356698471049701,1.0434986865451779,1.0458547322083638,1.021080368906456,0.9960674157303371,0.9876588021778585
full,1,4,103214.67020451564,0.012441627562052693,0.011744088338958791,0.00860331715871757,0.031145477654929365,0.055499918786052135,0.17169430000441427,0.00017169430000441428,0.0005175104950155531,0.20700419800622125,1.4140083960124425,1.0,0.8280167579650879,0.8280167920248851,3.4059797204832876e-08,False,0.9819016456604004,0.852868932964068,4.018377304077148,4,0.3107755812151092,0.24698387405702046,0.03650191745587758,-0.10726932861975264,-0.09973486938646861,0.05193732253142766,0.5608055027467864,1.0280826401994365,1.021746058022258,1.0382897806730846,1.0024552788495267,0.9977419354838709,0.9379582628313593,1.000367511944138
full,1,5,103379.0889474793,0.0021649780122303675,0.0015929784267862956,-0.0009937060062613448,0.032686387371782755,0.05069231446229468,0.05718696330274847,5.718696330274847e-05,0.0005137398785778454,0.2054959514311382,1.4109919028622762,0.9999999999999999,0.8219836950302124,0.8219838057245523,1.1069433991650612e-07,False,0.9828978776931763,0.8537342491131277,3.974400520324707,5,0.3035328287099089,0.23248379411441938,0.04887735950095312,-0.10924573508756502,-0.09625021634357317,0.047063079795667095,0.5735388893101896,1.0098316194475092,1.0042798992640376,1.018410706312502,1.0,1.002909796314258,0.988574864702345,0.9966936076414401
full,1,6,106006.21361802815,0.0260118932405069,0.02541253455893333,0.021357573431420026,0.05665907132265213,0.05230221038898704,0.06833647617271965,6.833647617271965e-05,0.000515997697200094,0.2063990788800376,1.4127981577600752,0.9999999999999999,0.825596272945404,0.8255963155201504,4.257474639501879e-08,False,0.9677197337150574,0.8405506807626674,3.932932138442993,6,0.3329143172928265,0.2372705436178616,0.03861953530992779,-0.10967451121125904,-0.09672456766877857,0.03522146706070217,0.5623732155987194,1.0561787225444728,1.07454593939288,1.0578565933512618,1.0892232330300908,1.0396518375241781,0.9933090024330901,1.002211573903428
full,1,7,104651.53395241952,-0.012018812741692031,-0.012779247738155641,-0.01552399769942064,0.04444783345970216,0.06625519672941331,0.2564922677619116,0.0002564922677619116,0.0005134897971791881,0.20539591887167524,1.4107918377433504,0.9999999999999999,0.8215836882591248,0.8215836754867007,1.277242400732348e-08,False,1.0149372816085815,0.8815633217609875,4.1075239181518555,7,0.31205233718667713,0.13320566500936235,0.07169326926980699,-0.1053520760365895,-0.10004384283508574,0.11377510960612977,0.5746695377996989,0.9610526217750979,0.9804529781020231,0.9571618544716682,0.9222614840989399,0.947596899224806,1.011022657685242,0.9845531445384331
full,1,8,103609.07995640142,-0.009063010058639853,-0.009961191744136788,-0.0125418317031131,0.03483362614473662,0.05855248776295123,0.4009984992444516,0.00040099849924445156,0.0005058088911963362,0.20232355647853448,1.4046471129570688,0.9999999999999999,0.8092942833900452,0.8092942259141376,5.747590758886645e-08,False,0.9424501657485962,0.8186018129068409,3.930506467819214,8,0.3196000528654882,0.3152188432535955,0.02247225839112485,-0.11321806934263029,-0.08910548713590419,0.016900194542748576,0.5281322074255772,0.9731154872222838,0.9711852581306858,0.9629996232560255,0.9522814350400557,0.9581151832460733,1.0533010296789824,0.9988793425476279
full,1,9,104797.52718513165,0.012383227544010333,0.011470493022718964,0.007996059936441226,0.04577901133732387,0.05898650512292054,0.3983572202601602,0.0003983572202601602,0.0005036196112632751,0.20144784450531006,1.4028956890106201,1.0,0.8057911992073059,0.8057913780212402,1.7881393432617188e-07,False,0.935529351234436,0.8125904697992895,4.029448986053467,9,0.33235279470682144,0.40000302344560623,0.013158765621483326,-0.11267969757318497,0.0119978291913867,-0.08876814693212509,0.44393543154001236,1.0109963000452014,1.0079791009476824,1.0086329152204732,0.9663496708119972,0.9583333333333334,0.9815986198964922,1.0011219147344803
full,1,10,107174.72595326163,0.023343471611341204,0.02268372958772691,0.018181695879482228,0.0669441968658776,0.05966979298143008,0.14348950556346343,0.00014348950556346344,0.0005014110569443022,0.20056442277772088,1.4011288455554418,1.0,0.8022576570510864,0.8022576911108836,3.4059797204832876e-08,False,0.9326857328414917,0.8101205342459008,3.8880906105041504,10,0.2710602538926261,0.3915848689419883,0.014859035078968325,-0.10976221838167738,0.015771455530609407,-0.0908022043960435,0.5072888093335288,1.0132439300667035,1.0452709779845217,1.0043046145479644,1.0034065102195306,1.0245901639344261,0.9660222612770942,0.9977586850952559
full,1,11,108097.01713419825,0.009550557576434748,0.008605491385523356,0.0050366769994068614,0.07490509311784366,0.05848438505118385,0.4325121396354267,0.00043251213963542667,0.0005040519684553147,0.20162078738212585,1.4032415747642517,1.0,0.8064830899238586,0.8064831495285034,5.960464477539063e-08,False,0.9488224983215332,0.8241367506533986,3.882235288619995,11,0.3171263262629509,0.2870239242911339,0.02466203272342682,-0.10569711774587631,-0.09592366963624954,0.022570617496967316,0.5502378866076469,1.004842437168933,1.0091613275630966,0.9940845942149397,0.9411542814032442,0.9356521739130435,0.9241964827167981,0.9906402096593037
full,1,12,110176.06132429543,0.020115979832674658,0.019233131914418333,0.015063185992423948,0.09236181800275933,0.04787077784983454,0.3555291678224292,0.00035552916782242923,0.0005102843099406788,0.2041137239762715,1.408227447952543,1.0,0.8164548873901367,0.8164548959050859,8.514949190185916e-09,False,0.9744484424591064,0.8463951629184168,3.9279229640960693,12,0.31601661337273457,0.23135627699749808,0.03977006194846969,-0.10801373528582708,0.045168991067579795,-0.09609998869044442,0.5718017805899893,1.0360215483535529,1.021502497143988,1.0471245506781481,1.0400801603206413,1.0360594795539033,0.9770341207349081,1.0041572184429328
full,1,13,111916.49739477602,0.016734004311020678,0.01579686230893418,0.01144912722881536,0.106476682814166,0.053314751651826156,0.41737694080386845,0.00041737694080386847,0.0005047660720135485,0.20190642880541937,1.4038128576108388,1.0,0.8076257109642029,0.8076257152216777,4.257474817137563e-09,False,0.9870566129684448,0.8573464806766187,3.921480655670166,13,0.34216728753277237,0.16454882866569928,0.05631517193147115,-0.1051943978028638,-0.09671203100255557,0.06378997809120587,0.5750851625842708,1.030263218631604,1.0570596953253422,1.0216260752256048,0.9703275529865124,0.9601722282023681,0.9194089993284082,0.9894617990214528
full,1,14,111033.97870315793,-0.006917994990664145,-0.007885510288130892,-0.009706061439634374,0.09937479348242184,0.05208344215780427,0.46604230148451664,0.00046604230148451667,0.0005086877835648401,0.20347511342593605,1.406950226851872,0.9999999999999999,0.813900351524353,0.8139004537037442,1.0217939117040942e-07,False,0.9874824285507202,0.857716339392,3.9699318408966064,14,0.27121683050479206,0.24182859648551258,0.05888012636985096,-0.11162923436079708,0.04857191656317028,-0.09184587906513897,0.58297764350261,1.0042943009181393,0.992207955075134,1.0190061088156275,1.0559968228752978,1.046711509715994,0.9831994156318481,0.99163179916318
full,1,15,109454.71796202556,-0.013252765080444928,-0.014223220311274432,-0.015420534688736349,0.08638017746576998,0.04851837344168974,0.4699432615722928,0.00046994326157229286,0.0005140298631574426,0.20561194526297705,1.4112238905259542,1.0,0.8224477171897888,0.8224477810519084,6.386211959252819e-08,False,0.9933462142944336,0.8628095589751152,3.9832022190093994,15,0.33861779368349487,0.1662156502051013,0.057134720895971575,-0.10660067253879138,-0.09901127272418567,0.07069622672029904,0.5729475537581104,0.9305966410201849,0.9079768850724007,0.9492578825091647,0.9386987589319293,0.9339521599428774,0.9034175334323922,1.038741848868431
full,1,16,109842.4119913885,0.00461742166460799,0.003542049503041378,0.0005438590191561487,0.08960484218209008,0.05361611394327907,0.5552720384938377,0.0005552720384938377,0.0005157308174031122,0.2062923269612449,1.4125846539224898,0.9999999999999999,0.8251692652702332,0.8251693078449795,4.257474639501879e-08,False,0.9907540082931519,0.860557997450489,4.023135662078857,16,0.37194526408399853,0.09550348882164272,0.0420510417648724,-0.11342011179242817,0.14529727612222942,-0.09287221516881672,0.5514952561685017,1.0178593449224487,1.0033726303860246,1.0168301139748919,0.9911858974358975,0.9889143730886851,1.0394736842105263,1.002215657311669
full,1,17,105470.43586746055,-0.038551148057542894,-0.03980225893319511,-0.04061413001144879,0.05186700730368621,0.057525902660898305,0.7867325805127621,0.000786732580512762,0.0005153913968907936,0.20615655875631744,1.4123131175126349,0.9999999999999999,0.8246262073516846,0.8246262350252698,2.7673585201171136e-08,False,0.9559389352798462,0.830318009257014,4.1331706047058105,17,0.33320618074919495,0.37277052205588135,-0.09052763480160919,-0.11562892395470825,0.018522549686687317,0.02322704185332569,0.45843026441122803,0.9005749972130336,0.8982312353523753,0.906226913619528,0.9240097008892482,0.9984538074990336,0.9446202531645569,1.0361090641120116
full,1,18,110873.06836349993,0.05250222031592289,0.051224141169081694,0.04204993739038506,0.09806771404442705,0.08301538700711558,0.7064297119421618,0.0007064297119421618,0.00050863259604999,0.20345303841999604,1.406906076839992,0.9999999999999998,0.8138120770454407,0.8138121536799838,7.663454315576246e-08,False,1.0473257303237915,0.9096955708698319,4.579968452453613,18,0.5238915586045809,0.21906996305499757,-0.0851673430630139,-0.11828569535698213,0.11127796556268418,0.08764081235442842,0.2615727388433048,1.0878451084988776,1.105887779215494,1.080196082028685,1.0822397200349958,1.0007742934572201,0.9865996649916248,1.0035561877667143
full,1,19,114443.54330963107,0.03377210894771698,0.03220326630111159,0.024498812908760017,0.12620671199032651,0.07280370074278904,1.0260660371610095,0.0010260660371610095,0.0004926770872303418,0.19707083489213673,1.3941416697842732,0.9999999999999999,0.7882832884788513,0.7882833395685465,5.10896951411155e-08,False,1.0167624950408936,0.8831486820048852,4.268240928649902,19,0.2130537565265383,0.25153821068150656,0.02708096163613455,-0.1061535839523588,-0.09091725093977793,0.1556632603917803,0.5497346456561769,1.0297288920628345,1.0344408881821956,1.0366536879752946,1.1059013742926436,1.085880077369439,1.2478777589134125,0.9968107725017719
full,1,20,120058.86502541133,0.05038986496167497,0.04906630425263758,0.0342620864827093,0.1670752511375625,0.13212905329053368,0.7639289477041789,0.0007639289477041789,0.00049693174926298,0.198772699705192,1.3975453994103841,1.0,0.7950907349586487,0.7950907988207683,6.386211959252819e-08,False,1.0456271171569824,0.9082201742193651,4.736640930175781,20,0.2698340298874038,0.20946504494973592,0.026811707232679644,-0.10438726523092814,-0.09438543447426387,0.47908114216157366,0.21358077547379903,1.0179242518378595,1.0261253529989354,1.0004892614601024,1.0303362573099413,1.0399002493765588,1.1047619047619048,0.9850693210095981
full,1,21,121395.9417933126,0.012292813803121083,0.011136843311139621,0.005747620575218024,0.17624923434212558,0.06852725258690122,0.6255363082247121,0.0006255363082247121,0.0005170491171468581,0.20681964685874324,1.4136392937174864,1.0,0.8272785544395447,0.8272785874349728,3.299542816748158e-08,False,1.0468413829803467,0.9092748721126667,4.99748420715332,21,0.20376995165965386,0.3975303467097027,0.0136965164648635,-0.10735223482229878,-0.09946741203644446,0.25353920419833487,0.33828362782618826,1.0393135068908235,1.0489629372043836,1.0256175982612805,1.038666193685704,0.984583761562179,0.9562807881773397,0.9945867917719236
full,1,22,118980.21380990725,-0.018804649786400174,-0.01989957775951312,-0.019971128853880166,0.15952411919709286,0.0649202741769489,0.6047194666628326,0.0006047194666628326,0.0005118159404290575,0.204726376171623,1.4094527523432459,0.9999999999999998,0.8189055323600769,0.8189055046864917,2.7673585201171136e-08,False,0.9196407198905945,0.7987897799640387,3.515608787536621,22,0.08905290413115705,0.47835544842694483,0.021012225853545313,-0.1078030953982047,-0.0969232807734183,0.06634737897132123,0.5499584187886544,0.9342222757517478,0.9192601541484278,0.933144921461059,0.9316939890710383,0.9439805149617257,0.9175788795878945,1.0359216255442671
full,1,23,127054.4301105522,0.06903462456805953,0.0678618405707776,0.05073224317680785,0.21293574798621095,0.053587712246204816,0.5868281072803906,0.0005868281072803906,0.0005108236827488456,0.20432947309953825,1.4086589461990764,1.0,0.81731778383255,0.8173178923981528,1.0856560272998195e-07,False,1.0002942085266113,0.8688445100857761,4.239051342010498,23,0.14849022536405496,0.41774435846933294,-0.0978257456528289,-0.10650372744670936,0.1357540836823838,0.020920775298561373,0.48142003028520514,1.068930144367124,1.074208932789611,1.0719290343572334,1.0821114369501466,1.0269074824917066,1.0224561403508772,1.0819614711033276
full,1,24,129800.33668213586,0.022513405533011177,0.02161204901863245,0.013498658174394487,0.22958597368751832,0.06303135053825754,0.4051608251673835,0.0004051608251673835,0.00047673864024026054,0.19069545609610422,1.3813909121922083,1.0,0.7627817988395691,0.7627818243844167,2.554484757055775e-08,False,0.921334445476532,0.8002609313157006,3.4684903621673584,24,0.052672442580972395,0.481846243675266,-0.09650654292532376,-0.09418891317078046,0.028991453881774626,0.0905365055160863,0.5366488104420049,1.0131281613727836,1.0211309798074761,1.0099364281396368,1.0027100271002711,1.007896625987078,1.037748798901853,1.0171576561994171
full,2,1,100745.49486904098,0.00942224187781382,0.007454948690409857,0.005029860777070623,0.007399783682734973,0.047398458113286995,1.4323034595165933,0.0014323034595165934,0.0005185280740261077,0.20741122961044312,1.4148224592208862,1.0,0.8296449184417725,0.8296449184417725,0.0,False,0.9691895246505737,0.8418273249483598,4.073619365692139,2,0.2953116334974766,0.32558808103203773,0.019739244133234024,-0.10790105536580086,-0.09951017424464226,0.042948827147483826,0.523823443800211,1.019315344276995,1.0104687132164811,1.0205171841833278,0.9855386840202459,1.0069651741293533,1.0084985835694051,0.997465604634323
full,2,2,101221.73762315128,0.005280389686108,0.004727186607494049,0.0021614084699265596,0.012069913556510992,0.05017442807698918,0.03195006879312645,3.195006879312645e-05,0.0005184986947902612,0.20739947791610447,1.4147989558322087,0.9999999999999999,0.8295979499816895,0.8295979116644174,3.831727202197044e-08,False,0.9571707248687744,0.8313879280996889,3.988454818725586,3,0.2989648889218058,0.3228071044598307,0.020892913586327,-0.10869836700814112,-0.09870111090796335,0.030552080965467854,0.534182489982673,1.0221921915497179,1.0356698471049701,1.0434986865451779,1.0458547322083638,1.021080368906456,0.9960674157303371,0.9876588021778585
full,2,3,102373.16821939826,0.01207565488912965,0.01137532928483953,0.008455054294469942,0.0231815451321411,0.05313154562320338,0.174413766179766,0.000174413766179766,0.0005177953732865198,0.20711814931460792,1.4142362986292158,0.9999999999999999,0.8284724950790405,0.8284725972584317,1.0217939117040942e-07,False,0.9849916696548462,0.8555528937035409,4.036705493927002,4,0.31803028870906147,0.2367236523755959,0.03625056732978138,-0.10729360740099636,-0.09982454191361156,0.057358669383185235,0.5587549715169838,1.0280826401994365,1.021746058022258,1.0382897806730846,1.0024552788495267,0.9977419354838709,0.9379582628313593,1.000367511944138
full,2,4,102535.35640674604,0.002159625998505499,0.0015842841456288337,-0.0012609158364481803,0.024726655229914796,0.05612051868443749,0.060720059488500955,6.072005948850096e-05,0.0005135468074253627,0.2054187229701451,1.4108374459402901,1.0,0.8216748833656311,0.8216748918805803,8.514949190185916e-09,False,0.9845443367958069,0.8551643453190313,3.978743076324463,5,0.3106364559914384,0.22251115260379653,0.049057512411049414,-0.10906327994806425,-0.09635544302208085,0.0503746446754251,0.5728389572884356,1.0098316194475092,1.0042798992640376,1.018410706312502,1.0,1.002909796314258,0.988574864702345,0.9966936076414401
full,2,5,105120.57807027671,0.025813820415416577,0.025212977787636426,0.021410701051812656,0.048711471762012404,0.051482309605699064,0.07051010642732902,7.051010642732903e-05,0.0005153843787099635,0.20615375148398538,1.4123075029679708,1.0,0.8246151804924011,0.8246150059359416,1.745564595090343e-07,False,0.9694282412528992,0.842034671554617,3.938032627105713,6,0.3370034316820758,0.2313992301268237,0.03873920014926366,-0.10943917983344625,-0.09671457165053912,0.03764352149197034,0.5613683680338519,1.0561787225444728,1.07454593939288,1.0578565933512618,1.0892232330300908,1.0396518375241781,0.9933090024330901,1.002211573903428
full,2,6,103827.14966534333,-0.01152509123706058,-0.012304236037102845,-0.015061400887782843,0.03686077945584587,0.0642141716323262,0.2745895630546977,0.00027458956305469775,0.0005139504665774959,0.20558018663099836,1.4111603732619966,0.9999999999999999,0.8223206996917725,0.8223207465239932,4.6832220768067145e-08,False,1.017683506011963,0.8839486619699006,4.132653713226318,7,0.3066861608198711,0.1279383131435939,0.0710826569369861,-0.10534902129854476,-0.1002311653324536,0.12596115257058824,0.5739119031599589,0.9610526217750979,0.9804529781020231,0.9571618544716682,0.9222614840989399,0.947596899224806,1.011022657685242,0.9845531445384331
full,2,7,102790.50004654021,-0.00906384109576408,-0.009984379058314286,-0.01266440180858047,0.02714745083715664,0.059021463797824754,0.4243690541812351,0.0004243690541812351,0.0005050205838467394,0.20200823353869576,1.4040164670773916,1.0,0.8080331087112427,0.8080329341547832,1.745564595090343e-07,False,0.943671703338623,0.819662826976413,3.938333034515381,8,0.318402427647795,0.3170934500438827,0.02254707871803216,-0.11309019156864714,-0.08891804197004863,0.017571130235280313,0.5263941468937057,0.9731154872222838,0.9711852581306858,0.9629996232560255,0.9522814350400557,0.9581151832460733,1.0533010296789824,0.9988793425476279
full,2,8,103973.8279640902,0.012434801469574763,0.011512035810840704,0.008061292478162766,0.03821950236806382,0.06021518105488825,0.408999083031501,0.000408999083031501,0.0005028487043455243,0.20113948173820972,1.4022789634764194,1.0,0.8045579195022583,0.8045579269528389,7.450580596923828e-09,False,0.9360195994377136,0.8130162939781823,4.0385918617248535,9,0.334821249358356,0.40401008259505033,0.013404114171862602,-0.11363193113356829,0.012246045283973217,-0.08750755060464144,0.43665799032896757,1.0109963000452014,1.0079791009476824,1.0086329152204732,0.9663496708119972,0.9583333333333334,0.9815986198964922,1.0011219147344803
full,2,9,106332.51208489474,0.02335483330361865,0.022685363874639375,0.01850995030413471,0.059553865141819706,0.05648824939242355,0.15334377464439186,0.00015334377464439186,0.0005010612109409913,0.20042448437639648,1.400848968752793,0.9999999999999999,0.8016979098320007,0.8016979375055859,2.7673585201171136e-08,False,0.9334291815757751,0.8107662856116553,3.8974268436431885,10,0.27240889918591293,0.3920034433581999,0.015171949086444703,-0.11066403585885254,0.016021041465657082,-0.08976044851754394,0.5048191512801817,1.0132439300667035,1.0452709779845217,1.0043046145479644,1.0034065102195306,1.0245901639344261,0.9660222612770942,0.9977586850952559
full,2,10,107223.14117116097,0.00933141373614954,0.008375886817713507,0.005335190858718312,0.06736550610497982,0.04952900208883608,0.4445561218474593,0.0004445561218474593,0.0005025852099061012,0.2010340839624405,1.402068167924881,1.0,0.8041363954544067,0.804136335849762,5.960464477539063e-08,False,0.951445460319519,0.826415026497333,3.8879032135009766,11,0.3189886249601841,0.2814767397940159,0.025674713775515556,-0.10530376806855202,-0.09573031589388847,0.024320116266608238,0.5505738891661167,1.004842437168933,1.0091613275630966,0.9940845942149397,0.9411542814032442,0.9356521739130435,0.9241964827167981,0.9906402096593037
full,2,11,109302.25366089068,0.020297935299588454,0.019390520246098886,0.015589487928613175,0.08510578098188937,0.04301573896592741,0.378608088940382,0.00037860808894038203,0.0005111504532396793,0.20446018129587173,1.4089203625917435,1.0,0.8178408145904541,0.8178407251834869,8.940696716308594e-08,False,0.9769707918167114,0.8485860477332968,3.928199052810669,12,0.3239818289875984,0.21564922481775284,0.04310981556773186,-0.1089022308588028,0.04841989651322365,-0.09555795043706894,0.573299415409565,1.0360215483535529,1.021502497143988,1.0471245506781481,1.0400801603206413,1.0360594795539033,0.9770341207349081,1.0041572184429328
full,2,12,110900.30893426841,0.0155538340889525,0.014620515312846916,0.010602698909015319,0.0982892567118917,0.05161553641974036,0.41546880879572456,0.00041546880879572457,0.0005039781757763455,0.2015912703105382,1.4031825406210763,0.9999999999999999,0.8063650131225586,0.8063650812421526,6.811959396557654e-08,False,0.9906257390975952,0.8604465842428322,3.9314396381378174,13,0.34257321698325016,0.15289755804198127,0.05964080882923942,-0.10502842920167108,-0.09656284110886712,0.07104954017060142,0.5754301462854658,1.030263218631604,1.0570596953253422,1.0216260752256048,0.9703275529865124,0.9601722282023681,0.9194089993284082,0.9894617990214528
full,2,13,109081.36213640941,-0.015716160755701813,-0.01640163869098965,-0.017422459283660124,0.08325310537516861,0.04772615893874063,0.18765471024172628,0.0001876547102417263,0.0005090109365327018,0.20360437461308076,1.4072087492261613,0.9999999999999998,0.8144174218177795,0.8144174984523227,7.663454315576246e-08,False,0.9912945032119751,0.8610274653719724,3.9858155250549316,14,0.2751189076474735,0.22923794920955384,0.06332102950130189,-0.11240402821983614,-0.09120034639324462,0.05205209340367997,0.5838743948510714,1.0042943009181393,0.992207955075134,1.0190061088156275,1.0559968228752978,1.046711509715994,0.9831994156318481,0.99163179916318
full,2,14,107565.54591899655,-0.013206193703666935,-0.013896198101352009,-0.015214012146184083,0.07033428645166606,0.045903864453630636,0.18655911407300396,0.00018655911407300396,0.0005129241464393481,0.2051696585757392,1.4103393171514784,0.9999999999999999,0.8206785917282104,0.8206786343029568,4.257474639501879e-08,False,0.9971696138381958,0.8661305216230499,3.9993958473205566,15,0.3362792714365891,0.15815898616399082,0.05936409000839504,-0.10642825971756664,-0.09874139885817257,0.07819551814879688,0.5731717928179673,0.9305966410201849,0.9079768850724007,0.9492578825091647,0.9386987589319293,0.9339521599428774,0.9034175334323922,1.038741848868431
full,2,15,107937.68982583373,0.004564590426088033,0.003459694306924499,0.0007246726240444697,0.07353955637406961,0.049611945967181666,0.5846028476953506,0.0005846028476953507,0.0005158780967550619,0.20635123870202476,1.4127024774040495,0.9999999999999999,0.825404942035675,0.8254049548080991,1.277242400732348e-08,False,0.9886088371276855,0.858694725450689,4.019320964813232,16,0.3736708110996655,0.08339278612818035,0.04346753869737896,-0.11466848637376514,0.15616848532642635,-0.09168275232825962,0.5496516174503735,1.0178593449224487,1.0033726303860246,1.0168301139748919,0.9911858974358975,0.9889143730886851,1.0394736842105263,1.002215657311669
full,2,16,103534.1586652496,-0.03953139631025315,-0.040796974325553736,-0.04223013503148043,0.03413519471072701,0.05651546736275653,0.8030982927552291,0.0008030982927552292,0.0005154378352952856,0.20617513411811425,1.4123502682362283,0.9999999999999999,0.8247005939483643,0.8247005364724567,5.747590758886645e-08,False,0.9631103277206421,0.8365470015862148,4.184732913970947,17,0.3441464339515993,0.36617440331195084,-0.09039279472615039,-0.11578233939196386,0.01994797188256467,0.027084776865584498,0.4488215481064149,0.9005749972130336,0.8982312353523753,0.906226913619528,0.9240097008892482,0.9984538074990336,0.9446202531645569,1.0361090641120116
full,2,17,108666.91111686738,0.050884977216481886,0.04957544947279846,0.041585747374088794,0.07975667135275832,0.08071458535885032,0.7396149736429962,0.0007396149736429963,0.0005072810846780027,0.2029124338712011,1.4058248677424021,1.0,0.8116496205329895,0.8116497354848042,1.1495181473364369e-07,False,1.0560885667800903,0.9173068739074143,4.6430134773254395,18,0.5265220297234399,0.20412861236504146,-0.08456999382802419,-0.1183424400431769,0.1220502672450883,0.10659157165459224,0.2436199528830392,1.0878451084988776,1.105887779215494,1.080196082028685,1.0822397200349958,1.0007742934572201,0.9865996649916248,1.0035561877667143
full,2,18,112987.19062358858,0.041375713666869984,0.039757083939515825,0.031549194059844125,0.11494392020821886,0.07276109591232835,1.0611948849899426,0.0010611948849899426,0.0004943330040467637,0.1977332016187055,1.395466403237411,0.9999999999999998,0.7909328937530518,0.7909328064748218,8.727822997656176e-08,False,1.0227601528167725,0.8883581813577018,4.340484619140625,19,0.20902217897985662,0.2260931578597852,0.026948610054595118,-0.10668587711240565,-0.09104732450629985,0.19058917436216558,0.5450800803623028,1.0297288920628345,1.0344408881821956,1.0366536879752946,1.1059013742926436,1.085880077369439,1.2478777589134125,0.9968107725017719
full,2,19,118728.588500145,0.05211479679304709,0.05081459097149876,0.03656854895097518,0.1577428716767918,0.12460805035195506,0.7396538071334361,0.0007396538071334361,0.0004969126651329654,0.19876506605318617,1.3975301321063722,0.9999999999999999,0.7950602173805237,0.7950602642127444,4.6832220768067145e-08,False,1.0415831804275513,0.9047076554058494,4.654419898986816,20,0.2743739166430065,0.2102704175880977,0.028221254902226572,-0.10465756271566665,-0.09410750333751952,0.49176338102136335,0.19413609589849198,1.0179242518378595,1.0261253529989354,1.0004892614601024,1.0303362573099413,1.0399002493765588,1.1047619047619048,0.9850693210095981
full,2,20,119917.47921984008,0.011158585059264148,0.01001351683460494,0.0046876031364207794,0.16609321134349508,0.07325473060565016,0.6161729501826423,0.0006161729501826423,0.0005169006224189486,0.2067602489675794,1.4135204979351588,1.0,0.82704097032547,0.8270409958703175,2.554484757055775e-08,False,1.0485392808914185,0.9107496474998937,5.030096530914307,21,0.20145113074353763,0.39673235320619177,0.013638888086591444,-0.10740124381014277,-0.09935900515743665,0.2791772415595395,0.31576063537171906,1.0393135068908235,1.0489629372043836,1.0256175982612805,1.038666193685704,0.984583761562179,0.9562807881773397,0.9945867917719236
full,2,21,117493.78675765006,-0.019074788331581716,-0.020211335978358558,-0.02050946871552161,0.14889116471949126,0.06614844183035581,0.6476048710090774,0.0006476048710090773,0.00051171550527215,0.20468620210886002,1.40937240421772,1.0,0.8187448978424072,0.8187448084354401,8.940696716308594e-08,False,0.9214877486228943,0.8003940887367478,3.526834011077881,22,0.08415820449590683,0.47814013063907623,0.020868241786956787,-0.10788442939519882,-0.0968017727136612,0.07315091788768768,0.5483687072992325,0.9342222757517478,0.9192601541484278,0.933144921461059,0.9316939890710383,0.9439805149617257,0.9175788795878945,1.0359216255442671
full,2,22,125365.62469426388,0.06820935141518447,0.06699790817748319,0.050984578940396506,0.20233317351645996,0.04914859713144388,0.6236745198922499,0.0006236745198922499,0.0005110568859215294,0.20442275436861174,1.4088455087372234,1.0,0.8176909685134888,0.8176910174744467,4.896095795459132e-08,False,1.0080246925354004,0.875559123180693,4.324039936065674,23,0.14665768428572587,0.41280918701418806,-0.09823049471846648,-0.10619225965014525,0.1508438376975911,0.021942026380981722,0.47217001899012495,1.068930144367124,1.074208932789611,1.0719290343572334,1.0821114369501466,1.0269074824917066,1.0224561403508772,1.0819614711033276
full,2,23,128095.8065306313,0.022711502618845136,0.021777754811382,0.013780037288023385,0.21933431930039637,0.06442216991826054,0.4381727656083447,0.00043817276560834475,0.00047525621817580296,0.1901024872703212,1.3802049745406424,0.9999999999999999,0.7604100108146667,0.7604099490812848,6.17333819619148e-08,False,0.9254346489906311,0.8038223228374077,3.5019168853759766,24,0.049073413280504075,0.4791009503283671,-0.0967440006456205,-0.0933584866247007,0.02934172589864048,0.10063937333013329,0.5319470244326762,1.0131281613727836,1.0211309798074761,1.0099364281396368,1.0027100271002711,1.007896625987078,1.037748798901853,1.0171576561994171
full,2,24,133953.32096417126,0.04642618980591173,0.045727604924672205,0.03135796417281053,0.2534712892504756,0.055580115545373315,0.17310997311558038,0.00017310997311558037,0.0004947041321013654,0.1978816528405462,1.3957633056810923,0.9999999999999999,0.7915266156196594,0.7915266113621846,4.257474817137563e-09,False,0.856894850730896,0.7442894104874777,3.142496347427368,25,0.05457475834659167,0.5515506235616547,-0.09632701746055058,-0.10155463537999562,0.019372165735278807,0.03225009569099971,0.5401340095060212,0.9819083802034764,0.9740025585719445,0.9828400247399243,0.9851351351351353,0.9754273504273504,1.0244708994708993,1.1078930617441118
full,3,1,100338.24398684912,0.0053684141007026565,0.0033824398684911827,0.0005065087598596831,0.003371037536728738,0.0572905755373811,1.456547012286527,0.001456547012286527,0.0005207762335027968,0.2083104934011187,1.4166209868022375,1.0,0.8332419991493225,0.8332419736044749,2.554484757055775e-08,False,0.9570157527923584,0.8312533210644157,3.9933581352233887,3,0.2938493559403079,0.3298322627586978,0.02059535442718438,-0.10983727925590109,-0.09847321414521762,0.030870204259242334,0.5331633160156863,1.0221921915497179,1.0356698471049701,1.0434986865451779,1.0458547322083638,1.021080368906456,0.9960674157303371,0.9876588021778585
full,3,2,101451.0835991688,0.011816685596355736,0.011090881882142023,0.008255650536768093,0.014303283392240629,0.053531906374875954,0.19744681247643056,0.00019744681247643056,0.0005201378730790956,0.20805514923163826,1.4161102984632765,0.9999999999999999,0.8322204947471619,0.832220596926553,1.0217939117040942e-07,False,0.9875457286834717,0.8577713211887154,4.050765514373779,4,0.3176829091140202,0.2325942984649113,0.03742775533880505,-0.10809649314199177,-0.09995865608964649,0.060633497578757134,0.5597166887351445,1.0280826401994365,1.021746058022258,1.0382897806730846,1.0024552788495267,0.9977419354838709,0.9379582628313593,1.000367511944138
full,3,3,101607.68818123499,0.0021248004112244256,0.0015436462234836856,-0.00104285783074882,0.01582250526522544,0.0512415940746726,0.06439497215407236,6.439497215407237e-05,0.0005156952169324671,0.20627808677298684,1.4125561735459737,1.0,0.8251122832298279,0.8251123470919475,6.386211959252819e-08,False,0.9871286749839783,0.8574090729480207,3.9951632022857666,5,0.30530189297028953,0.22338140330144338,0.05117401799985341,-0.11039061525038313,-0.09588747152260371,0.05232404491731099,0.5740967275840896,1.0098316194475092,1.0042798992640376,1.018410706312502,1.0,1.002909796314258,0.988574864702345,0.9966936076414401
full,3,4,104152.87048709407,0.02565660765319633,0.025049111454236606,0.02136193963981111,0.03987283756724369,0.05376785324414281,0.0745382202523095,7.45382202523095e-05,0.000517937054059335,0.20717482162373405,1.414349643247468,1.0,0.8286993503570557,0.8286992864949361,6.386211959252819e-08,False,0.9710838794708252,0.8434727406387639,3.949755907058716,6,0.33374951088002747,0.23220289551786014,0.040031314428363524,-0.11074601805635859,-0.09642880356737546,0.03861283191612788,0.562578268881355,1.0561787225444728,1.07454593939288,1.0578565933512618,1.0892232330300908,1.0396518375241781,0.9933090024330901,1.002211573903428
full,3,5,102912.4733190945,-0.011098403498205012,-0.011909390132010533,-0.015034131764672989,0.02830048899965676,0.06923566394172113,0.30373828432389666,0.0003037382843238967,0.0005166864767670631,0.20667459070682526,1.4133491814136505,1.0,0.8266984224319458,0.826698362827301,5.960464477539063e-08,False,1.0209697484970093,0.886803055924804,4.159132480621338,7,0.2995143011212349,0.11875218898057938,0.07620638608932495,-0.10606256127357483,-0.10061202943325043,0.13738196343183517,0.5748197510838509,0.9610526217750979,0.9804529781020231,0.9571618544716682,0.9222614840989399,0.947596899224806,1.011022657685242,0.9845531445384331
full,3,6,100825.07273912882,-0.019129732867988358,-0.020283261228144722,-0.02294205642257435,0.008183209956749371,0.05649554759333922,0.6704034214573248,0.0006704034214573248,0.0005063140512044941,0.20252562048179765,1.4050512409635953,1.0,0.8101025819778442,0.8101024819271907,1.0005065353979603e-07,False,0.9443460702896118,0.8202485746675977,3.944835662841797,8,0.3138422159744161,0.3208338706088918,0.023078556571687975,-0.11436240987053942,0.01818008481391839,-0.08816321061125823,0.5265908925128835,0.9731154872222838,0.9711852581306858,0.9629996232560255,0.9522814350400557,0.9581151832460733,1.0533010296789824,0.9988793425476279
full,3,7,102001.95873528722,0.012407516970611265,0.011672552909566702,0.008008124627629655,0.01962666952781411,0.0687066988687017,0.22290742131216187,0.0002229074213121619,0.0005033129533486707,0.2013251813394683,1.4026503626789366,0.9999999999999999,0.8053007125854492,0.8053007253578732,1.277242400732348e-08,False,0.9379912614822388,0.814728857870413,4.044893264770508,9,0.33122655589665684,0.41339048583592686,0.013378494685249653,-0.1128496543637344,0.013358875443892804,-0.08847552697573391,0.42997076947774204,1.0109963000452014,1.0079791009476824,1.0086329152204732,0.9663496708119972,0.9583333333333334,0.9815986198964922,1.0011219147344803
full,3,8,104363.71926139879,0.02383536925445373,0.023154070327617404,0.019281377640377,0.04181260779398843,0.05809121251594643,0.1641629149339029,0.0001641629149339029,0.000501496554352343,0.20059862174093723,1.4011972434818745,1.0,0.8023945093154907,0.8023944869637489,2.2351741790771484e-08,False,0.9343621134757996,0.8115766199639997,3.8879618644714355,10,0.260975188575685,0.40397978480905294,0.014994693920016289,-0.10970370564609766,0.017821124754846096,-0.09089491609483957,0.5028278296813369,1.0132439300667035,1.0452709779845217,1.0043046145479644,1.0034065102195306,1.0245901639344261,0.9660222612770942,0.9977586850952559
full,3,9,105251.41215783308,0.009466163769799918,0.00850576141514181,0.0051128445115641765,0.049893982894577915,0.05937061178050612,0.448688862047025,0.000448688862047025,0.0005031602842999356,0.20126411371997427,1.4025282274399484,0.9999999999999999,0.8050564527511597,0.8050564548798969,2.1287371865241766e-09,False,0.9500511884689331,0.825203977355368,3.8856935501098633,11,0.3091441688260862,0.29283264252756325,0.024979961769921427,-0.1058879497327975,-0.09537616398717677,0.023459274055702334,0.550848066540701,1.004842437168933,1.0091613275630966,0.9940845942149397,0.9411542814032442,0.9356521739130435,0.9241964827167981,0.9906402096593037
full,3,10,107282.82650686418,0.020214164065197826,0.019300589962487402,0.015573323970276257,0.06788436457160463,0.0483411541350091,0.3841901410903252,0.0003841901410903252,0.0005116839015058108,0.20467356060232436,1.4093471212046487,1.0,0.8186942338943481,0.8186942424092973,8.514949190185916e-09,False,0.9841859936714172,0.8548530924359306,3.9735701084136963,12,0.3066639032747064,0.2254627224590097,0.04268903923886161,-0.107959938368627,0.05627887962119918,-0.09671362223369737,0.5735790160085474,1.0360215483535529,1.021502497143988,1.0471245506781481,1.0400801603206413,1.0360594795539033,0.9770341207349081,1.0041572184429328
full,3,11,108834.3740295609,0.015420135717249206,0.014462217050158044,0.010737100657573028,0.08117264520822598,0.051023599580966465,0.4394975815500531,0.0004394975815500531,0.0005043194203504495,0.2017277681401798,1.4034555362803594,0.9999999999999999,0.8069109916687012,0.8069110725607187,8.089201752881081e-08,False,0.9940398931503296,0.8634120807737725,3.9558353424072266,13,0.333101892045566,0.15825181560856955,0.06066557871443884,-0.10546876383679255,-0.09625900430338724,0.07307199495179312,0.5766364868198122,1.030263218631604,1.0570596953253422,1.0216260752256048,0.9703275529865124,0.9601722282023681,0.9194089993284082,0.9894617990214528
full,3,12,108015.84478196829,-0.006520235671007901,-0.007520870633852206,-0.009590013053488205,0.07420989761408059,0.052545309186856265,0.49904216400214607,0.0004990421640021461,0.0005086675632212843,0.2034670252885137,1.4069340505770274,1.0,0.8138680458068848,0.8138681011540547,5.534716995825306e-08,False,0.9955136775970459,0.8646921936792199,4.0060882568359375,14,0.2546510664480073,0.24378576555422374,0.06314865925482341,-0.11155307612248827,0.05736048200300761,-0.09191394916602544,0.5845210520284516,1.0042943009181393,0.992207955075134,1.0190061088156275,1.0559968228752978,1.046711509715994,0.9831994156318481,0.99163179916318
full,3,13,106477.74707050314,-0.013241244578501732,-0.014239556377768636,-0.01605470887662985,0.06083662782810362,0.05362878181305755,0.4973161316343716,0.0004973161316343716,0.0005149040637271745,0.20596162549086983,1.4119232509817397,0.9999999999999999,0.8238465189933777,0.8238465019634793,1.7029898380371833e-08,False,1.0013352632522583,0.8697487587311917,4.031660556793213,15,0.3257216273673943,0.16359826017703327,0.06096210543598446,-0.10705000321779934,-0.09891162227307049,0.08117048282708439,0.5745091496833733,0.9305966410201849,0.9079768850724007,0.9492578825091647,0.9386987589319293,0.9339521599428774,0.9034175334323922,1.038741848868431
full,3,14,106738.43407877504,0.0035855196496350494,0.00244827689770033,-0.0003429168399428639,0.06313034416264662,0.052732663489717384,0.6198651364871433,0.0006198651364871432,0.0005139571108988354,0.20558284435953414,1.4111656887190682,1.0,0.8223311901092529,0.8223313774381364,1.873288835163578e-07,False,0.9983242154121399,0.8671333958077714,4.125694751739502,16,0.34607062754886486,0.08320104596870284,0.04101658506052833,-0.11299209030611174,0.1906719457890306,-0.0925907540534224,0.5446226399924075,1.0178593449224487,1.0033726303860246,1.0168301139748919,0.9911858974358975,0.9889143730886851,1.0394736842105263,1.002215657311669
full,3,15,102292.67689470408,-0.04034646395945485,-0.04165095002977004,-0.04337502686802897,0.02241291326322492,0.05315191937214535,0.8439087388770922,0.0008439087388770922,0.000516346227377653,0.20653849095106125,1.4130769819021225,1.0,0.8261539936065674,0.826153963804245,2.9802322387695312e-08,False,0.9662003517150879,0.8392309623256876,4.199568271636963,17,0.32994893938302994,0.3861413076519966,-0.09150853753089905,-0.1150299534201622,0.022800277918577194,0.02642335370182991,0.4412246122956276,0.9005749972130336,0.8982312353523753,0.906226913619528,0.9240097008892482,0.9984538074990336,0.9446202531645569,1.0361090641120116
full,3,16,107391.0226305152,0.05121068904696813,0.049840769550484554,0.04266013623664971,0.06882346819570229,0.07500837391655314,0.7971593056406294,0.0007971593056406294,0.0005068731919995376,0.20274927679981505,1.40549855359963,1.0,0.8109970688819885,0.8109971071992601,3.831727157788123e-08,False,1.0637750625610352,0.9239832793130882,4.727774143218994,18,0.5211050499762808,0.21187470746891837,-0.0854905779872622,-0.11725869881255285,0.14658306432621818,0.10404614997761588,0.21914030505078178,1.0878451084988776,1.105887779215494,1.080196082028685,1.0822397200349958,1.0007742934572201,0.9865996649916248,1.0035561877667143
full,3,17,112600.47340643808,0.049987453917905045,0.048509183061290706,0.039959564206102784,0.11190426669838172,0.062424685931532935,0.9144367490495954,0.0009144367490495954,0.0004944490934056896,0.19777963736227586,1.3955592747245515,0.9999999999999998,0.7911184430122375,0.7911185494491031,1.0643686554345777e-07,False,1.022807240486145,0.8883990811876502,4.332796096801758,19,0.18663595776472772,0.2327204660645553,-0.09026272435273444,-0.10751691300954141,0.02860592837844575,0.2033448682299682,0.5464724169245787,1.0297288920628345,1.0344408881821956,1.0366536879752946,1.1059013742926436,1.085880077369439,1.2478777589134125,0.9968107725017719
full,3,18,118395.77405060199,0.05304695754332256,0.051467817752820944,0.03795704541908285,0.1553752589407431,0.110278936465571,1.0041466041335037,0.0010041466041335037,0.0004965699557214976,0.19862798228859901,1.397255964577198,1.0,0.7945119142532349,0.7945119291543961,1.4901161193847656e-08,False,1.0405112504959106,0.9037765888972524,4.6078782081604,20,0.26648312620818615,0.2084373515099287,0.030588265508413315,-0.10476653464138508,-0.09386144764721394,0.5019696336239576,0.1911496054381132,1.0179242518378595,1.0261253529989354,1.0004892614601024,1.0303362573099413,1.0399002493765588,1.1047619047619048,0.9850693210095981
full,3,19,119469.40521142264,0.010217291418240348,0.009068154412012808,0.0043379940501280835,0.16296561598317172,0.0650472598460105,0.6206119401114327,0.0006206119401114328,0.0005175502079405955,0.2070200831762382,1.4140401663524764,1.0,0.8280802965164185,0.8280803327049528,3.618853439135705e-08,False,1.047235369682312,0.9096170846138802,5.007813453674316,21,0.1904013297919716,0.39801785270018236,0.014010843953915997,-0.1076330625052963,-0.0993870206709419,0.2927149824265923,0.3118750743035759,1.0393135068908235,1.0489629372043836,1.0256175982612805,1.038666193685704,0.984583761562179,0.9562807881773397,0.9945867917719236
full,3,20,117050.15092315903,-0.01909232634921243,-0.02024999022956797,-0.020631735545571524,0.14566534761968908,0.06662934364177765,0.6685924833374364,0.0006685924833374363,0.0005123010756714004,0.2049204302685602,1.4098408605371202,0.9999999999999998,0.819681704044342,0.8196817210742404,1.7029898380371833e-08,False,0.9161123633384705,0.7957250884024893,3.4909470081329346,22,0.07512758831892694,0.4846390799752303,0.021230926471097117,-0.10852739800299921,-0.09639303226556098,0.07458681772862161,0.549336017774684,0.9342222757517478,0.9192601541484278,0.933144921461059,0.9316939890710383,0.9439805149617257,0.9175788795878945,1.0359216255442671
full,3,21,124639.45560322366,0.06611696484289675,0.0648380597565128,0.049405408925288524,0.19768584100415776,0.05230168918360313,0.6891102684395654,0.0006891102684395653,0.0005112015402742795,0.2044806161097118,1.4089612322194236,1.0,0.8179224729537964,0.8179224644388472,8.514949190185916e-09,False,1.0131571292877197,0.8800171011011925,4.418790340423584,23,0.12359208347541945,0.4139309275363173,-0.09975552079933031,-0.10472509531038149,0.19589530410511152,0.020589583686419888,0.4504727173064436,1.068930144367124,1.074208932789611,1.0719290343572334,1.0821114369501466,1.0269074824917066,1.0224561403508772,1.0819614711033276
full,3,22,127355.49814623044,0.02277065937426559,0.02179119388689421,0.013944656171247388,0.2147963656411651,0.0633173693151993,0.4861681205885751,0.00048616812058857513,0.00047194968909025186,0.18877987563610077,1.3775597512722015,1.0,0.7551195025444031,0.7551195025444031,0.0,False,0.9271879196166992,0.8053451943537766,3.513622283935547,24,0.04321039468050003,0.47957682609558105,-0.09799910336732864,-0.09078077226877213,0.03319293260574341,0.10537371784448624,0.52742600440979,1.0131281613727836,1.0211309798074761,1.0099364281396368,1.0027100271002711,1.007896625987078,1.037748798901853,1.0171576561994171
full,3,23,133170.03455682224,0.04636904114999196,0.045655951217084656,0.031492822890476634,0.24908031801004704,0.05582258956810598,0.18790780114276057,0.00018790780114276057,0.0004938144183584622,0.1975257673433849,1.3950515346867696,0.9999999999999998,0.7901030778884888,0.7901030693735391,8.514949634275126e-09,False,0.8546673059463501,0.7423545896712364,3.1257810592651367,25,0.0485899235521044,0.5549161407564367,-0.09702847419040544,-0.10049729315297945,0.021260955504008694,0.03306831525904791,0.539690432271787,0.9819083802034764,0.9740025585719445,0.9828400247399243,0.9851351351351353,0.9754273504273504,1.0244708994708993,1.1078930617441118
full,3,24,131222.76656953554,-0.014027813555677837,-0.014622418577625473,-0.01415449867859645,0.23793711553086672,0.06022592398832249,0.1283689077411379,0.00012836890774113791,0.0004748777100550277,0.1899510840220111,1.3799021680440222,0.9999999999999999,0.7598043084144592,0.7598043360880444,2.7673585201171136e-08,False,0.8873384594917297,0.7707323930755808,3.2503268718719482,26,0.06337281715657028,0.5727178419807127,-0.09767675745700088,-0.09227432656501022,0.04463784795786652,0.026462598038571206,0.48275997888829025,1.0171811676906573,1.0045787328777878,1.0194502657857352,1.0099451303155005,1.0087623220153341,1.013557133634603,0.9675380637747775
full,4,1,101120.7892792594,0.013112132684636846,0.011207892792594043,0.008263603411808347,0.011083668227353183,0.0564012963108967,1.3626014292240143,0.0013626014292240144,0.0005187616257795266,0.20750465031181065,1.415009300623621,0.9999999999999999,0.8300186395645142,0.8300186012472421,3.831727202197044e-08,False,0.9656025767326355,0.8387117415730899,3.8242177963256836,4,0.39959428565842764,0.148635738662311,0.04536246614796774,-0.10835940284388407,-0.09914524746792658,0.05227004098040716,0.561642118862697,1.0280826401994365,1.021746058022258,1.0382897806730846,1.0024552788495267,0.9977419354838709,0.9379582628313593,1.000367511944138
full,4,2,101332.03107247743,0.0026715072596312783,0.00208900459266248,-0.00018270113764946123,0.013145212410917817,0.044884906424281903,0.06913131901196068,6.913131901196069e-05,0.0005119881512863296,0.20479526051453187,1.4095905210290636,0.9999999999999998,0.8191810250282288,0.8191810420581271,1.7029898380371833e-08,False,0.9688737392425537,0.8415530372280224,3.8298580646514893,5,0.3737274387053081,0.15745232786451066,0.055076403277260905,-0.11051512722458162,-0.09428013328995025,0.045726952808243876,0.5728121378592081,1.0098316194475092,1.0042798992640376,1.018410706312502,1.0,1.002909796314258,0.988574864702345,0.9966936076414401
full,4,3,103792.86449315072,0.024886582750264896,0.024284852426506465,0.020881373234747078,0.03654263240225919,0.05032093513188586,0.07171926540987816,7.171926540987817e-05,0.0005155720960881029,0.20622883843524117,1.4124576768704824,1.0,0.8249152898788452,0.8249153537409648,6.386211959252819e-08,False,0.955795407295227,0.8301933424335765,3.8034794330596924,6,0.3925820211214679,0.17445737815329007,0.04301674610802106,-0.11088348978332113,-0.09534534865192004,0.03443313709327153,0.5617395559591907,1.0561787225444728,1.07454593939288,1.0578565933512618,1.0892232330300908,1.0396518375241781,0.9933090024330901,1.002211573903428
full,4,4,102353.76806695809,-0.013103548696692502,-0.013865080544988695,-0.016537868323488896,0.022996398778580285,0.059832693996199844,0.2578767122966904,0.0002578767122966904,0.0005140642688742707,0.20562570754970827,1.4112514150994164,0.9999999999999999,0.8225027918815613,0.8225028301988329,3.831727157788123e-08,False,0.9971013069152832,0.8660711909836565,3.9667532444000244,7,0.3559720505561147,0.08696720642702918,0.07857050640242438,-0.10544214504105706,-0.10018356250865121,0.1113352168883596,0.5727807272757803,0.9610526217750979,0.9804529781020231,0.9571618544716682,0.9222614840989399,0.947596899224806,1.011022657685242,0.9845531445384331
full,4,5,100271.04495570889,-0.019250819355817406,-0.020348279800375457,-0.02361756688456831,0.002703122878879083,0.06648581969734217,0.6160876543394158,0.0006160876543394158,0.0005035410488822631,0.20141641955290523,1.4028328391058102,0.9999999999999999,0.8056656718254089,0.8056656782116205,6.38621155957253e-09,False,0.9452404379844666,0.8210254125769335,3.9138238430023193,8,0.3677643864814724,0.2637195914451565,0.02477947356445448,-0.11172310715275152,0.01931554371757166,-0.08969331240015371,0.5258374243442501,0.9731154872222838,0.9711852581306858,0.9629996232560255,0.9522814350400557,0.9581151832460733,1.0533010296789824,0.9988793425476279
full,4,6,101443.9912378222,0.012461497458528425,0.011697756641824375,0.008029478898650228,0.014234369332304486,0.0700353510955035,0.2547638858003275,0.0002547638858003275,0.0004998613754287362,0.19994455017149448,1.399889100342989,1.0,0.7997782230377197,0.7997782006859779,2.2351741790771484e-08,False,0.9404335618019104,0.816850212974381,4.066892623901367,9,0.3602447574958205,0.38909376319497824,0.01304318755865097,-0.10971533600240946,0.013094347901642323,-0.09022921416908503,0.42446849402040243,1.0109963000452014,1.0079791009476824,1.0086329152204732,0.9663496708119972,0.9583333333333334,0.9815986198964922,1.0011219147344803
full,4,7,103772.44133955654,0.023623496207904493,0.022953060830144034,0.01939962645449188,0.03635301714848005,0.05438042723367363,0.15939758132611004,0.00015939758132611003,0.0004957798655544008,0.19831194622176035,1.3966238924435206,1.0,0.793247640132904,0.7932477848870412,1.44754137121339e-07,False,0.936977207660675,0.813848061912297,3.926102638244629,10,0.2824460385101182,0.391699415232454,0.013369789879236899,-0.10618266037532262,0.017474139641438208,-0.09212928584643773,0.493322562958513,1.0132439300667035,1.0452709779845217,1.0043046145479644,1.0034065102195306,1.0245901639344261,0.9660222612770942,0.9977586850952559
full,4,8,104699.90774391964,0.009869632090116376,0.00893750202260657,0.00553429072189608,0.04488932077585883,0.06004025810965405,0.4235333560832909,0.0004235333560832909,0.0004999130871146917,0.1999652348458767,1.3999304696917534,1.0,0.799860954284668,0.7998609393835068,1.4901161193847656e-08,False,0.9417585730552673,0.8180011031259662,3.862548351287842,11,0.32356139831244946,0.2919409554451704,0.02086721360683441,-0.10543115623295307,-0.09453407861292362,0.018969731405377388,0.544625936076045,1.004842437168933,1.0091613275630966,0.9940845942149397,0.9411542814032442,0.9356521739130435,0.9241964827167981,0.9906402096593037
full,4,9,106703.59157133252,0.020021945162221,0.01913739821350746,0.015227328427372518,0.06282442298909019,0.05415547571717678,0.36281396501830643,0.00036281396501830645,0.0005047464902911868,0.2018985961164747,1.4037971922329493,0.9999999999999999,0.8075942397117615,0.8075943844658986,1.44754137121339e-07,False,0.9766722321510315,0.8483267221026495,3.951599359512329,12,0.30212007143667763,0.24809258856943675,0.033234026815210066,-0.1047510387642043,0.05124035903385707,-0.0971475573522704,0.5672115502612931,1.0360215483535529,1.021502497143988,1.0471245506781481,1.0400801603206413,1.0360594795539033,0.9770341207349081,1.0041572184429328
full,4,10,108444.07753672205,0.017280043937867973,0.016311409388933162,0.012201835508978591,0.07786573253723938,0.05678948078341209,0.4514324995023864,0.00045143249950238643,0.0005012019351124763,0.20048077404499054,1.400961548089981,1.0,0.8019230961799622,0.8019230961799622,0.0,False,0.981229305267334,0.8522849455187291,3.8872311115264893,13,0.3463393412530422,0.1693464331328869,0.0504889041185379,-0.10480188205838203,-0.0956788919866085,0.05984046682715416,0.5744656287133694,1.030263218631604,1.0570596953253422,1.0216260752256048,0.9703275529865124,0.9601722282023681,0.9194089993284082,0.9894617990214528
full,4,11,107584.2612887509,-0.0069371291820718994,-0.007928660259754583,-0.010187670062648079,0.07049601119995708,0.05635897450731539,0.49688275051968445,0.0004968827505196844,0.0005020735466054508,0.20082941864218032,1.4016588372843606,0.9999999999999999,0.803317666053772,0.8033176745687212,8.514949190185916e-09,False,0.9858427047729492,0.856292093414937,3.9493281841278076,14,0.2537659694041524,0.26254084599869587,0.05111694602029662,-0.10802651303155081,0.051521393337420035,-0.09280290561062951,0.5818842638816153,1.0042943009181393,0.992207955075134,1.0190061088156275,1.0559968228752978,1.046711509715994,0.9831994156318481,0.99163179916318
full,4,12,106046.13715325353,-0.013285070178132186,-0.014296925192144316,-0.016290209415821235,0.057014213959683424,0.056168243510951635,0.5115179376942771,0.0005115179376942771,0.0005144867939608438,0.20579471758433754,1.411589435168675,0.9999999999999999,0.8231788277626038,0.8231788703373502,4.257474639501879e-08,False,0.9890267848968506,0.8590577502704333,3.9582326412200928,15,0.3449864967593125,0.1667194648512772,0.05364652935947689,-0.10662630360041347,-0.09916841398392406,0.06780574311103138,0.5726364835032395,0.9305966410201849,0.9079768850724007,0.9492578825091647,0.9386987589319293,0.9339521599428774,0.9034175334323922,1.038741848868431
full,4,13,106294.47246004359,0.0034261394852121985,0.002341766644749832,-0.000145884400538403,0.05921730748896359,0.046979558596371346,0.5751588440367152,0.0005751588440367153,0.0005060958143855845,0.2024383257542338,1.4048766515084676,1.0,0.8097532391548157,0.8097533030169353,6.386211959252819e-08,False,1.0035126209259033,0.8716399875767792,4.172238826751709,16,0.3437720792634147,0.09889980724879674,0.034918579672064104,-0.10885650345257353,0.18841100803443364,-0.09358182230166026,0.5364368515355247,1.0178593449224487,1.0033726303860246,1.0168301139748919,0.9911858974358975,0.9889143730886851,1.0394736842105263,1.002215657311669
full,4,14,101657.13216721275,-0.042328838001096214,-0.04362729486779304,-0.04592947963350333,0.01630118941863301,0.060267231263454984,0.8437208059642998,0.0008437208059642998,0.0005130475400281805,0.2052190160112722,1.4104380320225443,0.9999999999999999,0.8208761215209961,0.8208760640450885,5.747590758886645e-08,False,0.9601316452026367,0.8339597508243919,4.160294055938721,17,0.3273055066487619,0.40597445863698206,-0.09282734644200122,-0.11239166956927099,0.021715599777443056,0.021203929292304163,0.4290195216557809,0.9005749972130336,0.8982312353523753,0.906226913619528,0.9240097008892482,0.9984538074990336,0.9446202531645569,1.0361090641120116
full,4,15,107157.78971893775,0.05544504422536045,0.05410990291047302,0.0464889583930567,0.06679672786935775,0.08013160115336075,0.7610008838985647,0.0007610008838985647,0.0005048030668071338,0.20192122672285354,1.403842453445707,1.0,0.8076848387718201,0.807684906891414,6.811959396557654e-08,False,1.0587965250015259,0.9196589765330023,4.681768894195557,18,0.5164503370012556,0.2529572759355817,-0.08807727800948281,-0.11384394871337072,0.1461850468601499,0.08334002537386756,0.20298854155199866,1.0878451084988776,1.105887779215494,1.080196082028685,1.0822397200349958,1.0007742934572201,0.9865996649916248,1.0035561877667143
full,4,16,111803.2316539313,0.04480218660544555,0.04335141614228877,0.035850156150861096,0.10557147122961785,0.05849174418798002,0.8999272882938387,0.0008999272882938387,0.0004895975959620306,0.19583903838481226,1.3916780767696244,0.9999999999999999,0.7833561897277832,0.7833561535392488,3.618853439135705e-08,False,1.0216224193572998,0.8873699586310505,4.297184467315674,19,0.18641036083655696,0.25483552446322777,-0.09155945400042195,-0.1042795843843903,0.0297435548688684,0.17780245175319057,0.5470471464629685,1.0297288920628345,1.0344408881821956,1.0366536879752946,1.1059013742926436,1.085880077369439,1.2478777589134125,0.9968107725017719
full,4,17,117505.97861421059,0.052666866587035566,0.051006995736323724,0.03713997634314424,0.1489794716887155,0.1253604823190682,1.0830792178000723,0.0010830792178000723,0.0004949897261602538,0.19799589046410154,1.395991780928203,0.9999999999999999,0.7919834852218628,0.791983561856406,7.663454315576246e-08,False,1.040319561958313,0.903610090349007,4.594027996063232,20,0.28078996549759594,0.18977233182106698,0.032132340329033976,-0.10386197854365622,-0.09413391192044532,0.5008530558219977,0.19444819699440682,1.0179242518378595,1.0261253529989354,1.0004892614601024,1.0303362573099413,1.0399002493765588,1.1047619047619048,0.9850693210095981
full,4,18,118603.04516079674,0.010485663433755121,0.009336261520683786,0.0034646737877972985,0.15685132818955494,0.08814365426084275,0.6197903188211575,0.0006197903188211576,0.0005183318323854889,0.20733273295419555,1.414665465908391,0.9999999999999999,0.8293308615684509,0.8293309318167821,7.024833115210072e-08,False,1.0537766218185425,0.9152987440288858,5.111579895019531,21,0.2130237469183547,0.3786469647394759,0.014699034925018034,-0.10747071116098333,-0.09986202179321221,0.2854942628847701,0.31546872348657673,1.0393135068908235,1.0489629372043836,1.0256175982612805,1.038666193685704,0.984583761562179,0.9562807881773397,0.9945867917719236
full,4,19,116229.83245509611,-0.018834213929659782,-0.020009711407351638,-0.020674690627233275,0.13963568657269032,0.06918098020737314,0.6880578510463238,0.0006880578510463237,0.0005107224333499159,0.20428897333996635,1.4085779466799326,1.0,0.8171560764312744,0.8171558933598653,1.8307140914330944e-07,False,0.9208635091781616,0.7998518812442803,3.5191214084625244,22,0.08457373880914279,0.4770940771060331,0.021823969270501814,-0.10824648237654139,-0.09604249096342496,0.0706911166863782,0.5501060714679105,0.9342222757517478,0.9192601541484278,0.933144921461059,0.9316939890710383,0.9439805149617257,0.9175788795878945,1.0359216255442671
full,4,20,123554.59493439883,0.06435526810306813,0.06301964241523406,0.048151660339836776,0.19064118940218389,0.057076849793135785,0.7477869338222912,0.0007477869338222913,0.000507869374539171,0.2031477498156684,1.4062954996313368,0.9999999999999999,0.8125908970832825,0.8125909992626736,1.0217939117040942e-07,False,1.0224800109863281,0.8881148532554773,4.568917751312256,23,0.1259230247565678,0.40933551107134136,-0.10122567202363697,-0.10192207779203144,0.23017728541578564,0.01882095847811016,0.41889097009386334,1.068930144367124,1.074208932789611,1.0719290343572334,1.0821114369501466,1.0269074824917066,1.0224561403508772,1.0819614711033276
full,4,21,126227.99068291324,0.022665874467378,0.02163736403274874,0.014235300791082,0.20778268386445586,0.05812387342379955,0.5403470641800334,0.0005403470641800334,0.0004658740306539195,0.18634961226156782,1.3726992245231355,0.9999999999999998,0.7453984022140503,0.7453984490462711,4.6832220768067145e-08,False,0.937996506690979,0.8147334138008377,3.5740108489990234,24,0.04792581285749162,0.47096660147820196,-0.09935206760253226,-0.08699754465903556,0.03800096522484506,0.10721154670630181,0.5222446859947272,1.0131281613727836,1.0211309798074761,1.0099364281396368,1.0027100271002711,1.007896625987078,1.037748798901853,1.0171576561994171
full,4,22,131922.33575471037,0.04584142406605518,0.0451115876992878,0.03160426040097284,0.2419782485815376,0.05182608632217795,0.20639039043869303,0.00020639039043869305,0.0004916993249207735,0.1966797299683094,1.3933594599366188,1.0,0.7867189049720764,0.7867189198732376,1.4901161193847656e-08,False,0.8576889634132385,0.7449791679993791,3.1374027729034424,25,0.051763663068413734,0.5549337286502123,-0.09775651805102825,-0.09892321191728115,0.02239174023270607,0.03155124373733997,0.5360393542796373,0.9819083802034764,0.9740025585719445,0.9828400247399243,0.9851351351351353,0.9754273504273504,1.0244708994708993,1.1078930617441118
full,4,23,130078.64473602711,-0.01336030468679883,-0.013975578950567669,-0.013596728103632638,0.23123430288704727,0.05705564818284614,0.14947014248796878,0.0001494701424879688,0.00047433020813124517,0.18973208325249807,1.3794641665049963,1.0,0.7589282989501953,0.7589283330099925,3.4059797204832876e-08,False,0.8996113538742065,0.7813924936901631,3.313239097595215,26,0.06825315899082593,0.5743336672229427,-0.09890622698834964,-0.09082585626414844,0.05314002132841519,0.0268382163984435,0.4671670193118708,1.0171811676906573,1.0045787328777878,1.0194502657857352,1.0099451303155005,1.0087623220153341,1.013557133634603,0.9675380637747775
full,4,24,131823.38267771868,0.014100645181533755,0.0134129468002393,0.00749397621218199,0.24140924038886458,0.05361922579270628,0.17531132698059088,0.00017531132698059087,0.0005030549344207559,0.20122197376830236,1.4024439475366048,1.0,0.8048878312110901,0.8048878950732097,6.386211959252819e-08,False,0.8350891470909119,0.7253492169577521,3.0580224990844727,27,0.04769980481692723,0.5601060943944114,-0.09734964796475001,-0.10387232580355235,0.01823218113609723,0.02191778964229993,0.5532661037785667,1.0204317810759416,1.036630597940096,1.0048074160114426,1.0196943972835313,1.0007238508867176,1.024203821656051,0.9902019002375297
full,5,1,100037.07718337441,0.002250934685255279,0.00037077183374401024,-0.0023331969563196555,0.00037063441294304944,0.054076627385254095,1.3692481954182898,0.0013692481954182898,0.0005084538167076453,0.2033815266830581,1.4067630533661162,0.9999999999999999,0.8135260343551636,0.8135261067322324,7.23770687827141e-08,False,0.9772953987121582,0.8488679977002574,3.9327292442321777,5,0.3136975078710488,0.226041740072625,0.04696307916726383,-0.1087426037660667,-0.09463892291699139,0.04322292123522076,0.5734562783368996,1.0098316194475092,1.0042798992640376,1.018410706312502,1.0,1.002909796314258,0.988574864702345,0.9966936076414401
full,5,2,102631.0804759903,0.026536529970964784,0.025930418657283516,0.02302787068726856,0.025636293253346598,0.044755763062699745,0.07839664816856384,7.839664816856384e-05,0.0005122207371251925,0.20488829485007698,1.409776589700154,0.9999999999999999,0.8195531368255615,0.8195531794003079,4.257474639501879e-08,False,0.9610319137573242,0.8347417141554555,3.904959201812744,6,0.33303554941500935,0.24590202261294636,0.03460802350725445,-0.10927432935152737,-0.09561396549854961,0.03066541839923176,0.560677280915635,1.0561787225444728,1.07454593939288,1.0578565933512618,1.0892232330300908,1.0396518375241781,0.9933090024330901,1.002211573903428
full,5,3,101339.62639264029,-0.011777156883736706,-0.012583459877460124,-0.01566704111900052,0.013219176351113693,0.06499848433535231,0.30490999243089123,0.00030490999243089123,0.0005113351637763637,0.20453406551054548,1.4090681310210909,0.9999999999999999,0.8181362748146057,0.8181362620421817,1.277242400732348e-08,False,1.014909029006958,0.8815387818630185,4.098692893981934,7,0.31197110350642887,0.1193486058286258,0.0732028761080333,-0.10408296648945128,-0.1004510990210942,0.12466631616864884,0.5753451638988085,0.9610526217750979,0.9804529781020231,0.9571618544716682,0.9222614840989399,0.947596899224806,1.011022657685242,0.9845531445384331
full,5,4,99244.97128373341,-0.019521804394484032,-0.020669654936274817,-0.02381494771804772,-0.007607727691391286,0.059760873510854844,0.6709315739572048,0.0006709315739572048,0.0005004590483648438,0.2001836193459375,1.4003672386918748,0.9999999999999999,0.8007344603538513,0.8007344773837497,1.7029898380371833e-08,False,0.9421911239624023,0.8183768120701882,3.9329211711883545,8,0.306002465741975,0.3370228388479778,0.019753031166536456,-0.1101383141108922,0.017340454938156252,-0.09004530523504531,0.5200648286512919,0.9731154872222838,0.9711852581306858,0.9629996232560255,0.9522814350400557,0.9581151832460733,1.0533010296789824,0.9988793425476279
full,5,5,100399.75498251147,0.012381767696209245,0.011635689787008241,0.008057616802004529,0.00398163304861765,0.07063487876008816,0.24058238230645645,0.00024058238230645647,0.0004966424279181021,0.19865697116724088,1.3973139423344816,0.9999999999999999,0.7946277856826782,0.7946278846689632,9.898628494653394e-08,False,0.9375436902046204,0.8143401023981569,4.024283409118652,9,0.3280047687834927,0.43366705506507836,0.012064634556216841,-0.10849364221628227,0.013466171654207354,-0.0901633289509586,0.41145434110824547,1.0109963000452014,1.0079791009476824,1.0086329152204732,0.9663496708119972,0.9583333333333334,0.9815986198964922,1.0011219147344803
full,5,6,102828.75499984928,0.02487829549710563,0.024193286305936867,0.020717059296335102,0.02750937711784429,0.056213695457830795,0.17559866553970752,0.00017559866553970753,0.000493005811502891,0.1972023246011564,1.3944046492023128,1.0,0.7888092994689941,0.7888092984046255,1.0643685932620883e-09,False,0.9311218857765198,0.808762193944185,3.847043037414551,10,0.24683383493019,0.42916417507720844,0.012899532115885182,-0.10491347672151669,0.018110428138503,-0.0922888478796397,0.4901943543393697,1.0132439300667035,1.0452709779845217,1.0043046145479644,1.0034065102195306,1.0245901639344261,0.9660222612770942,0.9977586850952559
full,5,7,103750.16219251712,0.009900419940483296,0.008960598547256504,0.005823100715482924,0.03614608510739847,0.05627214548142515,0.4350949616304465,0.00043509496163044646,0.0004959463062030929,0.19837852248123716,1.3967570449624742,0.9999999999999999,0.7935140132904053,0.7935140899249484,7.663454315576246e-08,False,0.9408127069473267,0.8171795342633703,3.8495590686798096,11,0.29007064338241306,0.32418929572616306,0.019976224484188204,-0.10391634915556228,-0.09446217332567489,0.01910307231758321,0.5450392865708895,1.004842437168933,1.0091613275630966,0.9940845942149397,0.9411542814032442,0.9356521739130435,0.9241964827167981,0.9906402096593037
full,5,8,105733.31962504874,0.02003860249134659,0.019114740551939624,0.015874121808996958,0.05422434144109178,0.04408269049392702,0.3983532930059094,0.0003983532930059094,0.0005077698347823961,0.20310793391295845,1.406215867825917,0.9999999999999999,0.8124316930770874,0.8124317356518338,4.257474639501879e-08,False,0.9851270914077759,0.855670519543595,3.9845054149627686,12,0.2883917934128216,0.2449861562677792,0.037531515849488106,-0.10456009741340366,0.05996986318911823,-0.09854783649955479,0.5722286051937512,1.0360215483535529,1.021502497143988,1.0471245506781481,1.0400801603206413,1.0360594795539033,0.9770341207349081,1.0041572184429328
full,5,9,107318.728826923,0.015969189222708513,0.014994414319879912,0.011397677263903085,0.06819619377644892,0.05148350142908105,0.4610080261315618,0.00046100802613156176,0.0004989057566438403,0.1995623026575361,1.399124605315072,0.9999999999999999,0.7982490062713623,0.7982492106301442,2.0435878189672962e-07,False,0.9911280870437622,0.8608829181248636,3.9381773471832275,13,0.3281281372266156,0.17040871882012912,0.05398408004215785,-0.10360559022852353,-0.09595671242901258,0.07036519848874637,0.5766761680798871,1.030263218631604,1.0570596953253422,1.0216260752256048,0.9703275529865124,0.9601722282023681,0.9194089993284082,0.9894617990214528
full,5,10,106492.60699057001,-0.006669452651723473,-0.00769783471518104,-0.010105446424145815,0.06096767817079485,0.057538616369834816,0.5322732659322875,0.0005322732659322876,0.0005035498738288879,0.20141994953155518,1.4028398990631104,1.0,0.8056797385215759,0.8056797981262207,5.960464477539063e-08,False,0.9925390481948853,0.8621084634090889,3.972935438156128,14,0.2301710620522499,0.27134963124990463,0.056002285331487656,-0.1081564649939537,0.05936674401164055,-0.09326348453760147,0.5845302268862724,1.0042943009181393,0.992207955075134,1.0190061088156275,1.0559968228752978,1.046711509715994,0.9831994156318481,0.99163179916318
full,5,11,104914.33870510131,-0.013802457314985306,-0.014820449325730789,-0.016972073711842048,0.04684144003342383,0.056916711489420596,0.5194449690835816,0.0005194449690835816,0.0005133276086832795,0.20533104347331183,1.4106620869466238,1.0,0.8213241100311279,0.8213241738932475,6.386211959252819e-08,False,1.0012321472167969,0.8696591932807984,4.0440216064453125,15,0.3131242016596454,0.18258426285215787,0.05371967277356557,-0.10602595710328647,-0.09930508637002536,0.08137535250612668,0.5745275536818164,0.9305966410201849,0.9079768850724007,0.9492578825091647,0.9386987589319293,0.9339521599428774,0.9034175334323922,1.038741848868431
full,5,12,105053.20242863116,0.0025192223588905716,0.0013235914675131522,-0.000985307210487563,0.04810136494472028,0.04490464243568027,0.6810735400233952,0.0006810735400233952,0.0005122646050793785,0.2049058420317514,1.4098116840635027,0.9999999999999998,0.8196233510971069,0.8196233681270053,1.7029898380371833e-08,False,1.0030982494354248,0.8712800690732334,4.2155327796936035,16,0.3236089029482433,0.08259750689779008,0.03469145085130418,-0.11063226525272646,0.2307469823530742,-0.09427357677902495,0.5332609989813395,1.0178593449224487,1.0033726303860246,1.0168301139748919,0.9911858974358975,0.9889143730886851,1.0394736842105263,1.002215657311669
full,5,13,99862.15192565895,-0.047998606677411404,-0.04941353888282274,-0.05269012301646723,-0.0013803835755878957,0.06416748992318107,0.9722166859677859,0.0009722166859677859,0.0005151600603546415,0.20606402414185662,1.4121280482837133,1.0,0.8242561221122742,0.8242560965674266,2.554484757055775e-08,False,0.9785058498382568,0.8499193821896138,4.268531799316406,17,0.3357965419335025,0.4323346684021609,-0.0955002313213689,-0.11056379282048773,0.02799550390669278,0.029841493282999315,0.38009581661650116,0.9005749972130336,0.8982312353523753,0.906226913619528,0.9240097008892482,0.9984538074990336,0.9446202531645569,1.0361090641120116
full,5,14,104909.6102380244,0.05197177197408487,0.050544257409183,0.043860634907546804,0.04679847944230475,0.08636456220691682,0.852115942963532,0.000852115942963532,0.0005057950211422784,0.2023180084569114,1.4046360169138228,0.9999999999999999,0.809272050857544,0.8092720338276456,1.7029898380371833e-08,False,1.0763218402862549,0.9348812719765474,4.836457252502441,18,0.5123216531106404,0.2306298038789204,-0.09153114791427341,-0.11078686054263798,0.17697051380361828,0.12643026028360638,0.15596577738012585,1.0878451084988776,1.105887779215494,1.080196082028685,1.0822397200349958,1.0007742934572201,0.9865996649916248,1.0035561877667143
full,5,15,111839.95881627653,0.06772014182512875,0.06606018802784797,0.055853282547979485,0.10586519292023744,0.06426861859906399,1.0606463051268031,0.001060646305126803,0.000495234690606594,0.19809387624263763,1.3961877524852753,1.0,0.7923756241798401,0.7923755049705505,1.1920928955078125e-07,False,1.0277518033981323,0.8926938739638494,4.413553237915039,19,0.14814477786421776,0.21614166721701622,-0.0970110110938549,-0.10108286514878273,0.030792236328125,0.27900535985827446,0.5240098349750042,1.0297288920628345,1.0344408881821956,1.0366536879752946,1.1059013742926436,1.085880077369439,1.2478777589134125,0.9968107725017719
full,5,16,118061.37633036386,0.05724440234891848,0.05562785948721127,0.040141909070046125,0.15298293897424875,0.1395167396793037,1.034295699426106,0.0010342956994261062,0.0004958897323480675,0.198355892939227,1.396711785878454,0.9999999999999999,0.7934234738349915,0.7934235717569078,9.792191635327185e-08,False,1.0268234014511108,0.89188747427869,4.3793511390686035,20,0.2809671078409467,0.2170739982809339,0.03608864439385276,-0.10436336057526727,-0.09399253236395974,0.5292988930429732,0.1349272493805204,1.0179242518378595,1.0261253529989354,1.0004892614601024,1.0303362573099413,1.0399002493765588,1.1047619047619048,0.9850693210095981
full,5,17,118911.58023049663,0.00830154004021022,0.007201372087630942,0.0021121514509518866,0.15903901196030434,0.07887843070207415,0.5732127263077668,0.0005732127263077668,0.0005184930263619339,0.20739721054477353,1.4147944210895471,1.0,0.8295888304710388,0.8295888421790942,1.1708055414061391e-08,False,1.043095350265503,0.9060211094384952,4.925136566162109,21,0.19658658134617976,0.4031507693497198,0.014354103643979349,-0.10746496689638924,-0.0999322436483843,0.3578489147392767,0.23545684146561793,1.0393135068908235,1.0489629372043836,1.0256175982612805,1.038666193685704,0.984583761562179,0.9562807881773397,0.9945867917719236
full,5,18,116486.85630993817,-0.018877284748984757,-0.02039098223956326,-0.020597525750118993,0.14153404797938207,0.061851235383934375,1.0345495737024715,0.0010345495737024714,0.0005094635779304165,0.2037854311721666,1.407570862344333,0.9999999999999998,0.8151417374610901,0.8151417246886661,1.277242400732348e-08,False,0.9141680002212524,0.7940362360572414,3.4811604022979736,22,0.061099892216069346,0.4925590844026633,-0.0966070874461106,-0.107178343726056,0.020925389336688166,0.0870220081082412,0.5421790571085043,0.9342222757517478,0.9192601541484278,0.933144921461059,0.9316939890710383,0.9439805149617257,0.9175788795878945,1.0359216255442671
full,5,19,124086.24499579571,0.06677544466012031,0.06523816442979413,0.04879815299688045,0.19410890382420554,0.07553405695886035,0.9311705423252923,0.0009311705423252922,0.0005109220317431859,0.20436881269727436,1.4087376253945487,1.0,0.8174750804901123,0.8174752507890974,1.7029898513598596e-07,False,1.024078369140625,0.8895031695085097,4.632447719573975,23,0.10015208008033888,0.42535884412271635,-0.10539879915969713,0.021806896797248287,0.31847323211176054,-0.09897001353757723,0.33857775958521025,1.068930144367124,1.074208932789611,1.0719290343572334,1.0821114369501466,1.0269074824917066,1.0224561403508772,1.0819614711033276
full,5,20,126808.69193205831,0.023313315995507677,0.02193995745745103,0.014297567724459951,0.21141052339237043,0.06008103687409888,0.8784248254128866,0.0008784248254128866,0.00046454698379550674,0.18581879351820269,1.3716375870364053,0.9999999999999999,0.7432752847671509,0.7432751740728105,1.1069434036059533e-07,False,0.9501067399978638,0.8252522288003198,3.728884696960449,24,0.034100527742079306,0.4786762770797525,-0.10561148556215424,-0.08020730795604844,0.047539262899330664,0.1413202014352594,0.4841825243617807,1.0131281613727836,1.0211309798074761,1.0099364281396368,1.0027100271002711,1.007896625987078,1.037748798901853,1.0171576561994171
full,5,21,132365.2633742995,0.04461101184945426,0.04381853765369881,0.030376076317672362,0.24451478091179968,0.054563624035137676,0.2751200922897883,0.0002751200922897883,0.0004837987172816481,0.19351948691265924,1.3870389738253184,0.9999999999999999,0.7740779519081116,0.7740779476506368,4.257474817137563e-09,False,0.862267255783081,0.7489558222249039,3.140681505203247,25,0.041779365922723494,0.5612950963633401,-0.0983484195811408,-0.09517106733151845,0.026922211583171568,0.03934096598199435,0.5241818470614297,0.9819083802034764,0.9740025585719445,0.9828400247399243,0.9851351351351353,0.9754273504273504,1.0244708994708993,1.1078930617441118
full,5,22,130761.36720370478,-0.011427316820359246,-0.0121171984983649,-0.0122419435904231,0.23524813070961248,0.059505867764718015,0.22219957730599812,0.00022219957730599814,0.0004759003408253193,0.19036013633012772,1.3807202726602554,1.0,0.7614405751228333,0.7614405453205109,2.9802322387695312e-08,False,0.9340043663978577,0.8112658848002653,3.5018599033355713,26,0.07176774740219116,0.5794823169708252,-0.10151108354330063,-0.08884905278682709,0.08352438360452652,0.03480499982833862,0.4207806885242462,1.0171811676906573,1.0045787328777878,1.0194502657857352,1.0099451303155005,1.0087623220153341,1.013557133634603,0.9675380637747775
full,5,23,132519.9635756091,0.014221047956761934,0.013448898627411054,0.007405844174351639,0.2453967138094999,0.05485477851071562,0.26824239002806805,0.000268242390028068,0.0004933700883494957,0.19734803533979828,1.3946960706795966,0.9999999999999999,0.7893921136856079,0.7893921413591931,2.7673585201171136e-08,False,0.8325933218002319,0.7231813706546784,3.029560089111328,27,0.03916276272918495,0.5637202228286436,-0.09639051902507034,-0.10095751631472794,0.02008281674768242,0.024600914014237252,0.5497813190200499,1.0204317810759416,1.036630597940096,1.0048074160114426,1.0196943972835313,1.0007238508867176,1.024203821656051,0.9902019002375297
full,5,24,134220.8506495314,0.013607764103521935,0.012834949754207292,0.006544509171539545,0.2549592740913751,0.060361022206712855,0.25656171196273414,0.00025656171196273414,0.0005061683484486172,0.2024673393794469,1.4049346787588939,1.0,0.8098693490028381,0.8098693575177878,8.514949634275126e-09,False,0.8263024687767029,0.7177172051455123,3.0174474716186523,28,0.032474546560219336,0.564121781715325,0.018986533262899924,-0.10378802674157281,-0.09867931263787408,0.027201692440680075,0.5596827854003226,1.034047030048888,1.0449943420211207,1.037165241936394,0.9783549783549785,0.9924050632911392,0.9950248756218906,0.9706146926536732
full,6,1,102530.39243640336,0.027270887887042017,0.025303924364033614,0.02222763095346849,0.02467943773816028,0.04903613569383585,1.405232592352799,0.0014052325923527992,0.0005113495593624456,0.20453982374497826,1.4090796474899565,0.9999999999999999,0.8181593418121338,0.818159294979913,4.6832220768067145e-08,False,0.9748700857162476,0.846761397598233,4.053879737854004,6,0.3199169396289757,0.2744608580001763,0.026575340224163857,-0.1102040798536369,-0.09433574389134136,0.04677675877298626,0.536809927118676,1.0561787225444728,1.07454593939288,1.0578565933512618,1.0892232330300908,1.0396518375241781,0.9933090024330901,1.002211573903428
full,6,2,101748.95950259035,-0.006590501479926791,-0.007621476083764178,-0.010903371571171407,0.01718896695494787,0.06825801575917995,0.5192715546914509,0.0005192715546914509,0.0005190816681299891,0.20763266725199564,1.4152653345039912,1.0,0.8305306434631348,0.8305306690079823,2.554484757055775e-08,False,1.022652268409729,0.8882644741523771,4.250458717346191,7,0.24716956966689654,0.09596180223992892,0.060025480176721296,-0.10490757173725537,-0.10272509551474027,0.2407071893768651,0.5637686257915837,0.9610526217750979,0.9804529781020231,0.9571618544716682,0.9222614840989399,0.947596899224806,1.011022657685242,0.9845531445384331
full,6,3,100465.47059853711,-0.011183541006694497,-0.012614270556944307,-0.015567388459262579,0.004633140080507414,0.060231231696442455,0.9481845737567969,0.0009481845737567969,0.0004997743533125946,0.19990974132503783,1.3998194826500756,0.9999999999999999,0.7996389865875244,0.7996389653001512,2.1287373197509396e-08,False,0.949806809425354,0.8249917124151296,4.060990333557129,8,0.3092779841806207,0.38433051375406124,-0.08600061865789552,-0.11390912266714232,0.02089006533580165,0.018502780103257704,0.4669083979512964,0.9731154872222838,0.9711852581306858,0.9629996232560255,0.9522814350400557,0.9581151832460733,1.0533010296789824,0.9988793425476279
full,6,4,101377.52735307823,0.009947917780360749,0.009078310678359625,0.0052319569721965345,0.013588093821627512,0.07445993537847126,0.37147994658776706,0.00037147994658776707,0.000489932494238019,0.1959729976952076,1.3919459953904152,1.0,0.7838919162750244,0.7838919907808304,7.450580596923828e-08,False,0.9501103758811951,0.825255386888455,3.9857003688812256,9,0.3793922010809183,0.49080231226980686,-0.08961930684745312,-0.10635369084775448,0.021943584084510803,0.01904778741300106,0.28478711284697056,1.0109963000452014,1.0079791009476824,1.0086329152204732,0.9663496708119972,0.9583333333333334,0.9815986198964922,1.0011219147344803
full,6,5,103639.70409900378,0.02309909438454083,0.0223143807606081,0.018420392708187284,0.03511881986392862,0.06220666668227644,0.27693335499082294,0.00027693335499082296,0.0004903576323496444,0.1961430529398578,1.3922861058797156,0.9999999999999999,0.7845722436904907,0.7845722117594311,3.193105957421949e-08,False,0.9518104791641235,0.8267320778373379,3.9986133575439453,10,0.2714530604758433,0.46622959551002296,-0.0927188244781324,-0.10342422846172539,0.025723496718066063,0.016192484913127747,0.4165444153227976,1.0132439300667035,1.0452709779845217,1.0043046145479644,1.0034065102195306,1.0245901639344261,0.9660222612770942,0.9977586850952559
full,6,6,104551.03417301262,0.009774802173193375,0.008793252373031413,0.005608331917859281,0.04352930804569077,0.056043125278057465,0.4799534226102489,0.0004799534226102489,0.0004925675437386546,0.19702701749546186,1.3940540349909238,1.0,0.7881080508232117,0.7881080699818477,1.915863601098522e-08,False,0.944301426410675,0.8202097974870517,3.8884880542755127,11,0.2805746173752206,0.34595942257770473,0.016517398346747675,-0.10304397584072181,-0.09398304165474006,0.02380675024219922,0.5301688289535897,1.004842437168933,1.0091613275630966,0.9940845942149397,0.9411542814032442,0.9356521739130435,0.9241964827167981,0.9906402096593037
full,6,7,106571.19104055443,0.020340109620184066,0.019322208369539684,0.01613207388853297,0.061660106980073515,0.03997450091699541,0.48911387047597343,0.0004891138704759734,0.0005089938321283886,0.20359753285135546,1.4071950657027108,0.9999999999999999,0.8143900632858276,0.8143901314054216,6.811959396557654e-08,False,0.9963557124137878,0.8654235758281829,4.0519819259643555,12,0.28795018313186505,0.2257627945925508,0.0376158793057714,-0.10530976685030122,0.08126530317323546,-0.09828776600105424,0.5710033726479327,1.0360215483535529,1.021502497143988,1.0471245506781481,1.0400801603206413,1.0360594795539033,0.9770341207349081,1.0041572184429328
full,6,8,107557.97347331895,0.010264572142621553,0.009259373223942102,0.005832543266372461,0.07026883483625501,0.05552369179618071,0.4958892826523099,0.0004958892826523099,0.0004995918593236378,0.19983674372945515,1.39967348745891,0.9999999999999999,0.799346923828125,0.7993469749178201,5.10896951411155e-08,False,1.0095821619033813,0.8769119238851879,4.067917346954346,13,0.29854449363691465,0.1556807133768286,0.050803155771323605,-0.10323948679225786,-0.09659725693719728,0.11906309904796736,0.5757452818964208,1.030263218631604,1.0570596953253422,1.0216260752256048,0.9703275529865124,0.9601722282023681,0.9194089993284082,0.9894617990214528
full,6,9,106205.73436668848,-0.011489857448715335,-0.01257218840187524,-0.0143153271928667,0.05843125518309966,0.049554950794226976,0.5930595472455025,0.0005930595472455024,0.0005024516343006066,0.20098065372024265,1.401961307440485,0.9999999999999999,0.8039225935935974,0.8039226148809702,2.1287372753420186e-08,False,1.006547212600708,0.8742758004151736,4.032698154449463,14,0.20177307086331503,0.2680938776050295,-0.09327441347496851,-0.10770624024527414,0.0767414058957781,0.06784907089812414,0.5865232284579958,1.0042943009181393,0.992207955075134,1.0190061088156275,1.0559968228752978,1.046711509715994,0.9831994156318481,0.99163179916318
full,6,10,104434.48587470234,-0.015636221558696373,-0.016677522193582206,-0.018481375123577636,0.04246189213803109,0.05024024157018122,0.5406656712293625,0.0005406656712293625,0.0005177355131932667,0.2070942052773067,1.4141884105546132,0.9999999999999999,0.8283768892288208,0.8283768211092264,6.811959440966575e-08,False,1.0225261449813843,0.8881549247344394,4.221374034881592,15,0.25769112365586416,0.18777441339833395,0.04989049690110342,-0.10669194055455072,-0.10040226472275599,0.1380846436534609,0.5736535276685442,0.9305966410201849,0.9079768850724007,0.9492578825091647,0.9386987589319293,0.9339521599428774,0.9034175334323922,1.038741848868431
full,6,11,104699.88401417156,0.003940607445168665,0.002541288322974511,2.72232319685488e-05,0.044889104304407956,0.04799977868816639,0.8723712797675813,0.0008723712797675813,0.0005224275988127504,0.20897103952510016,1.4179420790502004,1.0,0.8358842730522156,0.8358841581004008,1.1495181473364369e-07,False,1.0219461917877197,0.887651183790898,4.462625503540039,16,0.2830350207430976,0.07705739459821156,-0.10188400426081248,-0.10708703526428767,0.31043947807380134,0.0441559659583228,0.4942831801516669,1.0178593449224487,1.0033726303860246,1.0168301139748919,0.9911858974358975,0.9889143730886851,1.0394736842105263,1.002215657311669
full,6,12,98108.54312008267,-0.06152368153797505,-0.06295461505188227,-0.06723613543290274,-0.019279227065906346,0.06135608125176878,1.0084139257669449,0.001008413925766945,0.0005174908813621316,0.20699635254485266,1.4139927050897054,1.0,0.827985405921936,0.8279854101794109,4.257474817137563e-09,False,1.0258443355560303,0.8910370684473836,4.4889140129089355,17,0.3531436356050628,0.47852942666837145,-0.10052769311836787,-0.10646865942648479,0.05149130097457341,0.07480759492942265,0.24902439436742238,0.9005749972130336,0.8982312353523753,0.906226913619528,0.9240097008892482,0.9984538074990336,0.9446202531645569,1.0361090641120116
full,6,13,102575.70417517738,0.046935839682576086,0.045532844674158524,0.039374996099634366,0.02511027534140675,0.10029012615357456,0.8396716650043214,0.0008396716650043214,0.0005013235232659748,0.20052940930638996,1.40105881861278,1.0,0.8021175861358643,0.8021176372255598,5.108969558520471e-08,False,1.0827745199203491,0.9404859982937006,4.959163665771484,18,0.49113369094473974,0.2107288103018488,-0.09866601867335184,-0.10186339063303812,0.1979657422219004,0.2037119876061167,0.09698917823178427,1.0878451084988776,1.105887779215494,1.080196082028685,1.0822397200349958,1.0007742934572201,0.9865996649916248,1.0035561877667143
full,6,14,113113.24403979754,0.10457874824269053,0.10272939337198506,0.0865670887912463,0.11593022683695475,0.08505725408603405,1.1783990764192172,0.0011783990764192172,0.0004972666528608119,0.19890666114432473,1.3978133222886493,1.0,0.7956265807151794,0.7956266445772986,6.386211914843898e-08,False,1.015594482421875,0.8821341591344188,4.341584205627441,19,0.11029089189001492,0.17175693011709622,-0.10717645340732168,-0.09173020773700305,0.03709131798573903,0.4327434817595141,0.4470240393919604,1.0297288920628345,1.0344408881821956,1.0366536879752946,1.1059013742926436,1.085880077369439,1.2478777589134125,0.9968107725017719
full,6,15,119795.4310440595,0.06067067237203272,0.05907519549090923,0.04275023366782137,0.165243622995763,0.13126324981973758,1.007428914308548,0.001007428914308548,0.0004979186904217515,0.19916747616870062,1.3983349523374013,1.0,0.7966699600219727,0.7966699046748027,5.534716995825306e-08,False,1.009830117225647,0.8771272951416249,4.172867774963379,20,0.28806063852139885,0.2272769244653838,0.0442969309432166,-0.10557873972824641,-0.0935887364404542,0.5516948135835784,0.08783816865512303,1.0179242518378595,1.0261253529989354,1.0004892614601024,1.0303362573099413,1.0399002493765588,1.1047619047619048,0.9850693210095981
full,6,16,120377.05422657999,0.005873707548110785,0.00485513660622483,6.717678675226702e-05,0.16927689714208516,0.07932194719139771,0.49311867675610965,0.0004931186767561097,0.0005200174623834235,0.20800698495336944,1.416013969906739,0.9999999999999999,0.8320279121398926,0.8320279398134778,2.7673585201171136e-08,False,1.0150411128997803,0.8816535084746205,4.4919352531433105,21,0.19212608811046394,0.41809593912746223,0.015876805675881234,-0.10767658028219429,-0.10033040467117516,0.4383296596684626,0.14357849237109932,1.0393135068908235,1.0489629372043836,1.0256175982612805,1.038666193685704,0.984583761562179,0.9562807881773397,0.9945867917719236
full,6,17,117569.91979550142,-0.0216956440519801,-0.023319514247248763,-0.022980644696929613,0.14944230485197374,0.0629210481363639,1.1551754171294824,0.0011551754171294825,0.0005060861273003477,0.20243445092013906,1.404868901840278,0.9999999999999998,0.8097377419471741,0.809737803680556,6.17333819619148e-08,False,0.9234906435012817,0.8021337811237796,3.5733306407928467,22,0.04370554509971822,0.4932298918387719,-0.09837987673069751,-0.10405457418944156,0.02156028683696473,0.12341917652104581,0.5205195506236382,0.9342222757517478,0.9192601541484278,0.933144921461059,0.9316939890710383,0.9439805149617257,0.9175788795878945,1.0359216255442671
full,6,18,124553.52622553408,0.061168615467338316,0.05939960188949511,0.0440676317042393,0.19713232511036283,0.07244777108299565,1.1590775421687534,0.0011590775421687534,0.0005093563933457648,0.2037425573383059,1.4074851146766116,1.0,0.8149702548980713,0.8149702293532233,2.554484801464696e-08,False,1.0173364877700806,0.8836472457547622,4.443060874938965,23,0.08780014089175633,0.43590826115437914,-0.10920308956078123,0.03525498828717641,0.4176948996526854,-0.09453946777752467,0.22708426735230855,1.068930144367124,1.074208932789611,1.0719290343572334,1.0821114369501466,1.0269074824917066,1.0224561403508772,1.0819614711033276
full,6,19,127242.29177579703,0.023115572737311352,0.02158722945662972,0.01325442501558351,0.21409777673447117,0.0742205321704966,1.0220384831939424,0.0010220384831939424,0.00047289130677069936,0.18915652270827976,1.3783130454165595,1.0,0.7566260099411011,0.756626090833119,8.089201797290002e-08,False,1.0229127407073975,0.8884907175155092,4.393875598907471,24,-0.08379273010151728,0.4712820883308138,-0.10536379260676249,0.05343199627740042,0.07826852904898779,0.21774774151188986,0.36842616753918783,1.0131281613727836,1.0211309798074761,1.0099364281396368,1.0027100271002711,1.007896625987078,1.037748798901853,1.0171576561994171
full,6,20,132227.9640469339,0.040387832896276565,0.03918250922359756,0.026873567275062894,0.24373032042975928,0.05517952840450445,0.6819844703589166,0.0006819844703589166,0.00047722018190792637,0.19088807276317055,1.381776145526341,0.9999999999999999,0.7635523080825806,0.7635522910526822,1.7029898380371833e-08,False,0.8924844264984131,0.7752021232256984,3.2765231132507324,25,0.03987963710512432,0.5676828681358269,-0.1014380247465202,-0.08945004801665035,0.04020833064402851,0.057697749031441536,0.48541948784674915,0.9819083802034764,0.9740025585719445,0.9828400247399243,0.9851351351351353,0.9754273504273504,1.0244708994708993,1.1078930617441118
full,6,21,131087.80755356778,-0.007525278593607521,-0.00862265785897931,-0.009609111432821647,0.23715254785128692,0.06062677708698568,0.6301964872649738,0.0006301964872649738,0.0004761152155697346,0.19044608622789383,1.3808921724557877,1.0,0.7617842555046082,0.7617843449115753,8.940696716308594e-08,False,0.9891154766082764,0.8591347869121588,3.86738920211792,26,0.08219772577285767,0.5839344188570976,-0.10480955988168716,0.053555577993392944,0.1537313088774681,-0.08563652634620667,0.3170270547270775,1.0171811676906573,1.0045787328777878,1.0194502657857352,1.0099451303155005,1.0087623220153341,1.013557133634603,0.9675380637747775
full,6,22,132859.3952005384,0.01469552894926296,0.013514511227496584,0.007321889135070004,0.24732458815532254,0.05700302337931239,0.6866631092769759,0.0006866631092769759,0.0004779281626854624,0.19117126507418497,1.3823425301483698,0.9999999999999999,0.7646850347518921,0.7646850602967397,2.554484757055775e-08,False,0.8432632684707642,0.7324491685771066,3.050300121307373,27,0.0359088336782796,0.5663505760686738,-0.09538144192525319,-0.09578982314893178,0.023617890264306746,0.03184700065425464,0.5334469644086701,1.0204317810759416,1.036630597940096,1.0048074160114426,1.0196943972835313,1.0007238508867176,1.024203821656051,0.9902019002375297
full,6,23,133900.53567102842,0.008378223524047934,0.007836408324142452,0.0031598696796489014,0.25317699814373007,0.053850806175172475,0.04118662753275465,4.118662753275465e-05,0.0004962712446493762,0.1985084978597505,1.3970169957195007,0.9999999999999998,0.7940340042114258,0.7940339914390013,1.277242445141269e-08,False,0.8284118175506592,0.7195493622113894,3.013916492462158,28,0.02799303058002675,0.5651517526379652,-0.0974230675825051,-0.1010854302772454,0.019476435812456255,0.03251382123146737,0.5533734575978346,1.034047030048888,1.0449943420211207,1.037165241936394,0.9783549783549785,0.9924050632911392,0.9950248756218906,0.9706146926536732
full,6,24,139045.92401018323,0.03900315276187705,0.03842694365163846,0.0249750924342851,0.2808131506776398,0.053221201992492445,0.0386045543210847,3.86045543210847e-05,0.0005161280703863927,0.2064512281545571,1.4129024563091144,1.0,0.8258048295974731,0.8258049126182287,8.302075560351341e-08,False,0.823867917060852,0.715602580393308,3.0181612968444824,29,0.024499681645206023,0.5615849391158139,-0.09846631730241437,-0.10798491085214273,0.024069967546633292,0.028214436822703887,0.5680822030242001,1.028589803182445,1.0354429604664128,1.0173620255284004,1.0408441116405716,1.0557580174927113,1.08125,1.0367624343527957
full,7,1,98614.39500980236,-0.012124198649718032,-0.013856049901976308,-0.017297131496882178,-0.01405073762364939,0.06492787746465574,1.2439896166324615,0.0012439896166324615,0.0005106551333197525,0.20426205332790104,1.4085241066558019,0.9999999999999999,0.8170483112335205,0.8170482133116037,9.792191679736106e-08,False,1.005657434463501,0.8735029489449593,4.031739711761475,7,0.3348508636866297,0.0960294763956751,0.07197974728686468,-0.10285734278815134,-0.1014047105397497,0.12854373561484472,0.5728582303438867,0.9610526217750979,0.9804529781020231,0.9571618544716682,0.9222614840989399,0.947596899224806,1.011022657685242,0.9845531445384331
full,7,2,96524.09084071388,-0.02002646786465856,-0.021196744845219717,-0.0249716368825783,-0.036010794082713904,0.0602316084702757,0.6993875444999762,0.0006993875444999762,0.0004955185085002864,0.19820740340011458,1.3964148068002291,0.9999999999999999,0.792829692363739,0.7928296136004582,7.876328078637584e-08,False,0.945311427116394,0.8210870729534759,3.9700112342834473,8,0.33052645490637844,0.3263177709387881,0.018377421955977163,-0.10717565699347426,0.018000767167125425,-0.09103174640664033,0.5049849884318454,0.9731154872222838,0.9711852581306858,0.9629996232560255,0.9522814350400557,0.9581151832460733,1.0533010296789824,0.9988793425476279
full,7,3,97658.51489285605,0.012544994325824455,0.01175275563086342,0.008425247437153508,-0.023976251427874518,0.07218590435371756,0.2936462153281484,0.0002936462153281484,0.0004890832378129874,0.19563329512519495,1.39126659025039,1.0,0.7825332880020142,0.78253318050078,1.0750123413671986e-07,False,0.9412634968757629,0.8175710854202052,4.034595489501953,9,0.35492010640778715,0.44617311882653404,0.011819515776421347,-0.10483994853815862,0.01514217949339322,-0.09079334658703633,0.36757837462105925,1.0109963000452014,1.0079791009476824,1.0086329152204732,0.9663496708119972,0.9583333333333334,0.9815986198964922,1.0011219147344803
full,7,4,100104.14607121592,0.02575153734993174,0.025042682463920718,0.02204966534746819,0.0010403772001793543,0.059339265611713675,0.20952867077929632,0.00020952867077929632,0.00048176927358976434,0.19270770943590576,1.3854154188718115,0.9999999999999999,0.7708308100700378,0.770830837743623,2.7673585201171136e-08,False,0.9358071684837341,0.8128317787959849,3.881382465362549,10,0.25560718428875717,0.4428820575454405,0.011467924607651558,-0.10010560202811447,0.020268034456031647,-0.09260210740779129,0.46248250853802475,1.0132439300667035,1.0452709779845217,1.0043046145479644,1.0034065102195306,1.0245901639344261,0.9660222612770942,0.9977586850952559
full,7,5,101030.97974960267,0.010187056981755926,0.009258694217594066,0.006452490469637174,0.0102045902371517,0.05423445134670345,0.43276642342763283,0.00043276642342763286,0.0004866569668852858,0.1946627867541143,1.3893255735082284,0.9999999999999999,0.7786511778831482,0.7786511470164568,3.086669142504661e-08,False,0.9332717657089233,0.8106295559269798,3.824583053588867,11,0.2860640027959432,0.3413240650136556,0.01607850766075508,-0.10189533592867,-0.0927674508254443,0.01559918107731001,0.5355970302064503,1.004842437168933,1.0091613275630966,0.9940845942149397,0.9411542814032442,0.9356521739130435,0.9241964827167981,0.9906402096593037
full,7,6,102958.86782980288,0.020023554489392303,0.019082147723186837,0.016103609539145983,0.028738348548024706,0.04860297543454041,0.4223985805043153,0.0004223985805043153,0.0005009540755833898,0.20038163023335592,1.400763260466712,1.0,0.8015264868736267,0.8015265209334239,3.4059797204832876e-08,False,0.9870259761810303,0.8573198699011839,3.999553680419922,12,0.2746475631637233,0.2571517521781581,0.03243510744401387,-0.10037027352622577,0.0675135324043887,-0.10001135670713016,0.568633675043072,1.0360215483535529,1.021502497143988,1.0471245506781481,1.0400801603206413,1.0360594795539033,0.9770341207349081,1.0041572184429328
full,7,7,104549.4891544362,0.016447652759065345,0.015449094945980901,0.012330699502209054,0.04351517344781941,0.048922507951713,0.4886375548584121,0.0004886375548584121,0.000494244960801942,0.19769798432077684,1.3953959686415536,0.9999999999999999,0.7907920479774475,0.7907919372831071,1.1069434036059533e-07,False,0.987343430519104,0.8575956072357472,3.913773536682129,13,0.3271671373929296,0.17767421794789176,0.049113607832363654,-0.1020746912275042,-0.09562329309327264,0.06719252360718589,0.5765504975404059,1.030263218631604,1.0570596953253422,1.0216260752256048,0.9703275529865124,0.9601722282023681,0.9194089993284082,0.9894617990214528
full,7,8,103757.878397943,-0.006512997544249166,-0.00757163677121242,-0.009812244287332045,0.03621776443356317,0.05029670546151609,0.568087671484266,0.000568087671484266,0.0004980598044182573,0.19922392176730291,1.398447843534606,1.0,0.7968956232070923,0.7968956870692119,6.386211959252819e-08,False,0.9910320043563843,0.8607994617629943,3.9412732124328613,14,0.20746505579778127,0.2912075104457992,0.05156207403966359,-0.10415842064789363,0.06447837076016835,-0.09506550111940928,0.5845109107238906,1.0042943009181393,0.992207955075134,1.0190061088156275,1.0559968228752978,1.046711509715994,0.9831994156318481,0.99163179916318
full,7,9,102185.97854312226,-0.014113015854250066,-0.01514969156165702,-0.017327293036734297,0.02139215745925238,0.05003372124847017,0.5389352866581508,0.0005389352866581508,0.0005131337099841663,0.20525348399366655,1.410506967987333,0.9999999999999999,0.8210139274597168,0.821013935974666,8.514949190185916e-09,False,1.001331090927124,0.8697451346956266,4.053436756134033,15,0.30117861075060703,0.19779471201556068,0.05038236720221381,-0.10536591815096993,-0.09988756584269662,0.08068858725684028,0.5752092067684447,0.9305966410201849,0.9079768850724007,0.9492578825091647,0.9386987589319293,0.9339521599428774,0.9034175334323922,1.038741848868431
full,7,10,102138.95359780015,0.0008383583161157837,-0.000460189802872657,-0.002925245185046073,0.020941604769350364,0.04949384990288111,0.7831477842160633,0.0007831477842160634,0.0005151550285518169,0.20606201142072678,1.4121240228414536,1.0,0.8242480158805847,0.8242480456829071,2.9802322387695312e-08,False,1.0073308944702148,0.8749564978381624,4.30909538269043,16,0.2853931486606598,0.08133392781019211,0.03051990270614624,-0.10717479139566422,0.2916863262653351,-0.09888722002506256,0.5171287059783936,1.0178593449224487,1.0033726303860246,1.0168301139748919,0.9911858974358975,0.9889143730886851,1.0394736842105263,1.002215657311669
full,7,11,96447.79988807053,-0.054149044201654783,-0.05571971818058841,-0.06128886289213845,-0.03683028660116516,0.07033943043245847,1.1472125798463821,0.0011472125798463822,0.0005147612653672695,0.2059045061469078,1.4118090122938156,1.0,0.8236179947853088,0.8236180245876312,2.9802322387695312e-08,False,0.9884587526321411,0.8585643637142206,4.27152156829834,17,0.33415839448571205,0.4738207794725895,-0.09888012334704399,-0.10702438279986382,0.03800046443939209,0.033316563814878464,0.3266083039343357,0.9005749972130336,0.8982312353523753,0.906226913619528,0.9240097008892482,0.9984538074990336,0.9446202531645569,1.0361090641120116
full,7,12,101315.73710868835,0.05192167534950687,0.05047224743609657,0.04542953991969176,0.012986502849768211,0.08774499062483229,0.8764293002230781,0.0008764293002230781,0.0005024066327938011,0.20096265311752048,1.401925306235041,1.0,0.8038505911827087,0.8038506124700819,2.1287373197509396e-08,False,1.0787872076034546,0.9370226628199962,4.886152744293213,18,0.4980796288166727,0.2427161346588816,-0.09674414885895594,-0.10421850425856455,0.20717728244406836,0.13349130856139318,0.11949829863650457,1.0878451084988776,1.105887779215494,1.080196082028685,1.0822397200349958,1.0007742934572201,0.9865996649916248,1.0035561877667143
full,7,13,109255.20904683914,0.08017675649931544,0.07836365963200342,0.06801433558556055,0.08471183321676967,0.07421989562881828,1.1887431155358041,0.0011887431155358041,0.0004911858588457107,0.1964743435382843,1.3929486870765686,1.0,0.785897433757782,0.7858973741531372,5.960464477539063e-08,False,1.024147868156433,0.889563535586636,4.3851542472839355,19,0.11634575203061104,0.20682929083704948,-0.10326969996094704,-0.09320464357733727,0.03695199638605118,0.32956988736987114,0.5067774169147015,1.0297288920628345,1.0344408881821956,1.0366536879752946,1.1059013742926436,1.085880077369439,1.2478777589134125,0.9968107725017719
full,7,14,115532.2814191225,0.05910885641714425,0.05745330064392906,0.042539070778305994,0.13444105169857445,0.14380295406997579,1.0709573732955115,0.0010709573732955117,0.0004934248541082655,0.19736994164330618,1.3947398832866125,1.0,0.7894797325134277,0.7894797665732249,3.4059797204832876e-08,False,1.0213285684585571,0.887114722983398,4.265705585479736,20,0.2838473277432578,0.21261940470763616,0.04430506697722844,-0.10337461211851665,-0.09399532952478953,0.544182117496218,0.1124160247189658,1.0179242518378595,1.0261253529989354,1.0004892614601024,1.0303362573099413,1.0399002493765588,1.1047619047619048,0.9850693210095981
full,7,15,116198.90257049988,0.006843593553602867,0.005769999027016803,0.0007403938075669619,0.1394066743502308,0.08450457688178761,0.5477839261293412,0.0005477839261293412,0.0005190821949924742,0.20763287799698968,1.4152657559939792,1.0,0.8305314183235168,0.8305315119879584,9.366444153613429e-08,False,1.0343618392944336,0.8984352781937415,4.76377534866333,21,0.1942925000829356,0.4058025324983256,0.015777076993669786,-0.10716281884482931,-0.10047005915216037,0.39863590842911173,0.1931248599929469,1.0393135068908235,1.0489629372043836,1.0256175982612805,1.038666193685704,0.984583761562179,0.9562807881773397,0.9945867917719236
full,7,16,113735.91290790045,-0.019595929265396772,-0.021196324647774434,-0.021637069353841274,0.12077023480721805,0.060012596216570444,1.1270780095032282,0.0011270780095032282,0.0005066392331251077,0.20265569325004307,1.405311386500086,0.9999999999999999,0.8106228113174438,0.8106227730001718,3.831727202197044e-08,False,0.9131108522415161,0.793118008988932,3.4701826572418213,22,0.05044029759509222,0.4986181009028639,-0.09842288015144213,-0.10423281309860094,0.023648736200162335,0.09314906331045286,0.5367994952414716,0.9342222757517478,0.9192601541484278,0.933144921461059,0.9316939890710383,0.9439805149617257,0.9175788795878945,1.0359216255442671
full,7,17,120517.80978748976,0.0613529458149813,0.05962845601002975,0.046343780939245474,0.17024711802902004,0.06266204565113032,1.1186888813972473,0.0011186888813972473,0.000507435877142208,0.2029743508568832,1.4059487017137664,1.0,0.8118974566459656,0.8118974034275328,5.3218432771728885e-08,False,1.0111603736877441,0.8782827412236348,4.408299446105957,23,0.07801324049276964,0.42821500370545046,-0.10482145925717695,0.030347031674214764,0.42084038922829287,-0.09815289159970625,0.24555868575615541,1.068930144367124,1.074208932789611,1.0719290343572334,1.0821114369501466,1.0269074824917066,1.0224561403508772,1.0819614711033276
full,7,18,122966.17304342805,0.021810332755507256,0.020315364677266468,0.013394497871832415,0.1867682182425655,0.06253204683426108,0.9960517404334885,0.0009960517404334886,0.0004680778644979,0.18723114579916,1.37446229159832,1.0,0.7489245533943176,0.74892458319664,2.9802322387695312e-08,False,1.0116713047027588,0.878726530264543,4.212156772613525,24,-0.0837080292403698,0.46944477781653404,-0.1035231165587902,0.05561842769384384,0.08453578874468803,0.159728791564703,0.4179033599793911,1.0131281613727836,1.0211309798074761,1.0099364281396368,1.0027100271002711,1.007896625987078,1.037748798901853,1.0171576561994171
full,7,19,127985.5537168529,0.041954971870833635,0.04081919888368124,0.028940981313109192,0.21866181693260756,0.05905234753865708,0.6109453908034733,0.0006109453908034733,0.00047968950920871333,0.19187580368348534,1.3837516073669707,0.9999999999999999,0.7675032615661621,0.7675032147339413,4.6832220768067145e-08,False,0.8769842386245728,0.7617388311015533,3.202112913131714,25,0.03768078450645718,0.5674342534371785,-0.1020508014730045,-0.08982500221048084,0.0403362347611359,0.04389908005084309,0.5025254509278706,0.9819083802034764,0.9740025585719445,0.9828400247399243,0.9851351351351353,0.9754273504273504,1.0244708994708993,1.1078930617441118
full,7,20,126748.29544053343,-0.008612224437049898,-0.009667171336045444,-0.011239077605941266,0.21103475472838173,0.07224030803430892,0.5881055689283778,0.0005881055689283778,0.00047657226345368793,0.1906289053814752,1.3812578107629503,0.9999999999999999,0.7625155448913574,0.7625156215259006,7.663454315576246e-08,False,0.9772416949272156,0.8488213511853416,3.788370132446289,26,0.07055810626064027,0.5826922633818217,-0.1015926099249295,0.047516083078724985,0.1484544106892177,-0.0890362954565457,0.34140804197107044,1.0171811676906573,1.0045787328777878,1.0194502657857352,1.0099451303155005,1.0087623220153341,1.013557133634603,0.9675380637747775
full,7,21,128435.18386312928,0.014448237241031059,0.013308963380791905,0.00761158818206684,0.22139715152689055,0.0550161723288394,0.6426992421703678,0.0006426992421703678,0.00048097964775349416,0.19239185910139767,1.384783718202795,0.9999999999999998,0.7695674300193787,0.7695674364055902,6.38621155957253e-09,False,0.8325399160385132,0.7231349829994458,3.0104362964630127,27,0.033212772703596516,0.5676975875560726,-0.09598155772047384,-0.09641030138092382,0.02337118344647543,0.02600410128278391,0.5421062141124691,1.0204317810759416,1.036630597940096,1.0048074160114426,1.0196943972835313,1.0007238508867176,1.024203821656051,0.9902019002375297
full,7,22,129436.92943973294,0.008337253917275023,0.0077996195938894175,0.002948237982744149,0.22742295855711758,0.061551380949657765,0.033775670719998235,3.377567071999823e-05,0.0004995555164558547,0.1998222065823419,1.3996444131646835,0.9999999999999998,0.799288809299469,0.7992888263293669,1.7029897936282623e-08,False,0.8225191831588745,0.7144310850109387,2.9936583042144775,28,0.02733366351042474,0.5675009467772074,-0.09845225725855147,-0.10136994932379043,0.019989445539457446,0.02782889428947652,0.5571692564657755,1.034047030048888,1.0449943420211207,1.037165241936394,0.9783549783549785,0.9924050632911392,0.9950248756218906,0.9706146926536732
full,7,23,134398.5133892734,0.038901433585554646,0.03833205848606469,0.025567886965998123,0.2559441508823922,0.0590661071855298,0.031241073672260533,3.1241073672260534e-05,0.0005169641386185373,0.20678565544741495,1.4135713108948298,0.9999999999999999,0.8271424770355225,0.8271426217896596,1.44754137121339e-07,False,0.8194683790206909,0.7117811902057772,3.0014610290527344,29,0.0237892349915845,0.5649818671601159,-0.09971574268170766,-0.10706991276570729,0.02414980583957263,0.02523531445435115,0.5686294330017907,1.028589803182445,1.0354429604664128,1.0173620255284004,1.0408441116405716,1.0557580174927113,1.08125,1.0367624343527957
full,7,24,141471.16105670872,0.05353763556495039,0.05262444865703264,0.0338702604356713,0.2931421552416962,0.06655487847265365,0.35947786750537997,0.00035947786750537995,0.0005076794818575893,0.20307179274303572,1.4061435854860715,1.0,0.8122871518135071,0.8122871709721431,1.915863601098522e-08,False,0.8590559363365173,0.7461665055943615,3.2095530033111572,30,0.017400714967932024,0.5505098043275731,0.01576478539833001,-0.10368814186326095,-0.09938365087977477,0.0861119492245572,0.5332845388246434,1.0293303784225487,1.0479104071466634,1.0217829114307377,0.9565075212557227,0.9206075250258889,1.0710982658959536,1.0146007151370682
full,8,1,97697.67838940787,-0.021129688937010838,-0.023023216105921285,-0.026670471112818357,-0.02356577606087451,0.06209390103887692,1.4461202525666783,0.0014461202525666782,0.0004901535649384771,0.19606142597539086,1.3921228519507818,1.0,0.7842457890510559,0.7842457039015636,8.514949234594837e-08,False,0.9576363563537598,0.831792370468748,4.069596290588379,8,0.29936719632574493,0.38736412620970184,0.01785105413624219,-0.10716202163270544,0.026578816984381,-0.08889940434268542,0.4649002323193209,0.9731154872222838,0.9711852581306858,0.9629996232560255,0.9522814350400557,0.9581151832460733,1.0533010296789824,0.9988793425476279
full,8,2,98525.55409151122,0.009563441413247498,0.008473852355053602,0.0050811861206059225,-0.0149651115599847,0.07038956760567773,0.6016375986593109,0.0006016375986593108,0.00047821277619472573,0.19128511047789032,1.3825702209557806,0.9999999999999999,0.7651402950286865,0.7651404419115613,1.4688287475195239e-07,False,0.9532469511032104,0.8279797815104465,3.955820083618164,9,0.3739309984126261,0.5005377310195139,-0.08885821673486916,-0.10242689374302116,0.02917301122631344,0.016852665958659974,0.27079070386077675,1.0109963000452014,1.0079791009476824,1.0086329152204732,0.9663496708119972,0.9583333333333334,0.9815986198964922,1.0011219147344803
full,8,3,100830.22893390161,0.02416855822663222,0.0233916455851626,0.020311795384270175,0.008233928879065266,0.05774490109559584,0.2866372830633606,0.00028663728306336063,0.0004722294670396618,0.18889178681586472,1.3777835736317294,1.0,0.755567193031311,0.7555671472634589,4.576785217480506e-08,False,0.9648382663726807,0.8380478700295101,4.018164157867432,10,0.25563308796180145,0.4818542023588504,-0.09272243628012283,-0.09616935053574188,0.04337427964700119,0.014379683083721562,0.39365053376449005,1.0132439300667035,1.0452709779845217,1.0043046145479644,1.0034065102195306,1.0245901639344261,0.9660222612770942,0.9977586850952559
full,8,4,101719.42093187396,0.009833398031306784,0.008818704543012146,0.005771645967237872,0.016903565868955694,0.05795982045305112,0.5257317469056164,0.0005257317469056164,0.0004795861802995205,0.1918344721198082,1.3836689442396164,1.0,0.7673379182815552,0.7673378884792328,2.9802322387695312e-08,False,0.9366181492805481,0.8135361877659565,3.82305645942688,11,0.267410222440958,0.35802773013710976,0.01603620871901512,-0.10110974684357643,-0.09072472527623177,0.019312962889671326,0.531047347933054,1.004842437168933,1.0091613275630966,0.9940845942149397,0.9411542814032442,0.9356521739130435,0.9241964827167981,0.9906402096593037
full,8,5,103624.2788302295,0.020090362572842135,0.018726590073996796,0.016244992495055333,0.03497518989895454,0.03653263069887025,0.8376065460698945,0.0008376065460698945,0.0005002013434256826,0.20008053737027304,1.4001610747405462,1.0,0.8003221750259399,0.8003221494810924,2.554484757055775e-08,False,1.0199164152145386,0.8858881422604399,4.203396320343018,12,0.24022664076515607,0.20183774775692395,-0.09744056367448398,0.03931621781417302,0.1494578713817256,-0.10263997369578906,0.5692420596522945,1.0360215483535529,1.021502497143988,1.0471245506781481,1.0400801603206413,1.0360594795539033,0.9770341207349081,1.0041572184429328
full,8,6,104249.51357355836,0.007425593303770572,0.006033670394495205,0.0030837198202209853,0.040762910328209,0.054080012180669525,0.8889154408659253,0.0008889154408659254,0.0004937031758683069,0.19748127034732277,1.3949625406946455,0.9999999999999999,0.7899249196052551,0.7899250813892911,1.6178403594580004e-07,False,1.0184544324874878,0.8846182801984478,4.096429824829102,13,0.2737392878958157,0.14363538686718258,0.06171578381742748,-0.10194841559444157,-0.0955328547528812,0.13773144249405178,0.5806593692728451,1.030263218631604,1.0570596953253422,1.0216260752256048,0.9703275529865124,0.9601722282023681,0.9194089993284082,0.9894617990214528
full,8,7,103185.8175670978,-0.009013828846702321,-0.010203366615327392,-0.012314514733887314,0.03087456825184509,0.048523453150468084,0.7010120408875601,0.0007010120408875601,0.0005000665517789978,0.2000266207115991,1.400053241423198,0.9999999999999999,0.8001063466072083,0.8001064828463962,1.3623918793115308e-07,False,1.0210601091384888,0.8868815421807555,4.096888065338135,14,0.15029403354440415,0.26135416116033283,-0.09857055757726943,-0.10145606313432967,0.12940431918416703,0.07095701779638017,0.5880170890263148,1.0042943009181393,0.992207955075134,1.0190061088156275,1.0559968228752978,1.046711509715994,0.9831994156318481,0.99163179916318
full,8,8,101411.94184646927,-0.016049941834124337,-0.01719108073621689,-0.019736529985062194,0.01392283611536449,0.055695956971631856,0.6413433317627224,0.0006413433317627224,0.0005190825701824257,0.2076330280729703,1.4152660561459405,1.0,0.8305321931838989,0.830532112291881,8.089201797290002e-08,False,1.0326955318450928,0.8969879419329354,4.2763447761535645,15,0.20227866513388496,0.1855597559894834,0.05935852123158317,-0.10688027100903649,-0.1007527570639338,0.18171497327940803,0.5787211124386107,0.9305966410201849,0.9079768850724007,0.9492578825091647,0.9386987589319293,0.9339521599428774,0.9034175334323922,1.038741848868431
full,8,9,101321.45470388416,0.0007220792281732447,-0.0008922730492835207,-0.0033853115367033686,0.013042200269885229,0.050093513824482155,1.0928117143256324,0.0010928117143256325,0.0005216783019048827,0.20867132076195313,1.417342641523906,0.9999999999999998,0.834685206413269,0.8346852830478122,7.663454315576246e-08,False,1.0061887502670288,0.8739644439881995,4.294870376586914,16,0.1994291634431907,0.07142917971525872,-0.11238365460719385,-0.09628766615475928,0.43506049524460516,0.044855629759175425,0.45789685259972296,1.0178593449224487,1.0033726303860246,1.0168301139748919,0.9911858974358975,0.9889143730886851,1.0394736842105263,1.002215657311669
full,8,10,94628.83376120968,-0.06443795268022945,-0.0660533444000968,-0.073454961775776,-0.05676035543610447,0.0730481213957259,1.2156794699175015,0.0012156794699175015,0.0005124666674860887,0.20498666699443546,1.4099733339888707,0.9999999999999999,0.8199467062950134,0.8199466679777414,3.831727202197044e-08,False,1.0580253601074219,0.9189891512167085,4.6392412185668945,17,0.30225330697638647,0.5127199302826608,-0.10514520002262934,-0.09984146697180613,0.11859367149216787,0.10134201603276388,0.1700777422104563,0.9005749972130336,0.8982312353523753,0.906226913619528,0.9240097008892482,0.9984538074990336,0.9446202531645569,1.0361090641120116
full,8,11,98330.86850506916,0.0405391035518583,0.03912163551757741,0.03515729433336473,-0.016974644079796652,0.09256834045886177,0.8624631528343473,0.0008624631528343473,0.0005007094331085682,0.20028377324342728,1.4005675464868546,1.0,0.8011351823806763,0.8011350929737091,8.940696716308594e-08,False,1.0779099464416504,0.9362606834564771,5.086875915527344,18,0.44253508746623993,0.19164787232875824,-0.1102113202214241,-0.09007245302200317,0.28935323655605316,0.21176323294639587,0.06498434394598007,1.0878451084988776,1.105887779215494,1.080196082028685,1.0822397200349958,1.0007742934572201,0.9865996649916248,1.0035561877667143
full,8,12,111334.16659997536,0.1345638039368815,0.13224024451930738,0.11432978917037805,0.10180312967805405,0.08895969174945313,1.5541829339095525,0.0015541829339095526,0.0004958930159253734,0.1983572063701494,1.3967144127402986,0.9999999999999999,0.7934287786483765,0.7934288254805972,4.6832220768067145e-08,False,1.0129306316375732,0.879820367741947,4.306132793426514,19,-0.07803753231252944,0.15670000548873628,-0.12031967405761995,0.08017746146236146,0.07789061005626405,0.49203943248306,0.3915496968797275,1.0297288920628345,1.0344408881821956,1.0366536879752946,1.1059013742926436,1.085880077369439,1.2478777589134125,0.9968107725017719
full,8,13,117957.60511336614,0.06142406760093633,0.059491517434974384,0.04348842727182864,0.15223778997638637,0.1389246605300737,1.3236362061330251,0.0013236362061330251,0.0004987377859652042,0.1994951143860817,1.3989902287721634,1.0,0.7979804277420044,0.7979804575443268,2.9802322387695312e-08,False,1.0220087766647339,0.8877055443243737,4.178076267242432,20,0.2660827338695526,0.20115891098976135,0.07590331137180328,-0.10562527924776077,-0.09386983513832092,0.5690553784370422,0.08729477971792221,1.0179242518378595,1.0261253529989354,1.0004892614601024,1.0303362573099413,1.0399002493765588,1.1047619047619048,0.9850693210095981
full,8,14,118117.24939429878,0.0023303521641417912,0.001353403884210902,-0.0038380996165109857,0.15338360389531092,0.09967827070871058,0.45437994918652946,0.0004543799491865295,0.0005207722966692278,0.2083089186676911,1.4166178373353822,1.0,0.8332356214523315,0.8332356746707643,5.3218432771728885e-08,False,0.9965387582778931,0.865582567445615,4.206750869750977,21,0.1726732634540115,0.40720196893172605,0.022582950868776847,-0.10821177730602877,-0.10009714136166234,0.49740903904395445,0.10844169636922221,1.0393135068908235,1.0489629372043836,1.0256175982612805,1.038666193685704,0.984583761562179,0.9562807881773397,0.9945867917719236
full,8,15,114951.57775429779,-0.0251246289145598,-0.026801095151084642,-0.026413014564038623,0.1300684866305698,0.061957945985950155,1.2144619705421584,0.0012144619705421584,0.0005066907299416406,0.20267629197665626,1.4053525839533125,0.9999999999999999,0.8107051849365234,0.8107051679066251,1.7029898380371833e-08,False,0.9401506781578064,0.8166045033630709,3.735635280609131,22,0.028023695839302865,0.4884491584130696,-0.10451116945062366,-0.0981651225260326,0.03288663764085087,0.16192174170698437,0.4913950583764485,0.9342222757517478,0.9192601541484278,0.933144921461059,0.9316939890710383,0.9439805149617257,0.9175788795878945,1.0359216255442671
full,8,16,121165.51299970015,0.056052615068928224,0.05405698092012523,0.039961390769787115,0.17468265082781875,0.09305546854923673,1.3894212990999222,0.0013894212990999222,0.0005020773676889284,0.20083094707557136,1.4016618941511427,0.9999999999999999,0.8033239841461182,0.8033237883022855,1.958438327065437e-07,False,0.9896268248558044,0.8595789383566236,3.9916388988494873,23,0.0546964502760342,0.42158543531383785,-0.1075010650924274,0.08377035920109066,0.5189890510269574,-0.09332988198314396,0.12178965125765118,1.068930144367124,1.074208932789611,1.0719290343572334,1.0821114369501466,1.0269074824917066,1.0224561403508772,1.0819614711033276
full,8,17,123454.71294454297,0.02031059245845923,0.01889316430202781,0.011483999238444342,0.1899863713998432,0.07639442667160212,0.9049756888832365,0.0009049756888832365,0.0004852025902697019,0.19408103610788074,1.3881620722157615,1.0,0.7763242125511169,0.776324144431523,6.811959396557654e-08,False,1.119681715965271,0.9725431814633627,5.621490955352783,24,-0.09558302802698954,0.4011437382016863,-0.09849800808089121,0.14926921682698385,0.23722238200051443,0.23389398413045065,0.17255171494824545,1.0131281613727836,1.0211309798074761,1.0099364281396368,1.0027100271002711,1.007896625987078,1.037748798901853,1.0171576561994171
full,8,18,126706.16966380633,0.027625032032029262,0.026337242554068663,0.017918210934407878,0.21077244884496693,0.05735733021431702,0.7672030755451748,0.0007672030755451748,0.0004867533993508134,0.19470135974032537,1.3894027194806509,1.0,0.7788053750991821,0.7788054389613017,6.386211959252819e-08,False,0.9716749787330627,0.8439861629344575,3.7627224922180176,25,-0.09087041446140834,0.5729975061757224,-0.10383094527891704,0.053328860018934526,0.11593995562621526,0.07284816673823766,0.3795868711812156,0.9819083802034764,0.9740025585719445,0.9828400247399243,0.9851351351351353,0.9754273504273504,1.0244708994708993,1.1078930617441118
full,8,19,126375.26246403197,-0.0013755980558424197,-0.0026116107893748852,-0.006190627028529264,0.20870589662702943,0.08248149621183526,0.7570567567433629,0.0007570567567433629,0.0004814251778381212,0.1925700711352485,1.385140142270497,0.9999999999999999,0.7702803015708923,0.770280284540994,1.7029898380371833e-08,False,0.988922655582428,0.8589673046971171,3.883699655532837,26,0.05508238290037426,0.582671581102269,-0.10592564355049816,0.07484833736504826,0.3173219843634537,-0.08664442758475033,0.16264578540410313,1.0171811676906573,1.0045787328777878,1.0194502657857352,1.0099451303155005,1.0087623220153341,1.013557133634603,0.9675380637747775
full,8,20,128154.85488948894,0.01550912333395571,0.01408180992671304,0.007984196328980432,0.21969401716203074,0.060078484120417566,0.9470231128590447,0.0009470231128590448,0.0004594806501907962,0.1837922600763185,1.3675845201526369,0.9999999999999998,0.7351690530776978,0.7351690403052737,1.277242400732348e-08,False,0.8661085367202759,0.7522923164538317,3.1218459606170654,27,0.031225824462515955,0.5729116217366286,-0.09548469473208701,-0.08830756534423148,0.04058284844670976,0.039284037160021906,0.4997879282704421,1.0204317810759416,1.036630597940096,1.0048074160114426,1.0196943972835313,1.0007238508867176,1.024203821656051,0.9902019002375297
full,8,21,129170.75314463669,0.008498669570455863,0.007927114864464402,0.003245512147498695,0.22583094419193517,0.057828297648114625,0.08531116853867249,8.531116853867249e-05,0.0004815876736704793,0.1926350694681917,1.3852701389363833,0.9999999999999999,0.7705402970314026,0.7705402778727666,1.915863601098522e-08,False,0.8312225341796875,0.7219907196557509,3.0071167945861816,28,0.022353295769010267,0.5683402405785662,-0.09700732811221055,-0.09562774135598115,0.024113657485161505,0.03538436309567519,0.5424435125397784,1.034047030048888,1.0449943420211207,1.037165241936394,0.9783549783549785,0.9924050632911392,0.9950248756218906,0.9706146926536732
full,8,22,133951.73519430865,0.03784236733359747,0.037012883592298484,0.0247963808414779,0.25346245156928127,0.056702530717363926,0.28738512258444515,0.00028738512258444517,0.0005121730973145792,0.2048692389258317,1.4097384778516635,1.0,0.8194769024848938,0.819476955703327,5.3218433215818095e-08,False,0.828141450881958,0.7193145247067745,3.0294320583343506,29,-0.10341941112918515,0.5639205545719181,0.02161005777972083,-0.10144982779664655,0.030509573274425078,0.027706281148961592,0.5611227721508061,1.028589803182445,1.0354429604664128,1.0173620255284004,1.0408441116405716,1.0557580174927113,1.08125,1.0367624343527957
full,8,23,139605.4455512355,0.042947330529187644,0.042207070693975224,0.02734468956091636,0.2836955635566537,0.057768448529121635,0.20901179819234794,0.00020901179819234793,0.0005010170283328209,0.20040681133312838,1.4008136226662569,1.0,0.8016272187232971,0.8016272453325137,2.6609216607909048e-08,False,0.8824120759963989,0.766453390740058,3.3747222423553467,30,-0.10074097250721284,0.5449280109522598,0.014807777878429212,-0.09966583882591554,0.015263825122799196,0.12774975265243224,0.4976574447272079,1.0293303784225487,1.0479104071466634,1.0217829114307377,0.9565075212557227,0.9206075250258889,1.0710982658959536,1.0146007151370682
full,8,24,139018.40024961944,-0.003238952292493713,-0.0042050315394079885,-0.005809426953553094,0.2806707614212116,0.05569249636221996,0.4706736954727342,0.0004706736954727342,0.0004990147998822587,0.1996059199529035,1.3992118399058069,0.9999999999999998,0.7984235286712646,0.7984236798116138,1.5114034912500074e-07,False,0.8931269645690918,0.7757602247027154,3.3353941440582275,31,-0.09957450654889857,0.574357673259718,-0.10003141340400493,0.028006514268262034,0.0923321914992162,0.028411578120929842,0.47649796280477724,0.8883429458072976,0.9111819056684046,0.8713745250537601,0.9620512820512821,0.9591301087364079,1.0766324878575284,1.0555066079295152
full,9,1,101018.29017587045,0.012125762398859541,0.01018290175870451,0.0066248790964975775,0.010080255507172287,0.06910752821349418,1.4445143067943198,0.0014445143067943198,0.00047691467417670144,0.1907658696706806,1.381531739341361,1.0,0.7630634307861328,0.7630634786827222,4.7896589361329234e-08,False,0.9523049592971802,0.8271615778237325,4.004144191741943,9,0.3452623128624899,0.4860204100342734,0.013984358470354757,-0.10118312242307834,0.025952929231737337,-0.08958274724760226,0.3195458590718252,1.0109963000452014,1.0079791009476824,1.0086329152204732,0.9663496708119972,0.9583333333333334,0.9815986198964922,1.0011219147344803
full,9,2,103711.63598794155,0.02742026592377589,0.026661961981162552,0.022521548147169425,0.03578803817512921,0.06372469041574999,0.26648880700979916,0.00026648880700979916,0.00047184967502419446,0.1887398700096778,1.3774797400193555,0.9999999999999999,0.7549594640731812,0.7549594800387109,1.5965529787109745e-08,False,0.9550281167030334,0.8295268822931645,3.9231221675872803,10,0.2275890837024365,0.47451206842171295,0.013263107144406844,-0.09581554135573764,0.040899569035640765,-0.09292432865394015,0.43247604170548065,1.0132439300667035,1.0452709779845217,1.0043046145479644,1.0034065102195306,1.0245901639344261,0.9660222612770942,0.9977586850952559
full,9,3,104622.80231167783,0.009774747559751384,0.008785574685585162,0.005497278955300848,0.04418541856588998,0.058002028709198364,0.5019881775868791,0.0005019881775868791,0.00047808949702552394,0.19123579881020958,1.3824715976204192,0.9999999999999999,0.7649432420730591,0.7649431952408383,4.6832220768067145e-08,False,0.9340522289276123,0.81130745766539,3.7846693992614746,11,0.25681743611182484,0.3598378061183861,0.017519302932279435,-0.1011824847332069,-0.09005331407700268,0.01801144358302864,0.5390498100646904,1.004842437168933,1.0091613275630966,0.9940845942149397,0.9411542814032442,0.9356521739130435,0.9241964827167981,0.9906402096593037
full,9,4,106703.61736074825,0.02102355370389586,0.019888733651690416,0.0163463659645545,0.06282464949697408,0.04585729933059211,0.6133813863354071,0.0006133813863354071,0.0004986900889447758,0.19947603557791033,1.3989520711558205,1.0,0.7979040741920471,0.7979041423116411,6.811959396557654e-08,False,1.0203773975372314,0.8862885464184408,4.19530725479126,12,0.22805540902273994,0.20375858885901313,0.04022898418562751,-0.09563803034169335,0.15534672779696326,-0.10383800523621697,0.5720863257135664,1.0360215483535529,1.021502497143988,1.0471245506781481,1.0400801603206413,1.0360594795539033,0.9770341207349081,1.0041572184429328
full,9,5,107552.31704036015,0.00907672189139963,0.007953804197120995,0.0047539871656707665,0.07021993805606308,0.05282602786836462,0.6224509456327982,0.0006224509456327983,0.0004909856590841498,0.19639426363365992,1.3927885272673197,0.9999999999999999,0.7855770587921143,0.7855770545346394,4.257474817137563e-09,False,1.018676519393921,0.8848111824343816,4.0811076164245605,13,0.27422458359173363,0.14863607713154384,0.06908300199678966,-0.10193841478654317,-0.09445584884711675,0.12219934591225215,0.5822512550013406,1.030263218631604,1.0570596953253422,1.0216260752256048,0.9703275529865124,0.9601722282023681,0.9194089993284082,0.9894617990214528
full,9,6,106483.63763774218,-0.008756427616858575,-0.009936368011643437,-0.011669575588578772,0.06088858139688602,0.04676437858803427,0.6923395544290543,0.0006923395544290542,0.000498733219823667,0.1994932879294668,1.3989865758589335,0.9999999999999999,0.7979731559753418,0.797973151717867,4.257474817137563e-09,False,1.0205084085464478,0.8864023411351832,4.091796398162842,14,0.148235094334398,0.2599738506334168,-0.09745633176394872,-0.10203695616551808,0.13433827140501567,0.06865693309477397,0.5882891384618623,1.0042943009181393,0.992207955075134,1.0190061088156275,1.0559968228752978,1.046711509715994,0.9831994156318481,0.99163179916318
full,9,7,104688.02919062764,-0.015730128194131665,-0.016862763960254767,-0.018922697639141013,0.04478094799254595,0.05630128469601882,0.6337449146168572,0.0006337449146168573,0.0005176546983420849,0.20706187933683395,1.414123758673668,1.0,0.828247606754303,0.8282475173473358,8.940696716308594e-08,False,1.0337423086166382,0.8978971606842687,4.271937847137451,15,0.19905618578195572,0.19072768837213516,0.06350315362215042,-0.10691904276609421,-0.10014283657073975,0.17374881356954575,0.5800260379910469,0.9305966410201849,0.9079768850724007,0.9492578825091647,0.9386987589319293,0.9339521599428774,0.9034175334323922,1.038741848868431
full,9,8,103824.60434840102,-0.006353113520743858,-0.008247598592713956,-0.010596365824884239,0.03683716757125233,0.053051708071812316,1.3880075365304947,0.0013880075365304946,0.0005204102396965027,0.20816409587860107,1.4163281917572021,1.0,0.8326562643051147,0.8326563835144043,1.1920928955078125e-07,False,0.9999758005142212,0.8685679444002264,4.222685813903809,16,0.190616674721241,0.06844024360179901,-0.11060306429862976,0.04331260174512863,0.44362928718328476,-0.09756103157997131,0.4621652886271477,1.0178593449224487,1.0033726303860246,1.0168301139748919,0.9911858974358975,0.9889143730886851,1.0394736842105263,1.002215657311669
full,9,9,97030.62360707577,-0.06355537377881548,-0.06543709734281189,-0.07116884339340906,-0.030602466340406975,0.07458418963499511,1.499160191842488,0.0014991601918424879,0.000512295314776046,0.2049181259104184,1.4098362518208367,0.9999999999999999,0.8196725249290466,0.8196725036416734,2.1287373197509396e-08,False,1.0595431327819824,0.9203074718113989,4.6599202156066895,17,0.297917722591332,0.5116345871772086,-0.10484414654118676,-0.10007397936923165,0.12793911887066703,0.09576475513832908,0.1716619421328817,0.9005749972130336,0.8982312353523753,0.906226913619528,0.9240097008892482,0.9984538074990336,0.9446202531645569,1.0361090641120116
full,9,10,100768.23466697786,0.03994713976273201,0.0385199117655628,0.03372163212439146,0.007623778162996975,0.09009224758024993,0.8733529171773367,0.0008733529171773367,0.0004999940602907112,0.19999762411628452,1.399995248232569,1.0,0.7999904155731201,0.7999904964651381,8.089201797290002e-08,False,1.0763745307922363,0.9349270383685402,5.065483093261719,18,0.4398044581924166,0.18734254794461386,-0.10955261332648142,-0.0904450107898031,0.3026856120143618,0.20617901640278952,0.06398598956210272,1.0878451084988776,1.105887779215494,1.080196082028685,1.0822397200349958,1.0007742934572201,0.9865996649916248,1.0035561877667143
full,9,11,114084.74956024346,0.13447557630876084,0.132149927378151,0.11131053302920796,0.12345865345311458,0.09048684521819289,1.5576084724494388,0.0015576084724494388,0.000494472687797887,0.1977890751191548,1.3955781502383096,0.9999999999999999,0.7911562919616699,0.7911563004766191,8.514949190185916e-09,False,1.0182750225067139,0.8844624466691509,4.345274448394775,19,-0.07887136297566552,0.15629525376217704,-0.11891771214348928,0.08126167101519446,0.0829695899571691,0.4893625964011465,0.3878999639834676,1.0297288920628345,1.0344408881821956,1.0366536879752946,1.1059013742926436,1.085880077369439,1.2478777589134125,0.9968107725017719
full,9,12,120871.10684642819,0.061420312766192975,0.05948522753780616,0.041492801843743696,0.1726724226406382,0.15441934687559866,1.3271935497011456,0.0013271935497011457,0.0004975796224815505,0.19903184899262022,1.3980636979852403,0.9999999999999999,0.7961273193359375,0.7961273959704807,7.663454315576246e-08,False,1.0226686000823975,0.8882786596630173,4.180357456207275,20,0.2635011577180454,0.20145765479121888,0.07727934952293122,-0.10579147402729308,-0.09324037496532714,0.569227387862546,0.08756629909787858,1.0179242518378595,1.0261253529989354,1.0004892614601024,1.0303362573099413,1.0399002493765588,1.1047619047619048,0.9850693210095981
full,9,13,121029.13930633277,0.0022830689745356736,0.0013074461219699796,-0.003759320917706815,0.17375269647342217,0.09679189500981576,0.4536494240164757,0.00045364942401647566,0.0005202251499784845,0.20809005999139382,1.4161801199827875,0.9999999999999998,0.8323600888252258,0.832360239965575,1.5114034912500074e-07,False,0.9960958957672119,0.8651979019563537,4.1992573738098145,21,0.17134179520819867,0.40785231042121134,0.022879080580813532,-0.10833511900688925,-0.09975494098450458,0.4980205183050462,0.10799635547612393,1.0393135068908235,1.0489629372043836,1.0256175982612805,1.038666193685704,0.984583761562179,0.9562807881773397,0.9945867917719236
full,9,14,117771.90799688206,-0.02523689295061593,-0.026912785863959954,-0.025879354443076878,0.1509010790362042,0.06055474011717807,1.2143585671271597,0.0012143585671271597,0.0005064033504043307,0.20256134016173227,1.4051226803234647,1.0,0.8102453351020813,0.8102453606469293,2.554484801464696e-08,False,0.9410076141357422,0.8173488284961946,3.7401273250579834,22,0.02789811843207904,0.48880704545548986,-0.1046035433454173,-0.09795779681631497,0.03385919013193675,0.16176753544381686,0.4902294506984098,0.9342222757517478,0.9192601541484278,0.933144921461059,0.9316939890710383,0.9439805149617257,0.9175788795878945,1.0359216255442671
full,9,15,124122.31518988968,0.05592511450119786,0.0539212389526349,0.03886800776737618,0.19434309739538724,0.09148021183613723,1.3976392086063114,0.0013976392086063115,0.000501907787152699,0.20076311486107964,1.4015262297221593,1.0,0.803052544593811,0.8030524594443187,8.514949234594837e-08,False,0.9891523122787476,0.8591667819690045,3.9836907386779785,23,0.05395263752767018,0.4195923278374331,-0.10740733199885916,0.08688538468309812,0.5217810938400882,-0.09335578286222049,0.11855167097279004,1.068930144367124,1.074208932789611,1.0719290343572334,1.0821114369501466,1.0269074824917066,1.0224561403508772,1.0819614711033276
full,9,16,126443.2001156484,0.02010765695073813,0.018698369605885112,0.009994093298961849,0.20913105719771985,0.09587733006741514,0.8968129626342228,0.0008968129626342229,0.0004856506468994277,0.1942602587597711,1.388520517519542,0.9999999999999999,0.7770410180091858,0.7770410350390842,1.7029898380371833e-08,False,1.1205658912658691,0.9733111663715326,5.646228313446045,24,-0.09606300507272994,0.39512973810945234,-0.09819725368704116,0.1540073582104274,0.24785284485135758,0.23331615115915025,0.1639541664293834,1.0131281613727836,1.0211309798074761,1.0099364281396368,1.0027100271002711,1.007896625987078,1.037748798901853,1.0171576561994171
full,9,17,129599.81943220051,0.02625889648706159,0.024964721817108293,0.016422190662828972,0.22839398667284028,0.05681477624582909,0.7747634031942913,0.0007747634031942912,0.00048709301277995105,0.19483720511198044,1.3896744102239609,1.0,0.7793487906455994,0.7793488204479218,2.9802322387695312e-08,False,0.9777806401252747,0.8492894730364723,3.8073501586914062,25,-0.0913475975394249,0.5728408694267273,-0.10348960757255554,0.0551300123333931,0.12447415292263031,0.07348284125328064,0.3689093291759491,0.9819083802034764,0.9740025585719445,0.9828400247399243,0.9851351351351353,0.9754273504273504,1.0244708994708993,1.1078930617441118
full,9,18,129308.04263120916,-0.0010162615280069343,-0.002251367341942978,-0.005552343956180521,0.2266528982640057,0.07622511094691885,0.7557427499975478,0.0007557427499975478,0.00048138445775423736,0.19255378310169496,1.3851075662033898,0.9999999999999999,0.7702152132987976,0.7702151324067796,8.089201797290002e-08,False,0.9853354692459106,0.8558515142341007,3.8571903705596924,26,0.05313456697123389,0.5822697420205389,-0.10602622585637231,0.07573018116610389,0.3278343219842229,-0.08652755724532266,0.15358497095959525,1.0171811676906573,1.0045787328777878,1.0194502657857352,1.0099451303155005,1.0087623220153341,1.013557133634603,0.9675380637747775
full,9,19,131140.2684168428,0.015607457447289308,0.01416946501045735,0.007803081309639831,0.23745771449742847,0.060034698475658906,0.9570727869868279,0.0009570727869868279,0.00045982447053704954,0.1839297882148198,1.3678595764296395,1.0,0.7357192039489746,0.735719152859279,5.108969558520471e-08,False,0.8704541921615601,0.7560669048106368,3.142075777053833,27,0.03131840644138198,0.5734723832990443,-0.09586919578058381,-0.088060592434236,0.04370222134249549,0.04031368611114364,0.4951230910207544,1.0204317810759416,1.036630597940096,1.0048074160114426,1.0196943972835313,1.0007238508867176,1.024203821656051,0.9902019002375297
full,9,20,132183.58655250378,0.008532795934407478,0.00795574195673221,0.0030941659402610997,0.24347642087711352,0.05849080878847892,0.09148763865232473,9.148763865232474e-05,0.00048084786693964693,0.19233914677585878,1.3846782935517177,1.0,0.7693566083908081,0.7693565871034354,2.1287372753420186e-08,False,0.8325833082199097,0.7231726729693223,3.011615037918091,28,0.022192009591630507,0.5685172070349966,-0.09700679140431542,-0.09533235537154336,0.024879564398101378,0.03588345540421348,0.5408669103469168,1.034047030048888,1.0449943420211207,1.037165241936394,0.9783549783549785,0.9924050632911392,0.9950248756218906,0.9706146926536732
full,9,21,137080.60453179406,0.037878663657867406,0.03704709568721798,0.0240243984610978,0.27050219583175017,0.06002752987077698,0.289103659668139,0.000289103659668139,0.0005124363582581281,0.20497454330325127,1.4099490866065025,1.0,0.8198981881141663,0.8198981732130051,1.4901161193847656e-08,False,0.8297050595283508,0.7206726579207438,3.0362319946289062,29,-0.10389634780585766,0.5638815183192492,0.021532002836465836,-0.10107819549739361,0.03182983957231045,0.02780151180922985,0.559929670765996,1.028589803182445,1.0354429604664128,1.0173620255284004,1.0408441116405716,1.0557580174927113,1.08125,1.0367624343527957
full,9,22,142873.79543290913,0.043006430512883664,0.04226120041490922,0.026618781837085416,0.3000815881106893,0.0592122088370743,0.21419429699225076,0.00021419429699225077,0.0005005630019253919,0.20022520077015676,1.4004504015403134,1.0,0.8009007573127747,0.8009008030806268,4.576785217480506e-08,False,0.8843984007835388,0.768178690528703,3.387031316757202,30,-0.10112367769969363,0.5448081473420774,0.014880874061158705,-0.09910152307046313,0.015631744505039263,0.13014931777226071,0.49475511708962067,1.0293303784225487,1.0479104071466634,1.0217829114307377,0.9565075212557227,0.9206075250258889,1.0710982658959536,1.0146007151370682
full,9,23,142178.17578433373,-0.003890395327086349,-0.004868769997098954,-0.006232421553637033,0.296657173660131,0.056160142061574665,0.48341547431690346,0.00048341547431690347,0.0004992629960179328,0.19970519840717316,1.3994103968143463,1.0,0.7988207340240479,0.7988207936286926,5.960464477539063e-08,False,0.8981415629386902,0.7801158495044707,3.366919994354248,31,-0.09973859786987305,0.5743604823946953,-0.09996660053730011,0.028399093076586723,0.09890145063400269,0.02856670506298542,0.46947746723890305,0.8883429458072976,0.9111819056684046,0.8713745250537601,0.9620512820512821,0.9591301087364079,1.0766324878575284,1.0555066079295152
full,9,24,130803.79030154903,-0.07881715911982967,-0.08000092433340966,-0.06498207348270318,0.2354961597866193,0.07642119218382987,0.8273501401501042,0.0008273501401501042,0.00045852537932140484,0.18341015172856195,1.3668203034571238,0.9999999999999999,0.7336405515670776,0.7336406069142476,5.534716995825306e-08,False,1.0096545219421387,0.8769747750162731,3.9674956798553467,32,0.10565996595791408,0.5847716821091515,-0.10108863136598042,-0.08232152036258153,0.2619953943150384,0.0633380679147584,0.16764504143169948,0.8748807130139254,0.8987705690454519,0.8625624855383022,0.9506041222459132,0.9378420641125881,0.8997493734335839,0.9897050639955481
full,10,1,102414.91980185946,0.025966674234842557,0.02414919801859461,0.020564387556737892,0.023579765590126645,0.06030756066777505,1.299470721610955,0.0012994707216109549,0.000473577052886997,0.1894308211547988,1.3788616423095976,0.9999999999999999,0.7577232122421265,0.7577232846191952,7.23770687827141e-08,False,1.0072617530822754,0.874896442391656,4.258011341094971,10,0.26075854737843784,0.5055322035082749,-0.0983545125595161,-0.0910763085952827,0.08257029790963444,0.028553733868258324,0.3120160384901932,1.0132439300667035,1.0452709779845217,1.0043046145479644,1.0034065102195306,1.0245901639344261,0.9660222612770942,0.9977586850952559
full,10,2,103152.87076863112,0.008374374862661238,0.007205502559581856,0.004392114626445214,0.030565031735306003,0.051863030374682886,0.6820710546204022,0.0006820710546204022,0.0004777663174484457,0.1911065269793783,1.3822130539587565,0.9999999999999999,0.7644261717796326,0.764426107917513,6.386211959252819e-08,False,0.9602158069610596,0.8340328527989326,3.9484307765960693,11,0.2661387068884713,0.3470971924918038,0.01837534883192607,-0.10098604432174138,-0.09012048265763692,0.037482146705899916,0.5220131320612771,1.004842437168933,1.0091613275630966,0.9940845942149397,0.9411542814032442,0.9356521739130435,0.9241964827167981,0.9906402096593037
full,10,3,105145.32652308187,0.020903437930104074,0.019315562810847675,0.01656132146692466,0.048935380137436146,0.036180538704109685,1.0557591042348318,0.0010557591042348318,0.0005008144197719438,0.20032576790877754,1.400651535817555,0.9999999999999999,0.8013031482696533,0.8013030716351102,7.663454315576246e-08,False,1.033634066581726,0.8978031428473241,4.317818641662598,12,0.19774917726005825,0.14379043344940456,-0.10407060171876636,0.056398721677916375,0.2440541482397488,-0.09625516619001118,0.5583332872816494,1.0360215483535529,1.021502497143988,1.0471245506781481,1.0400801603206413,1.0360594795539033,0.9770341207349081,1.0041572184429328
full,10,4,103830.25548122998,-0.010892817778363595,-0.01250717540511126,-0.015301297970684717,0.03688958929627584,0.06511014259048817,1.135308359350477,0.001135308359350477,0.0004981612148029464,0.19926448592117857,1.398528971842357,0.9999999999999999,0.7970580458641052,0.797057943684714,1.0217939117040942e-07,False,1.0072240829467773,0.8748637225276973,4.057214260101318,13,0.19236229147229875,0.08124049540076936,0.05965911384139741,-0.10171967957701003,-0.09754480634416854,0.291454804795129,0.5745477804115839,1.030263218631604,1.0570596953253422,1.0216260752256048,0.9703275529865124,0.9601722282023681,0.9194089993284082,0.9894617990214528
full,10,5,103203.09134790296,-0.004681634565885884,-0.006040283060272378,-0.00811809681547879,0.031036777155300177,0.04530569349006261,0.8664996943303518,0.0008664996943303519,0.0004994719289243221,0.19978877156972885,1.3995775431394577,1.0,0.7991551160812378,0.7991550862789154,2.9802322387695312e-08,False,1.0345733165740967,0.8986189650249526,4.19807767868042,14,0.11420773714780807,0.18125171214342117,-0.10537955164909363,-0.09440921992063522,0.2170010283589363,0.10139817744493484,0.5859301164746284,1.0042943009181393,0.992207955075134,1.0190061088156275,1.0559968228752978,1.046711509715994,0.9831994156318481,0.99163179916318
full,10,6,101025.4561060311,-0.01974824742264758,-0.021100484621443538,-0.02396956697320614,0.010150472421077916,0.06166524477967757,0.8593060949019024,0.0008593060949019024,0.0005211257641868932,0.2084503056747573,1.4169006113495146,0.9999999999999999,0.8338011503219604,0.8338012226990292,7.23770687827141e-08,False,0.9976247549057007,0.8665258521312598,4.008032321929932,15,0.12926652122821125,0.09875079829777988,0.05750890289034161,-0.10768966536436764,-0.10076064031038967,0.35310398627604755,0.5698200969823769,0.9305966410201849,0.9079768850724007,0.9492578825091647,0.9386987589319293,0.9339521599428774,0.9034175334323922,1.038741848868431
full,10,7,100671.6540128026,-0.0013540751281053698,-0.003502108348386712,-0.007376397898557742,0.006671729191190079,0.07795309337339809,1.638397098651954,0.001638397098651954,0.0005148652701505594,0.20594610806022373,1.4118922161204475,1.0,0.8237842917442322,0.8237844322408949,1.4049666274829065e-07,False,1.027596354484558,0.892558852753083,4.445810317993164,16,0.17149940239531652,-0.08740286422627314,-0.1185432438339506,0.08444748925311224,0.48406787323100225,0.07920742141348974,0.3867239217673029,1.0178593449224487,1.0033726303860246,1.0168301139748919,0.9911858974358975,0.9889143730886851,1.0394736842105263,1.002215657311669
full,10,8,94221.25380877557,-0.062189291348783704,-0.06407364880690958,-0.07258318952309284,-0.06133166305505289,0.09159594553699742,1.5016335099935532,0.0015016335099935533,0.0005097032285162381,0.20388129140649525,1.4077625828129905,1.0,0.8155251741409302,0.815525165625981,8.514949190185916e-09,False,1.0854769945144653,0.9428333379011173,5.096790313720703,17,0.24131217705351965,0.4705637406025614,-0.11248797071831568,-0.09139332068817957,0.2023142288838114,0.19618952380759375,0.093501621059009,0.9005749972130336,0.8982312353523753,0.906226913619528,0.9240097008892482,0.9984538074990336,0.9446202531645569,1.0361090641120116
full,10,9,98229.93486045269,0.044101257263949645,0.042545401272337635,0.038290317455929396,-0.01801961023451648,0.10043470729214013,0.9930383648191179,0.000993038364819118,0.0004982119851878711,0.19928479407514846,1.3985695881502966,0.9999999999999998,0.7971391677856445,0.7971391763005933,8.514948746096707e-09,False,1.084623098373413,0.9420916531367625,5.244653224945068,18,0.38957804335015156,0.15571465981858115,-0.1111163135085787,0.07119775457041602,0.3223678757037435,0.26042646063225605,-0.08816848056656976,1.0878451084988776,1.105887779215494,1.080196082028685,1.0822397200349958,1.0007742934572201,0.9865996649916248,1.0035561877667143
full,10,10,113434.43895842863,0.15701254599324277,0.15478483335630577,0.13051935769027226,0.11843351174286731,0.11867528574223074,1.43307554934706,0.00143307554934706,0.0004941810055502824,0.19767240222011295,1.3953448044402257,0.9999999999999999,0.7906895875930786,0.7906896088804514,2.1287372753420186e-08,False,1.0623397827148438,0.9227366110787125,4.6461005210876465,19,-0.0895963524069105,0.10045907007796423,-0.10807604981320246,0.18359343813998358,0.1402600865278925,0.5223932872925485,0.250966520181724,1.0297288920628345,1.0344408881821956,1.0366536879752946,1.1059013742926436,1.085880077369439,1.2478777589134125,0.9968107725017719
full,10,11,121350.2986568361,0.07175495227297124,0.06978356635861238,0.04927912795527386,0.1759393993517242,0.1645351930716605,1.3397848776408605,0.0013397848776408605,0.0005013087604727064,0.20052350418908255,1.4010470083781652,1.0,0.802094042301178,0.8020940167563304,2.554484757055775e-08,False,1.0376293659210205,0.9012734157605387,4.257480144500732,20,0.24476056865283422,0.16734990051814488,0.10835942945310048,-0.09842103400400706,0.10545111021825246,0.5746024953467506,-0.10210247018507548,1.0179242518378595,1.0261253529989354,1.0004892614601024,1.0303362573099413,1.0399002493765588,1.1047619047619048,0.9850693210095981
full,10,12,121071.80982713384,-0.0010295730174371132,-0.0022949167227828138,-0.007640360127881837,0.17404389888298633,0.1148971931828792,0.7501363349812371,0.0007501363349812371,0.0005173143531594957,0.20692574126379829,1.4138514825275965,1.0,0.8277029395103455,0.827702965055193,2.554484757055775e-08,False,0.998360812664032,0.8671651837768706,4.128509521484375,21,0.18814205804041453,0.3549351958291871,0.037481252636228285,-0.1080066668135779,-0.09891907445022038,0.5409868327634675,0.08538040199450084,1.0393135068908235,1.0489629372043836,1.0256175982612805,1.038666193685704,0.984583761562179,0.9562807881773397,0.9945867917719236
full,10,13,116719.7420516488,-0.034114962394888426,-0.03594616931636607,-0.034112817726755104,0.14324690714489652,0.06631651977330594,1.395842841693333,0.001395842841693333,0.0005018415887440953,0.20073663549763815,1.4014732709952762,1.0,0.8029465079307556,0.8029465419905524,3.4059796760743666e-08,False,1.0035700798034668,0.8716898957237035,4.352682113647461,22,-0.09894010105303355,0.4285405831677573,-0.1017965344446046,0.03589989564248494,0.05373625776597432,0.2694253580910819,0.4131345408303397,0.9342222757517478,0.9192601541484278,0.933144921461059,0.9316939890710383,0.9439805149617257,0.9175788795878945,1.0359216255442671
full,10,14,122949.871603869,0.05550716185403326,0.05337682762752638,0.038865709853173655,0.18666039504141152,0.09095556086682689,1.520059843148504,0.001520059843148504,0.0005002835818699428,0.20011343274797713,1.4002268654959542,1.0,0.8004536628723145,0.8004537309919084,6.811959396557654e-08,False,1.0001795291900635,0.868744900879674,4.118973255157471,23,0.048625132867268134,0.36500727278845646,-0.11237283902508871,0.16872195047991614,0.5333788905824934,-0.08774059372288842,0.0843801860298429,1.068930144367124,1.074208932789611,1.0719290343572334,1.0821114369501466,1.0269074824917066,1.0224561403508772,1.0819614711033276
full,10,15,125044.2466738917,0.018471551468569603,0.01703438192087381,0.009134872330254885,0.20028307851064642,0.08975622277960027,0.9192144764321192,0.0009192144764321192,0.0004928863314645632,0.19715453258582527,1.3943090651716505,0.9999999999999999,0.7886180877685547,0.7886181303433011,4.257474639501879e-08,False,1.1043500900268555,0.9592263003760455,5.577829837799072,24,-0.10258962746177402,0.26943712894405636,-0.09456490512405125,0.24205482964004787,0.3386526054569653,0.2807258314320019,0.06628413711275372,1.0131281613727836,1.0211309798074761,1.0099364281396368,1.0027100271002711,1.007896625987078,1.037748798901853,1.0171576561994171
full,10,16,125459.83230671169,0.004671770217460569,0.0033235086289400417,-0.001214528928953189,0.2029321404198121,0.07727181676237768,0.8568774546895708,0.0008568774546895707,0.000486015932900565,0.19440637316022602,1.3888127463204518,0.9999999999999999,0.7776254415512085,0.7776254926409036,5.10896951411155e-08,False,1.0393038988113403,0.9027278965486015,4.278112411499023,25,-0.09444611413138254,0.565124930015632,-0.09996025902884348,0.09720383690936224,0.23571923481566565,0.10546682136399405,0.19089155005557196,0.9819083802034764,0.9740025585719445,0.9828400247399243,0.9851351351351353,0.9754273504273504,1.0244708994708993,1.1078930617441118
full,10,17,125537.9039626186,0.0014570129668993737,0.0006222840766760829,-0.003541683328167537,0.20342783459426728,0.080747550052454,0.3529233655759268,0.0003529233655759268,0.0004809386496032988,0.1923754598413195,1.384750919682639,1.0,0.7695019245147705,0.7695018393652782,8.514949234594837e-08,False,0.9596751928329468,0.8335632813335759,3.6831536293029785,26,-0.08434449934533664,0.5762603948158878,-0.10803096049598288,0.09950413501688413,0.3886435399098056,0.04623966238328389,0.08172772771545819,1.0171811676906573,1.0045787328777878,1.0194502657857352,1.0099451303155005,1.0087623220153341,1.013557133634603,0.9675380637747775
full,10,18,127592.17828983838,0.017557765584833573,0.016363777491708698,0.01000535262558993,0.21625289778469015,0.0563942112966588,0.7119625987751145,0.0007119625987751145,0.0004621124134532044,0.18484496538128176,1.3696899307625634,1.0,0.7393797636032104,0.7393798615251268,9.792191635327185e-08,False,0.9470992684364319,0.8226399721930981,3.552550792694092,27,-0.08661566036088128,0.5766063843454634,-0.09822930502040048,0.045953727194241095,0.08848380936043601,0.06915903730051856,0.40464200718062265,1.0204317810759416,1.036630597940096,1.0048074160114426,1.0196943972835313,1.0007238508867176,1.024203821656051,0.9902019002375297
full,10,19,127872.64047320257,0.0028804098806829437,0.0021981142349265514,-0.0011835626488545525,0.21797188491656783,0.05805099561464466,0.20897523207323893,0.00020897523207323893,0.0004715923007045473,0.18863692028181894,1.3772738405636378,0.9999999999999999,0.754547655582428,0.7545476811272755,2.554484757055775e-08,False,0.8669314384460449,0.7530070798111319,3.1491661071777344,28,-0.09272097370454244,0.5683008400457246,-0.0959159465772765,0.02519302495888301,0.03458541684917041,0.05374137365392276,0.5068162647741181,1.034047030048888,1.0449943420211207,1.037165241936394,0.9783549783549785,0.9924050632911392,0.9950248756218906,0.9706146926536732
full,10,20,133065.44994320325,0.04123849343492414,0.040609230018120224,0.027972717788855437,0.24849012239703605,0.05091039383225572,0.09634888172149658,9.634888172149659e-05,0.0005081750984702792,0.20327003938811167,1.4065400787762232,0.9999999999999999,0.8130800724029541,0.8130801575524464,8.514949234594837e-08,False,0.8541396856307983,0.741896304488068,3.139850378036499,29,-0.10653041994997434,0.5572377374129636,-0.09673961943813733,0.022986330624137602,0.04638356396130153,0.0334698488669736,0.5431925585227353,1.028589803182445,1.0354429604664128,1.0173620255284004,1.0408441116405716,1.0557580174927113,1.08125,1.0367624343527957
full,10,21,138071.37021361646,0.03847564411148152,0.037619985297084435,0.024330378249958092,0.27573688994839785,0.05832778602807404,0.3323052174278668,0.0003323052174278668,0.0004919909765677793,0.19679639062711174,1.3935927812542235,0.9999999999999999,0.7871854305267334,0.787185562508447,1.3198171355810473e-07,False,0.9176967740058899,0.7971012900223471,3.6488752365112305,30,-0.10399267609630314,0.5357056728431157,-0.0928037145308086,0.015396651146667328,0.019032702116029587,0.19314880881990704,0.433512555701392,1.0293303784225487,1.0479104071466634,1.0217829114307377,0.9565075212557227,0.9206075250258889,1.0710982658959536,1.0146007151370682
full,10,22,136255.03959087818,-0.012217561421521528,-0.01315501265706398,-0.01268877912457106,0.26608219189351234,0.060681621393711166,0.4472455520715032,0.0004472455520715032,0.0005022513440677098,0.20090053762708393,1.4018010752541676,0.9999999999999999,0.8036020398139954,0.8036021505083353,1.1069433991650612e-07,False,0.949706494808197,0.8249045802457585,3.7303881645202637,31,-0.10155024645583971,0.5741682473037923,-0.09935029117124422,0.036691949835845394,0.180455175361463,0.03285548569900648,0.3767296794269766,0.8883429458072976,0.9111819056684046,0.8713745250537601,0.9620512820512821,0.9591301087364079,1.0766324878575284,1.0555066079295152
full,10,23,126174.68011654259,-0.07284844640176125,-0.07398155330329848,-0.0629017020654062,0.20744796097256646,0.0853494228892063,0.7634733840823174,0.0007634733840823174,0.00045941177223409927,0.18376470889363972,1.3675294177872792,0.9999999999999999,0.7350587248802185,0.7350588355745584,1.1069433991650612e-07,False,0.9886319637298584,0.8587148129621067,3.8276355266571045,32,0.08960429685456411,0.5822894434843744,-0.10590539021151407,0.07376097249133245,0.32584710525614874,-0.07785931868212564,0.1122628908072199,0.8748807130139254,0.8987705690454519,0.8625624855383022,0.9506041222459132,0.9378420641125881,0.8997493734335839,0.9897050639955481
full,10,24,133528.0119037387,0.05952194134273947,0.05827898101587525,0.03961543269450007,0.25109347039413177,0.08060153454130481,0.7229528703859873,0.0007229528703859874,0.00045086895248719637,0.18034758099487855,1.360695161989757,0.9999999999999999,0.721390426158905,0.7213903239795139,1.0217939117040942e-07,False,1.0615358352661133,0.9220383111972648,4.8025336265563965,33,0.10127150799546922,0.22914838578019822,-0.11424076770033159,0.20042881156717027,0.489433718579156,-0.06610681329454696,0.16006515707288468,1.1268440206437376,1.154471978877262,1.1108063488991609,1.0661682242990655,1.0220925385577322,1.1103064066852368,1.0447005903851563
full,11,1,99443.34994441574,-0.0038381367970612423,-0.005566500555842624,-0.008370653052021192,-0.005597659932971011,0.0554598623810036,1.255643286875316,0.0012556432868753161,0.0004808866232633591,0.19235464930534363,1.3847092986106873,1.0,0.769418478012085,0.7694185972213745,1.1920928955078125e-07,False,1.016390323638916,0.882825418032483,4.280453681945801,11,0.18921859562397003,0.373756542801857,-0.0957106351852417,-0.09664401412010193,0.04302476346492767,0.09293681383132935,0.4934179335832596,1.004842437168933,1.0091613275630966,0.9940845942149397,0.9411542814032442,0.9356521739130435,0.9241964827167981,0.9906402096593037
full,11,2,101572.70070958813,0.023095212375378038,0.021412701466338335,0.01832452901959,0.015483498012765384,0.0551325785229279,1.1439552434853146,0.0011439552434853147,0.0005019286168473108,0.20077144673892433,1.4015428934778487,0.9999999999999999,0.8030858039855957,0.8030857869556973,1.7029898380371833e-08,False,1.0076489448547363,0.8752327528920922,4.128814697265625,12,0.09435156945671352,0.09464357261146816,-0.10796474452529636,0.08979784165109905,0.41332099799598965,-0.09280670221362797,0.5086574650236538,1.0360215483535529,1.021502497143988,1.0471245506781481,1.0400801603206413,1.0360594795539033,0.9770341207349081,1.0041572184429328
full,11,3,98923.34668777288,-0.024161020575289904,-0.026083327540833645,-0.030352623282562104,-0.010883712978547955,0.07970824582497531,1.469674976808684,0.001469674976808684,0.0005021696351468562,0.20086785405874252,1.401735708117485,1.0,0.8034713268280029,0.8034714162349701,8.940696716308594e-08,False,0.9641993641853333,0.8374929266406284,3.7260851860046387,13,0.09303122758865356,0.0651131197810173,0.06526145339012146,-0.10351067781448364,-0.09735717624425888,0.4104243069887161,0.5670377463102341,1.030263218631604,1.0570596953253422,1.0216260752256048,0.9703275529865124,0.9601722282023681,0.9194089993284082,0.9894617990214528
full,11,4,99725.2756366113,0.009984920918255202,0.008106569133467634,0.0053157687153077594,-0.002754811772992971,0.05626264980494447,1.3534676155873706,0.0013534676155873707,0.0005080459346728666,0.20321837386914665,1.4064367477382933,0.9999999999999999,0.8128735423088074,0.8128734954765866,4.6832220768067145e-08,False,1.0163261890411377,0.8827697114286547,4.0952959060668945,14,-0.09951122637305942,0.12730669443096432,-0.10370714749608723,0.09372402940477642,0.311348269028323,0.09520155404295239,0.5756378269621304,1.0042943009181393,0.992207955075134,1.0190061088156275,1.0559968228752978,1.046711509715994,0.9831994156318481,0.99163179916318
full,11,5,97350.06907656846,-0.02199663220298209,-0.023817498070377363,-0.028128166828984186,-0.027220637320219065,0.07324682563516184,1.3410978210823876,0.0013410978210823877,0.0005224571483475822,0.2089828593390329,1.4179657186780656,0.9999999999999998,0.8359314203262329,0.8359314373561313,1.7029898380371833e-08,False,0.9614537358283997,0.8351081041510816,3.741915702819824,15,0.07374779667173112,0.08304435546909059,0.062433099108082896,-0.10966210280145922,-0.09932075653757369,0.42635119493518553,0.5634064131549426,0.9305966410201849,0.9079768850724007,0.9492578825091647,0.9386987589319293,0.9339521599428774,0.9034175334323922,1.038741848868431
full,11,6,96944.28909393436,-0.0018915248820621233,-0.004168255723731806,-0.007768927802453725,-0.03152027762156062,0.06938575002224337,1.7709978584732329,0.0017709978584732329,0.0005126531847885677,0.20506127391542708,1.4101225478308541,1.0,0.8202450275421143,0.8202450956617082,6.811959396557654e-08,False,1.038327693939209,0.9018799757702541,4.478300094604492,16,0.13146670056240897,-0.08883252846343179,-0.1162287454519953,0.11396585298436027,0.5048313130225455,0.09687875849860053,0.3579186488475118,1.0178593449224487,1.0033726303860246,1.0168301139748919,0.9911858974358975,0.9889143730886851,1.0394736842105263,1.002215657311669
full,11,7,91266.1467568248,-0.05673232783381321,-0.05857118959949992,-0.06766016695785433,-0.09569652662609074,0.06967835906648429,1.4404808729887009,0.001440480872988701,0.0005108809151819774,0.20435236607279098,1.408704732145582,0.9999999999999999,0.8174094557762146,0.8174094642911638,8.514949190185916e-09,False,1.075871467590332,0.934490083223269,5.057490348815918,17,0.17458808315651755,0.4605454791869436,-0.11725559192044394,-0.08709677415234704,0.26881906283753254,0.22461980474846702,0.07577993614333015,0.9005749972130336,0.8982312353523753,0.906226913619528,0.9240097008892482,0.9984538074990336,0.9446202531645569,1.0361090641120116
full,11,8,94855.72791573362,0.04084765116399325,0.03933091607858841,0.036514895346888496,-0.054232592984119865,0.0989807659016476,0.961768171616963,0.000961768171616963,0.0004965060151049069,0.19860240604196278,1.3972048120839256,1.0,0.7944095134735107,0.7944096241678511,1.1069434036059533e-07,False,1.0910346508026123,0.9476606568176317,5.326500415802002,18,0.3559515933905329,0.14441128181559698,-0.10963245374815805,0.08237712936741964,0.3438702087317194,0.2719921927366938,-0.08896995229380472,1.0878451084988776,1.105887779215494,1.080196082028685,1.0822397200349958,1.0007742934572201,0.9865996649916248,1.0035561877667143
full,11,9,109929.69066585586,0.16109333239462553,0.15891462836607406,0.1393642303800295,0.09032765038917745,0.1039202598653561,1.3806311381714684,0.0013806311381714684,0.0004975560972733157,0.1990224389093263,1.3980448778186525,0.9999999999999998,0.796089768409729,0.796089755637305,1.277242400732348e-08,False,1.0669797658920288,0.9267668492586633,4.713287353515625,19,-0.0977003819176129,0.08439454968486512,-0.1013220569917134,0.21743199016366685,0.16722334708486283,0.516776857631547,0.21319569434438432,1.0297288920628345,1.0344408881821956,1.0366536879752946,1.1059013742926436,1.085880077369439,1.2478777589134125,0.9968107725017719
full,11,10,117655.78774605207,0.07226505451389742,0.07028216884263405,0.0518220318838616,0.1500630617863039,0.15826759026529713,1.348502367734909,0.001348502367734909,0.000502459156726088,0.2009836626904352,1.4019673253808702,0.9999999999999998,0.8039347529411316,0.8039346507617404,1.0217939117040942e-07,False,1.0452728271484375,0.907912441827956,4.3199849128723145,20,0.21222797568355287,0.16467151577983583,0.12353762026344026,-0.09305329833711898,0.12458351041589463,0.5759630405477114,-0.10793036435331621,1.0179242518378595,1.0261253529989354,1.0004892614601024,1.0303362573099413,1.0399002493765588,1.1047619047619048,0.9850693210095981
full,11,11,117283.62342046347,-0.0018563928070044478,-0.0031631620740314448,-0.007554961486475002,0.147366042388556,0.09715884177454177,0.7924019630466188,0.0007924019630466188,0.0005176554434001445,0.20706217736005783,1.4141243547201157,1.0,0.8282486200332642,0.8282487094402313,8.940696716308594e-08,False,0.99653160572052,0.8655763548132178,4.068392276763916,21,0.16078267246484756,0.36447929590940475,0.044178567826747894,-0.10834407806396484,-0.09871809929609299,0.5491588041186333,0.08846283704042435,1.0393135068908235,1.0489629372043836,1.0256175982612805,1.038666193685704,0.984583761562179,0.9562807881773397,0.9945867917719236
full,11,12,112924.5874496402,-0.03535100147018422,-0.03716662091173695,-0.03663872349727866,0.1144532624961242,0.07451887209693724,1.3807532829897746,0.0013807532829897746,0.0005031757216368403,0.20127028865473612,1.4025405773094723,1.0,0.8050811290740967,0.8050811546189447,2.554484801464696e-08,False,1.0138990879058838,0.8806615581685309,4.43346643447876,22,-0.10402962139674596,0.43302526750734877,-0.09724066725799016,0.03907470085791179,0.06410593220165797,0.2650136915700776,0.40005069651774,0.9342222757517478,0.9192601541484278,0.933144921461059,0.9316939890710383,0.9439805149617257,0.9175788795878945,1.0359216255442671
full,11,13,118951.27177771725,0.05549668601273816,0.053369106446943704,0.04068971205406944,0.15931962302287317,0.08353296945359069,1.5181014793259757,0.0015181014793259758,0.0004996469191142491,0.19985876764569965,1.399717535291399,0.9999999999999999,0.7994351387023926,0.7994350705827982,6.811959440966575e-08,False,0.9979427456855774,0.866802055413253,4.10617733001709,23,0.04232271867138998,0.35718882562858717,-0.11110417810933931,0.17882478716117994,0.5370542454932417,-0.08875458953636034,0.08446819069130079,1.068930144367124,1.074208932789611,1.0719290343572334,1.0821114369501466,1.0269074824917066,1.0224561403508772,1.0819614711033276
full,11,14,120916.7431406604,0.01793860968577099,0.01652333206336798,0.008235491736917733,0.17298467191039302,0.10859114301204228,0.8984984319124902,0.0008984984319124902,0.0004928058944642543,0.19712235778570175,1.3942447155714035,1.0,0.7884894609451294,0.788489431142807,2.9802322387695312e-08,False,1.100517988204956,0.9558977790253609,5.527065753936768,24,-0.10541198402643204,0.26017165929079056,-0.09171037375926971,0.2502797916531563,0.3537594750523567,0.2696458175778389,0.0632656142115593,1.0131281613727836,1.0211309798074761,1.0099364281396368,1.0027100271002711,1.007896625987078,1.037748798901853,1.0171576561994171
full,11,15,121294.05478711046,0.004495960527044929,0.003120425150809236,-0.0012232920467472666,0.17555728369774404,0.07591807668196573,0.8860768356493541,0.0008860768356493541,0.00048424032383731437,0.19369612953492577,1.3873922590698515,0.9999999999999999,0.774784505367279,0.7747845181397031,1.277242400732348e-08,False,1.0357275009155273,0.8996214768061176,4.251253604888916,25,-0.09636993493352619,0.564172985298293,-0.09732619460139957,0.09540003751005444,0.24519381139959606,0.09566863839115414,0.19326065693582806,0.9819083802034764,0.9740025585719445,0.9828400247399243,0.9851351351351353,0.9754273504273504,1.0244708994708993,1.1078930617441118
full,11,16,121365.88573364977,0.0014145736662749542,0.0005922050067943552,-0.003206877956933564,0.17604523383563864,0.07389656189656327,0.3421889969280788,0.0003421889969280788,0.00047935537993907927,0.1917421519756317,1.3834843039512634,1.0,0.7669684886932373,0.7669686079025269,1.1920928955078125e-07,False,0.9575529098510742,0.831719889757447,3.6629884243011475,26,-0.08563657850027084,0.5759758204221725,-0.10610557347536087,0.09660393744707108,0.39254821836948395,0.04394310712814331,0.08267106860876083,1.0171811676906573,1.0045787328777878,1.0194502657857352,1.0099451303155005,1.0087623220153341,1.013557133634603,0.9675380637747775
full,11,17,123281.59199672782,0.01699966232217176,0.015784553060340656,0.009945099403408906,0.1888488915469696,0.05717116615844113,0.7347941345402174,0.0007347941345402174,0.0004607183033866542,0.1842873213546617,1.3685746427093233,0.9999999999999998,0.7371493577957153,0.7371492854186465,7.23770687827141e-08,False,0.9343312382698059,0.8115498021008183,3.4748380184173584,27,-0.0885792582162789,0.5749636978975363,-0.09570806313838279,0.0420383789709636,0.08367151181612695,0.06053622971687997,0.42307750295315466,1.0204317810759416,1.036630597940096,1.0048074160114426,1.0196943972835313,1.0007238508867176,1.024203821656051,0.9902019002375297
full,11,18,123523.67787173828,0.002626454346552398,0.001963682258555588,-0.0014368691901985751,0.1904386128800687,0.060531810465953344,0.19096080745969493,0.00019096080745969495,0.0004702936804720334,0.18811747218881336,1.3762349443776265,0.9999999999999998,0.7524698972702026,0.752469888755253,8.514949634275126e-09,False,0.8574842214584351,0.7448013313970087,3.1042380332946777,28,-0.09419826684253557,0.5669915649507726,-0.09391920534627779,0.023756389639207287,0.033069004437753124,0.04753146427018301,0.5167690488908971,1.034047030048888,1.0449943420211207,1.037165241936394,0.9783549783549785,0.9924050632911392,0.9950248756218906,0.9706146926536732
full,11,19,128531.27724590187,0.04116207026074825,0.040539590954887794,0.028751564661831513,0.2219792556119765,0.05578156140152609,0.08745971747807096,8.745971747807096e-05,0.0005105888271438225,0.204235530857529,1.408471061715058,0.9999999999999999,0.8169420957565308,0.816942123430116,2.7673585201171136e-08,False,0.8509897589683533,0.7391603129522684,3.130786895751953,29,-0.10850508856986252,0.5562906826713255,-0.09573044228766647,0.022460414362805214,0.04622656878616127,0.03191652175571236,0.5473413432815245,1.028589803182445,1.0354429604664128,1.0173620255284004,1.0408441116405716,1.0557580174927113,1.08125,1.0367624343527957
full,11,20,134102.5139776708,0.04439664672309784,0.043345377492127746,0.029377021640631888,0.25430182452320893,0.05891094541201061,0.5154343071792807,0.0005154343071792808,0.0004916530701198748,0.19666122804794994,1.3933224560958997,0.9999999999999999,0.7866447567939758,0.7866449121917993,1.553978234980491e-07,False,0.9112472534179688,0.791499307617836,3.5857927799224854,30,-0.1047825895782028,0.5352740726832832,0.01595512138945715,-0.09187863846974714,0.01900039160890238,0.17422561267656939,0.4522060296897377,1.0293303784225487,1.0479104071466634,1.0217829114307377,0.9565075212557227,0.9206075250258889,1.0710982658959536,1.0146007151370682
full,11,21,132473.50722771283,-0.011020727058224766,-0.012147473612830306,-0.012243147735252376,0.24513208646233775,0.06146819348762393,0.6377886608242989,0.0006377886608242988,0.0005021633340844086,0.20086533363376347,1.4017306672675267,0.9999999999999999,0.8034613132476807,0.8034613345350534,2.1287372753420186e-08,False,0.9412157535552979,0.8175296160989538,3.680513620376587,31,-0.10213583973901613,0.5729076835725988,-0.09872949389474733,0.03370173009378569,0.1720339927290167,0.03002798663718359,0.39219394060117857,0.8883429458072976,0.9111819056684046,0.8713745250537601,0.9620512820512821,0.9591301087364079,1.0766324878575284,1.0555066079295152
full,11,22,122742.73043516386,-0.07230881449900195,-0.07345451174492146,-0.06372639590892111,0.18528779956689334,0.077642180269534,0.7776933823313033,0.0007776933823313033,0.0004580683819949627,0.18322735279798508,1.3664547055959702,1.0,0.7329093813896179,0.7329094111919403,2.9802322387695312e-08,False,0.987066388130188,0.8573549712742282,3.810946226119995,32,0.08379536867141724,0.5819448232650757,-0.10406392812728882,0.07050246000289917,0.32911160588264465,-0.07916342467069626,0.11787309497594833,0.8748807130139254,0.8987705690454519,0.8625624855383022,0.9506041222459132,0.9378420641125881,0.8997493734335839,0.9897050639955481
full,11,23,129696.56426128793,0.057919272834290325,0.05665373257927708,0.039563022694372826,0.22896955235807903,0.08237460193625722,0.7473108896187374,0.0007473108896187373,0.00044965928154332293,0.17986371261732917,1.3597274252346583,1.0,0.7194549441337585,0.7194548504693166,9.36644419802235e-08,False,1.0651428699493408,0.9251713417151836,4.804019927978516,33,0.10140140780380794,0.21625046112707683,-0.11202501079865862,0.19233584084681102,0.4919386325137956,-0.06783870181867055,0.1779373703258378,1.1268440206437376,1.154471978877262,1.1108063488991609,1.0661682242990655,1.0220925385577322,1.1103064066852368,1.0447005903851563
full,11,24,128975.82014181105,-0.004143852571374729,-0.005557156610755398,-0.00892663685189388,0.22466087139396873,0.09235911775567156,0.9306990121092116,0.0009306990121092116,0.000489493917141642,0.1957975668566568,1.3915951337133137,1.0,0.783190131187439,0.7831902674266273,1.362391883752423e-07,False,1.1107921600341797,0.9648218112884762,5.630379676818848,34,-0.1098842418619565,0.1819845044187137,-0.08591332499470031,0.25533344383750645,0.3470604919961521,0.30840151544128147,0.10301761116300309,1.0452818452385757,1.0675310126503827,1.0426107204951207,0.982468443197756,0.9755301794453507,1.0065228299046662,1.0306781485468246
full,12,1,102003.30046469459,0.021797466284664502,0.020033004646945907,0.017292872511396995,0.0196395651470902,0.04693385271386409,1.2298266642860005,0.0012298266642860006,0.0004984873187329088,0.1993949274931635,1.3987898549863271,1.0,0.7975795865058899,0.7975797099726543,1.234667643679188e-07,False,1.0200247764587402,0.8859822636412578,4.205935001373291,12,0.2023551905793803,0.101149960820164,-0.0997581561761243,0.05476020595857076,0.28382305747696335,-0.09963677131703921,0.5573065126580852,1.0360215483535529,1.021502497143988,1.0471245506781481,1.0400801603206413,1.0360594795539033,0.9770341207349081,1.0041572184429328
full,12,2,100989.60621269741,-0.008333024304021275,-0.009937857376958514,-0.01302828851555463,0.009799089726255317,0.06375626189439496,1.1292055994272232,0.0011292055994272232,0.000490423853376082,0.1961695413504328,1.3923390827008657,1.0,0.7846781611442566,0.7846781654017314,4.257474817137563e-09,False,1.0130975246429443,0.879965329164549,4.0776238441467285,13,0.2093279840690749,0.07129996589251927,0.07682573369571141,-0.10150494852236339,-0.09466459282806941,0.2618222268564361,0.5768936308366912,1.030263218631604,1.0570596953253422,1.0216260752256048,0.9703275529865124,0.9601722282023681,0.9194089993284082,0.9894617990214528
full,12,3,100598.234066793,-0.002493371991409421,-0.003875370551303492,-0.006522804152556886,0.005946765093269968,0.05340959039143072,0.8902734134878431,0.000890273413487843,0.0004961402235286577,0.1984560894114631,1.3969121788229262,0.9999999999999999,0.7938244342803955,0.7938243576458524,7.663454315576246e-08,False,1.0267449617385864,0.8918193424100671,4.12898588180542,14,0.11465159271444592,0.15089375738586697,-0.10353553827319828,-0.09492055113826481,0.25514544014419827,0.09172318343605312,0.5860421157308987,1.0042943009181393,0.992207955075134,1.0190061088156275,1.0559968228752978,1.046711509715994,0.9831994156318481,0.99163179916318
full,12,4,98591.91528752954,-0.018568248124936293,-0.019943876727809617,-0.023366787452458355,-0.014281949066147881,0.0627614658608101,0.8855942636728287,0.0008855942636728287,0.0005170438518481596,0.20681754073926384,1.4136350814785277,0.9999999999999999,0.8272700905799866,0.8272701629570554,7.23770687827141e-08,False,1.003887414932251,0.8719655295143935,4.037426471710205,15,0.1363290495106152,0.0887317902275494,0.07121395532573971,-0.10772759254489628,-0.09908994819436756,0.3380933648773602,0.5724493807979992,0.9305966410201849,0.9079768850724007,0.9492578825091647,0.9386987589319293,0.9339521599428774,0.9034175334323922,1.038741848868431
full,12,5,98225.5133576264,-0.0015893536310712664,-0.0037163486360375364,-0.007509489060496699,-0.01806543515749226,0.07452005938304639,1.6177580952644348,0.0016177580952644348,0.0005148953279214246,0.20595813116856987,1.4119162623371397,0.9999999999999999,0.8238325119018555,0.8238325246742795,1.277242400732348e-08,False,1.0231679677963257,0.8887124049482167,4.362024307250977,16,0.16701091293777737,-0.09389079894338337,-0.1120673322251865,0.08083059106554302,0.4905490524002484,0.0736815503665379,0.3938860243984631,1.0178593449224487,1.0033726303860246,1.0168301139748919,0.9911858974358975,0.9889143730886851,1.0394736842105263,1.002215657311669
full,12,6,92084.38075785083,-0.0606585045625313,-0.0625207483255038,-0.07170179355937802,-0.08596049815401852,0.07613461125703529,1.4795865033354079,0.0014795865033354078,0.0005048804490693977,0.20195217962775913,1.4039043592555183,1.0,0.8078086376190186,0.8078087185110365,8.089201797290002e-08,False,1.09019136428833,0.9469281874579992,5.195868968963623,17,0.2494375045810427,0.4509963925395693,-0.1110366199697767,-0.09091555965798243,0.22450479226452963,0.18513030665261404,0.09188318359000341,0.9005749972130336,0.8982312353523753,0.906226913619528,0.9240097008892482,0.9984538074990336,0.9446202531645569,1.0361090641120116
full,12,7,95917.81511522895,0.04317326432260793,0.0416295828437907,0.037929230106913715,-0.04255919382511997,0.10944148443969672,0.9832411961896079,0.000983241196189608,0.0004976487239556653,0.19905948958226616,1.3981189791645323,0.9999999999999999,0.7962379455566406,0.7962379583290646,1.277242400732348e-08,False,1.0789220333099365,0.9371397709406839,5.1496663093566895,18,0.3979046291538647,0.13992738191570553,-0.11039108570132938,0.07075270478214535,0.3290964907833508,0.26137828294719967,-0.08866840388093677,1.0878451084988776,1.105887779215494,1.080196082028685,1.0822397200349958,1.0007742934572201,0.9865996649916248,1.0035561877667143
full,12,8,110754.01933440703,0.15691757813969054,0.15467621110171148,0.13466632559888841,0.09709823082751246,0.09982198107488002,1.449084541627339,0.0014490845416273391,0.0004901556058653764,0.19606224234615055,1.3921244846923009,0.9999999999999999,0.7842490077018738,0.7842489693846018,3.831727202197044e-08,False,1.0623114109039307,0.9227119676368701,4.648872375488281,19,-0.09168939931052073,0.08924532043082373,-0.10437284303562983,0.19230412798268454,0.14483030991894857,0.5179762925420488,0.2517061914716448,1.0297288920628345,1.0344408881821956,1.0366536879752946,1.1059013742926436,1.085880077369439,1.2478777589134125,0.9968107725017719
full,12,9,118473.2166886441,0.07168601466363667,0.06969676947732228,0.05113289716768309,0.1559273665810308,0.15392477171670482,1.359192294733865,0.001359192294733865,0.0004987153836659024,0.19948615346636095,1.3989723069327218,1.0,0.7979446053504944,0.7979446138654436,8.514949190185916e-09,False,1.040139079093933,0.9034533249248504,4.272276878356934,20,0.23838241291897636,0.16257384313004355,0.11556477738278251,-0.0964366953287806,0.10873063547270637,0.5742344845618521,-0.10304945813758035,1.0179242518378595,1.0261253529989354,1.0004892614601024,1.0303362573099413,1.0399002493765588,1.1047619047619048,0.9850693210095981
full,12,10,118203.84196106743,-0.0009785009903636732,-0.0022737183568215524,-0.006858548411250297,0.15400380951291925,0.0986998268627752,0.7807778247765134,0.0007807778247765133,0.0005165493195610388,0.2066197278244155,1.413239455648831,0.9999999999999999,0.8264788389205933,0.826478911297662,7.23770687827141e-08,False,0.9971300363540649,0.8660961450571186,4.108669281005859,21,0.17780005027140888,0.36344145823802265,0.038485558969633904,-0.10798238377485958,-0.09863734404955593,0.5404208212026528,0.08647183914269718,1.0393135068908235,1.0489629372043836,1.0256175982612805,1.038666193685704,0.984583761562179,0.9562807881773397,0.9945867917719236
full,12,11,114121.81996157502,-0.03267795076202018,-0.03453375061055042,-0.033440469946739076,0.12374338199592205,0.06360084859483756,1.4198659786156247,0.0014198659786156247,0.0005004689283668995,0.2001875713467598,1.4003751426935196,1.0,0.8007503747940063,0.8007502853870392,8.940696716308594e-08,False,0.9968392848968506,0.8658436015501716,4.2645440101623535,22,-0.10066357254981995,0.44034557044506073,-0.09952399879693985,0.03395054489374161,0.053618595004081726,0.24696101248264313,0.4253118485212326,0.9342222757517478,0.9192601541484278,0.933144921461059,0.9316939890710383,0.9439805149617257,0.9175788795878945,1.0359216255442671
full,12,12,120209.1724458766,0.055479377645549555,0.0533408290049282,0.039998682074315915,0.16811672549343637,0.08749322846396798,1.5278558858803342,0.0015278558858803342,0.0005003391844885691,0.20013567379542763,1.4002713475908553,0.9999999999999999,0.8005427122116089,0.8005426951817105,1.7029898380371833e-08,False,1.000880479812622,0.8693537388546017,4.1150994300842285,23,0.04613574807132992,0.3606093249150685,-0.11072821702275959,0.16810539577688488,0.5365923664399556,-0.08940745677266804,0.08869283859218868,1.068930144367124,1.074208932789611,1.0719290343572334,1.0821114369501466,1.0269074824917066,1.0224561403508772,1.0819614711033276
full,12,13,122221.4540478925,0.018156753246926227,0.016739834083143057,0.00902510143403823,0.18181303946183647,0.09342425068723736,0.9016350145850862,0.0009016350145850862,0.0004909855260380677,0.1963942104152271,1.3927884208304542,1.0,0.7855768799781799,0.7855768416609084,3.831727157788123e-08,False,1.1059385538101196,0.9606060224875951,5.59168004989624,24,-0.10393667859690531,0.27067664372069494,-0.09245753181832178,0.24271698402506964,0.34396463739020483,0.26852777706725256,0.07050816821200506,1.0131281613727836,1.0211309798074761,1.0099364281396368,1.0027100271002711,1.007896625987078,1.037748798901853,1.0171576561994171
full,12,14,122917.14203709712,0.007077761270526395,0.00569202841370231,0.0008280237185672506,0.1864438243298936,0.07605522298979749,0.8935280655111586,0.0008935280655111587,0.0004834133838968618,0.19336535355874473,1.3867307071174895,0.9999999999999999,0.7734614014625549,0.7734614142349789,1.277242400732348e-08,False,1.034043550491333,0.898158816052065,4.236311435699463,25,-0.09541073228631702,0.5657196066209248,-0.09795462127242771,0.09102296297039303,0.22894343946661266,0.09397605274404797,0.21370329175676617,0.9819083802034764,0.9740025585719445,0.9828400247399243,0.9851351351351353,0.9754273504273504,1.0244708994708993,1.1078930617441118
full,12,15,122961.64040504186,0.0012110657261983349,0.00036201922048695323,-0.0035308077311293007,0.18673824071804068,0.0765044823855278,0.36886609239237644,0.00036886609239237644,0.00047951317791427884,0.19180527116571155,1.3836105423314229,0.9999999999999999,0.7672211527824402,0.7672210846628458,6.811959440966575e-08,False,0.9599050283432007,0.8337629139212733,3.6787376403808594,26,-0.08514519301908358,0.5768165114734853,-0.10666007814662798,0.09531357618314878,0.38772342833025114,0.04445078330380575,0.08750097187502043,1.0171811676906573,1.0045787328777878,1.0194502657857352,1.0099451303155005,1.0087623220153341,1.013557133634603,0.9675380637747775
full,12,16,124884.09318378536,0.016851844811900385,0.015634573289774245,0.009888181859516922,0.19925750789706054,0.052621706390058656,0.737530370908124,0.000737530370908124,0.00046028493238346914,0.18411397295338766,1.3682279459067754,1.0,0.7364558577537537,0.7364558918135509,3.4059797204832876e-08,False,0.927484929561615,0.8056031739140713,3.4347825050354004,27,-0.0879723062472684,0.5750316376132625,-0.09614166670611926,0.040417361472334185,0.0784664446754115,0.058759517435516634,0.4314390117568629,1.0204317810759416,1.036630597940096,1.0048074160114426,1.0196943972835313,1.0007238508867176,1.024203821656051,0.9902019002375297
full,12,17,125125.21241751088,0.002582222038944426,0.0019307441610731946,-0.0011492088226497644,0.20080055755409587,0.053845169593701954,0.18011015866483968,0.00018011015866483968,0.0004699010029435157,0.1879604011774063,1.3759208023548126,1.0,0.7518416047096252,0.7518416047096252,0.0,False,0.8540276288986206,0.7417989732471781,3.0886566638946533,28,-0.09375057369470596,0.5671367719769478,-0.09420982748270035,0.023258507251739502,0.03185834735631943,0.0461445227265358,0.5195622518658638,1.034047030048888,1.0449943420211207,1.037165241936394,0.9783549783549785,0.9924050632911392,0.9950248756218906,0.9706146926536732
full,12,18,129814.14139685442,0.038332605845944556,0.03747389425959802,0.026281428217639465,0.22966790117041025,0.05171830797349826,0.31666086081947603,0.00031666086081947605,0.0005106914336127895,0.20427657344511582,1.4085531468902315,0.9999999999999998,0.8171062469482422,0.817106293780463,4.6832220768067145e-08,False,0.8484749794006348,0.736976003173342,3.118805170059204,29,-0.10816767652119913,0.5572053731552191,0.022274175392729884,-0.09610889692391669,0.044383773314101344,0.03152999814067567,0.5488832534423895,1.028589803182445,1.0354429604664128,1.0173620255284004,1.0408441116405716,1.0557580174927113,1.08125,1.0367624343527957
full,12,19,135463.69134871368,0.04434117982449992,0.043520296718583484,0.029009254749822307,0.2617948100751385,0.06235308309811875,0.293568302478109,0.000293568302478109,0.0004927704057523183,0.19710816230092731,1.3942163246018544,0.9999999999999999,0.7884326577186584,0.7884326492037088,8.514949634275126e-09,False,0.909142255783081,0.7896709299033338,3.5710887908935547,30,-0.10447551203625544,0.5357969413910593,0.015808087906667156,-0.09263265026467188,0.01842745872480528,0.17114573823554174,0.45592993604285376,1.0293303784225487,1.0479104071466634,1.0217829114307377,0.9565075212557227,0.9206075250258889,1.0710982658959536,1.0146007151370682
full,12,20,133908.93342331937,-0.010362976043922112,-0.01147730369602884,-0.011345930213870141,0.2532238332160023,0.05549906709467851,0.6247885557157653,0.0006247885557157653,0.0005018421794686998,0.20073687178747995,1.4014737435749598,1.0,0.802947461605072,0.8029474871499196,2.554484757055775e-08,False,0.9381588697433472,0.8148744405562546,3.6552536487579346,31,-0.10195687732526235,0.5731199351804597,-0.09877999446221761,0.03321250953844615,0.16513494827917644,0.029951084937368117,0.39931839385202955,0.8883429458072976,0.9111819056684046,0.8713745250537601,0.9620512820512821,0.9591301087364079,1.0766324878575284,1.0555066079295152
full,12,21,124074.77339726833,-0.07228645181750393,-0.07343916327794808,-0.06311990838354897,0.1940343934393869,0.07860937213867171,0.7853514615978515,0.0007853514615978515,0.0004579506282295499,0.18318025129181997,1.36636050258364,1.0,0.7327209711074829,0.7327210051672801,3.4059797204832876e-08,False,0.9890759587287903,0.8591004621181643,3.8239779472351074,32,0.08554978242942265,0.5823014335972923,-0.10388730147055217,0.06997424683400563,0.32436078361102516,-0.0792929498212678,0.12099400482007436,0.8748807130139254,0.8987705690454519,0.8625624855383022,0.9506041222459132,0.9378420641125881,0.8997493734335839,0.9897050639955481
full,12,22,131150.81755347335,0.058289447413738094,0.0570304822040546,0.039228856945511634,0.2375190497060563,0.08511598642315565,0.7405944125992912,0.0007405944125992911,0.00044973650681121003,0.17989460272448402,1.359789205448968,1.0,0.7195784449577332,0.719578410897936,3.4059797204832876e-08,False,1.0658024549484253,0.9257442499660806,4.808434009552002,33,0.10187344678810664,0.21983524092606135,-0.11171831509896685,0.18880317040852138,0.491248403276716,-0.06817628762551717,0.1781343413250787,1.1268440206437376,1.154471978877262,1.1108063488991609,1.0661682242990655,1.0220925385577322,1.1103064066852368,1.0447005903851563
full,12,23,130493.82566871295,-0.0035987404545537727,-0.0050094379662751765,-0.00950782706258476,0.2336802182972869,0.1133799130763073,0.9288059345313482,0.0009288059345313482,0.0004879898285227163,0.19519593140908653,1.390391862818173,0.9999999999999999,0.7807837724685669,0.7807837256363461,4.6832220768067145e-08,False,1.1126115322113037,0.9664020978825828,5.657826900482178,34,-0.10944019790206638,0.18703709010566982,-0.08575573350702015,0.2516912913748196,0.34433717493500027,0.3073759770819119,0.10475439791168484,1.0452818452385757,1.0675310126503827,1.0426107204951207,0.982468443197756,0.9755301794453507,1.0065228299046662,1.0306781485468246
full,12,24,136785.146663559,0.049542991913071655,0.048211637313921196,0.03097370917960344,0.268926470167385,0.08545085380989345,0.7613886445760727,0.0007613886445760727,0.0005079254680978401,0.20317018723913605,1.406340374478272,0.9999999999999999,0.8126806020736694,0.8126807489565442,1.4688287475195239e-07,False,1.016754150390625,0.883141433933755,4.402945041656494,35,-0.10829751539443222,0.467762839315193,-0.09487267184470383,0.16080939423825058,0.40238810729767593,0.026680490268128243,0.14552935611988815,1.0183883698313119,1.0599512631895773,1.0169313969075835,1.0549607423269096,1.023829431438127,1.175972083748754,1.0135770234986945
full,13,1,95402.23263000851,-0.04434015184590423,-0.0459776736999149,-0.05233953231029143,-0.04819349865555744,0.08292067309467976,1.1964831820556097,0.0011964831820556097,0.0005184851799692426,0.20739407198769705,1.4147881439753942,1.0,0.8295762538909912,0.8295762879507884,3.4059797204832876e-08,False,1.0754179954528809,0.9340962023292851,5.238875389099121,13,-0.10389722191861697,0.03772390953132085,-0.10349685006908008,0.3382197538656848,0.238484866384949,0.218795723680939,0.37416981852480347,1.030263218631604,1.0570596953253422,1.0216260752256048,0.9703275529865124,0.9601722282023681,0.9194089993284082,0.9894617990214528
full,13,2,98469.3040119173,0.0332058523285379,0.03214884282429309,0.028353909835415067,-0.015544905119847963,0.08589367400588824,0.49114691678966804,0.0004911469167896681,0.0005324153788387776,0.21296615153551102,1.425932303071022,1.0,0.8518645167350769,0.8518646061420441,8.940696716308594e-08,False,1.02042818069458,0.8863326561084611,4.5557146072387695,14,-0.1051049530506134,0.0702786073088646,-0.10786119848489761,0.3304312154650688,0.4515036270022392,0.037927933037281036,0.32282476872205734,1.0042943009181393,0.992207955075134,1.0190061088156275,1.0559968228752978,1.046711509715994,0.9831994156318481,0.99163179916318
full,13,3,95794.31356833762,-0.02568148234345169,-0.027165729162216268,-0.032379468699855286,-0.04390329942353133,0.08042148792343848,0.9974807841437204,0.0009974807841437205,0.0005270499203886305,0.2108199681554522,1.4216399363109045,1.0,0.8432797789573669,0.8432798726218089,9.36644419802235e-08,False,1.0319029092788696,0.89629947871945,4.509814262390137,15,-0.11647979595831465,0.05410354158708028,-0.09434017219713756,0.20392658135720662,0.1068177776677268,0.3457789602024215,0.5001931073410171,0.9305966410201849,0.9079768850724007,0.9492578825091647,0.9386987589319293,0.9339521599428774,0.9034175334323922,1.038741848868431
full,13,4,94723.43804191396,-0.009496541950214321,-0.011178904953055624,-0.017006923010154433,-0.05570492443223207,0.10410596002907374,1.1858021446636744,0.0011858021446636744,0.000514134740723031,0.20565389628921238,1.4113077925784245,0.9999999999999999,0.8226154446601868,0.8226155851568491,1.4049666230420144e-07,False,1.0115618705749512,0.8786314769888655,4.306845664978027,16,-0.09051981461899622,0.07168079274041311,-0.11513408167021616,0.34562082695109503,0.5144873719130243,0.05257957535130636,0.22128532933337347,1.0178593449224487,1.0033726303860246,1.0168301139748919,0.9911858974358975,0.9889143730886851,1.0394736842105263,1.002215657311669
full,13,5,90842.51529189358,-0.039901478312080574,-0.04097109258537601,-0.049313233918137,-0.10080615534127113,0.08424006018195887,0.5847685592515127,0.0005847685592515128,0.0005299196764826775,0.21196787059307098,1.423935741186142,1.0,0.8478713035583496,0.8478714823722839,1.7881393432617188e-07,False,1.0173628330230713,0.8836701289507586,4.533442974090576,17,-0.09268612414598465,0.3317191153764725,-0.11928174644708633,0.2934686094522476,0.46902211010456085,0.08492553234100342,0.03283250331878662,0.9005749972130336,0.8982312353523753,0.906226913619528,0.9240097008892482,0.9984538074990336,0.9446202531645569,1.0361090641120116
full,13,6,94233.96516555037,0.03850462412733546,0.0373332889645277,0.03330163118860817,-0.06118849848162333,0.12632051342079254,0.6323910823890141,0.0006323910823890141,0.0004961510641234262,0.1984604256493705,1.396920851298741,0.9999999999999999,0.7938417196273804,0.793841702597482,1.7029898380371833e-08,False,1.0805084705352783,0.9385177328063876,5.087366580963135,18,0.12800751839365276,0.14082016263689312,-0.1185566910675594,0.29410067413534435,0.45646175955023083,0.17907031093324932,-0.0799037345818111,1.0878451084988776,1.105887779215494,1.080196082028685,1.0822397200349958,1.0007742934572201,0.9865996649916248,1.0035561877667143
full,13,7,108470.3418136949,0.15308445865493558,0.15107479159063342,0.13431258402221571,0.07808901190929485,0.09929852737404916,1.2217643383358205,0.0012217643383358205,0.0005226181939776456,0.2090472775910582,1.4180945551821165,1.0,0.8361890316009521,0.8361891103642329,7.876328078637584e-08,False,1.0219413042068481,0.8876469384920933,4.643424987792969,19,-0.11776285858026575,-0.09128441901079246,0.02863884664007596,0.4179242154849427,0.3234545490039247,0.3506742617381471,0.08835540472396783,1.0297288920628345,1.0344408881821956,1.0366536879752946,1.1059013742926436,1.085880077369439,1.2478777589134125,0.9968107725017719
full,13,8,116213.47766010911,0.07297968286458767,0.07138482019088288,0.0530215756720719,0.13951460696778095,0.16808038772828407,0.967461041041783,0.000967461041041783,0.0005200313750122274,0.208012550004891,1.4160251000097819,0.9999999999999999,0.8320501446723938,0.8320502000195638,5.534716995825306e-08,False,1.0360748767852783,0.8999232036528759,4.430739402770996,20,0.04831371882132121,-0.10170062578150205,0.15187870764306613,0.2570646038012845,0.20566717588475772,0.5450883438544614,-0.10631192422338895,1.0179242518378595,1.0261253529989354,1.0004892614601024,1.0303362573099413,1.0399002493765588,1.1047619047619048,0.9850693210095981
full,13,9,114592.70777172703,-0.012936738994251296,-0.013946488144192415,-0.01888328935139024,0.12734412211286827,0.13425608992955124,0.5039540156722069,0.0005039540156722068,0.0005195528055940355,0.20782112223761423,1.4156422444752284,1.0,0.8312844038009644,0.8312844889504567,8.514949234594837e-08,False,1.0608558654785156,0.9214476969440356,4.532895565032959,21,-0.10481430909463338,0.13240378030708858,0.14754029044083186,0.19429736265114375,0.1739238543169839,0.5596558345215661,-0.10300681314298085,1.0393135068908235,1.0489629372043836,1.0256175982612805,1.038666193685704,0.984583761562179,0.9562807881773397,0.9945867917719236
full,13,10,107657.94423988048,-0.058955420021091,-0.06051662157823212,-0.061076674636653054,0.07113217973786745,0.09729464523304458,1.1440207873071944,0.0011440207873071944,0.0005163660299565111,0.20654641198260446,1.413092823965209,1.0,0.8261856436729431,0.8261856479304179,4.257474817137563e-09,False,1.0907106399536133,0.9473792245700375,5.546142101287842,22,-0.13133822807243895,0.17553795448371343,-0.07520818391016551,0.3223199503762382,0.3682034867150443,0.2369178341967719,0.10356718621083669,0.9342222757517478,0.9192601541484278,0.933144921461059,0.9316939890710383,0.9439805149617257,0.9175788795878945,1.0359216255442671
full,13,11,113019.81720405487,0.05092805396231648,0.04980471252755114,0.03787324934347552,0.11519941835110092,0.12387978539515912,0.556558643068586,0.0005565586430685861,0.0005129172652959823,0.20516690611839294,1.4103338122367859,1.0,0.820667564868927,0.8206676244735718,5.960464477539063e-08,False,0.9891153573989868,0.8591346833682856,4.11935567855835,23,-0.10248053073883057,0.25098374485969543,-0.10268637537956238,0.32999104261398315,0.534508228302002,0.03488738462328911,0.054796505719423294,1.068930144367124,1.074208932789611,1.0719290343572334,1.0821114369501466,1.0269074824917066,1.0224561403508772,1.0819614711033276
full,13,12,114282.43095767991,0.012208181365928272,0.011171613836053362,0.004161380546522882,0.124974861297524,0.11228124799800385,0.5035039425960609,0.0005035039425960609,0.0005210863226758583,0.20843452907034332,1.4168690581406866,0.9999999999999999,0.8337380886077881,0.8337381162813733,2.7673585201171136e-08,False,1.0071499347686768,0.8747993182385128,4.374976634979248,24,-0.12191891643617836,0.11365643170263084,-0.08651561263416496,0.4161591458001307,0.464260868994253,0.18430048998977455,0.030057592583554116,1.0131281613727836,1.0211309798074761,1.0099364281396368,1.0027100271002711,1.007896625987078,1.037748798901853,1.0171576561994171
full,13,13,112049.47970803558,-0.018419918618953868,-0.019538884769359055,-0.021899603868466507,0.10753713216190386,0.08923749465692736,0.630451503608908,0.000630451503608908,0.0005101629479655198,0.20406517918620792,1.4081303583724158,1.0,0.816260814666748,0.8162607167448317,9.792191635327185e-08,False,0.9853533506393433,0.8558670458150938,4.266765594482422,25,-0.10948911947863443,0.4164523865495409,-0.09457605970757349,0.284310587814876,0.4320270504270281,0.0484857644353594,0.02278938995940344,0.9819083802034764,0.9740025585719445,0.9828400247399243,0.9851351351351353,0.9754273504273504,1.0244708994708993,1.1078930617441118
full,13,14,112403.80096445903,0.00397739722744106,0.003162185646436777,-0.001110087304887892,0.11035036945397414,0.07846649193916345,0.31154692066567286,0.0003115469206656729,0.0005007649213075638,0.2003059685230255,1.400611937046051,1.0,0.8012239933013916,0.801223874092102,1.1920928955078125e-07,False,0.9223887920379639,0.8011767251029877,3.629131317138672,26,-0.09556316211819649,0.5294481031596661,-0.10474280640482903,0.16403311118483543,0.4606001190841198,0.023156527429819107,0.023068107664585114,1.0171811676906573,1.0045787328777878,1.0194502657857352,1.0099451303155005,1.0087623220153341,1.013557133634603,0.9675380637747775
full,13,15,114678.75957868613,0.020969851675514573,0.020239160906546427,0.013825766927617113,0.12799893923350647,0.07645605703830435,0.2405450535672052,0.00024054505356720522,0.00047539417232785915,0.19015766893114366,1.3803153378622872,0.9999999999999999,0.7606306672096252,0.7606306757245744,8.514949190185916e-09,False,0.976797342300415,0.8484353913976642,3.809889078140259,27,-0.09543681996209283,0.55914741648095,-0.09472084896905084,0.1232474733676229,0.3811132301177297,0.04208660019295554,0.08456294877188544,1.0204317810759416,1.036630597940096,1.0048074160114426,1.0196943972835313,1.0007238508867176,1.024203821656051,0.9902019002375297
full,13,16,115492.71108586164,0.007924837238862503,0.007097665776695239,0.0025225493480083077,0.13414449223850822,0.07246007313986878,0.3388116051043781,0.00033881160510437807,0.00048219313046761925,0.1928772521870477,1.3857545043740953,0.9999999999999999,0.7715089321136475,0.7715090087481906,7.663454315576246e-08,False,1.0081548690795898,0.8756721930903224,4.066417694091797,28,-0.09934427429522788,0.5698373259178229,-0.09353297789181983,0.08404699127588952,0.25481536399040905,0.051170682268483286,0.23300688873444284,1.034047030048888,1.0449943420211207,1.037165241936394,0.9783549783549785,0.9924050632911392,0.9950248756218906,0.9706146926536732
full,13,17,120678.5164319257,0.04560502447540671,0.04490158121068566,0.03412279880582305,0.17135209350696967,0.06169604925276812,0.16861266429935176,0.00016861266429935175,0.0005043756815471819,0.2017502726188728,1.4035005452377454,0.9999999999999999,0.8070010542869568,0.8070010904754907,3.618853394726784e-08,False,0.9827208518981934,0.8535804864612964,4.067077159881592,29,-0.10773537760334356,0.5441321089331592,-0.09401489501552923,0.058276183104940815,0.2846781268183674,0.02721339570624487,0.2874504580561604,1.028589803182445,1.0354429604664128,1.0173620255284004,1.0408441116405716,1.0557580174927113,1.08125,1.0367624343527957
full,13,18,123253.50173121263,0.02222145597397729,0.021337561775044422,0.013756025926105983,0.1886640249939766,0.07111811121801909,0.374656371240105,0.00037465637124010497,0.0004903974357460225,0.19615897429840903,1.392317948596818,1.0,0.7846358418464661,0.784635897193636,5.534716995825306e-08,False,1.043041706085205,0.9059745146955162,4.405874729156494,30,-0.10845385066100527,0.5504070488469941,-0.08770512363740376,0.0677934108035905,0.16405206599405833,0.19243964233568736,0.22146680631807872,1.0293303784225487,1.0479104071466634,1.0217829114307377,0.9565075212557227,0.9206075250258889,1.0710982658959536,1.0146007151370682
full,13,19,118725.02165712387,-0.03573647937039137,-0.036741187962061495,-0.03603248470713528,0.1577175678367232,0.10172055099763729,0.5341029507773263,0.0005341029507773263,0.0005083842522331647,0.20335370089326588,1.4067074017865315,0.9999999999999999,0.8134147524833679,0.8134148035730631,5.10896951411155e-08,False,0.9597048759460449,0.8335890637580243,3.7585675716400146,31,-0.10497872797506197,0.5630575987909521,-0.0983749729182039,0.0750297653887953,0.40774151416761534,0.03152752029044287,0.1259973022554602,0.8883429458072976,0.9111819056684046,0.8713745250537601,0.9620512820512821,0.9591301087364079,1.0766324878575284,1.0555066079295152
full,13,20,110447.51516555676,-0.06915733492517118,-0.06971998299964455,-0.06704619006362304,0.09459257774967877,0.07842399953157236,0.14560407719441826,0.00014560407719441825,0.00045902891882828315,0.18361156753131325,1.3672231350626265,0.9999999999999999,0.7344462275505066,0.734446270125253,4.257474639501879e-08,False,0.9292614459991455,0.8071462364857311,3.462496042251587,32,-0.0838741787842342,0.5678466505237988,-0.09973738874707905,0.08686720047678265,0.4339141494461468,0.04042588759745869,0.0545576794871262,0.8748807130139254,0.8987705690454519,0.8625624855383022,0.9506041222459132,0.9378420641125881,0.8997493734335839,0.9897050639955481
full,13,21,116914.03926176348,0.05966501437280414,0.058548389128661116,0.04465759335171986,0.14467072875562836,0.10841115308459463,0.6107185014656612,0.0006107185014656612,0.00044359013970409134,0.17743605588163652,1.354872111763273,0.9999999999999998,0.7097442150115967,0.7097442235265459,8.514949190185916e-09,False,1.0444459915161133,0.9071942615228372,4.52388858795166,33,-0.07582438843590875,0.2643616784896169,-0.10161166744572778,0.2534545053328786,0.4907761205519949,0.06927877558129172,0.09956497592585425,1.1268440206437376,1.154471978877262,1.1108063488991609,1.0661682242990655,1.0220925385577322,1.1103064066852368,1.0447005903851563
full,13,22,115917.45872096733,-0.007629682342700894,-0.008524045076954923,-0.014095056950677707,0.137317181523823,0.13483019437744675,0.3935160551752363,0.0003935160551752363,0.0005081292055547237,0.2032516822218895,1.406503364443779,1.0,0.8130066990852356,0.813006728887558,2.9802322387695312e-08,False,1.0790305137634277,0.937233995865375,5.149877071380615,34,-0.11296745389699936,0.20749758183956146,-0.09028422832489014,0.31644517183303833,0.42324116826057434,0.1917186975479126,0.06434906274080276,1.0452818452385757,1.0675310126503827,1.0426107204951207,0.982468443197756,0.9755301794453507,1.0065228299046662,1.0306781485468246
full,13,23,121753.9864382285,0.051434797147748235,0.05035072181241196,0.036281214605173855,0.17867165646576444,0.10146520673535182,0.5194305160215922,0.0005194305160215922,0.0005121451815856356,0.20485807263425423,1.4097161452685083,0.9999999999999998,0.8194323182106018,0.8194322905370166,2.7673585201171136e-08,False,0.9994087815284729,0.8680754379669368,4.286722660064697,35,-0.10992205169584074,0.4344421696982213,-0.0949360209384135,0.22394234660480702,0.4443327558359929,0.02915805737887109,0.07298274311636174,1.0183883698313119,1.0599512631895773,1.0169313969075835,1.0549607423269096,1.023829431438127,1.175972083748754,1.0135770234986945
full,13,24,133862.3551820426,0.10044259719140602,0.09944946443258562,0.06943456145923314,0.25296398779173124,0.09715539733467314,0.39692580753139084,0.00039692580753139084,0.0005059665148811681,0.20238660595246727,1.4047732119049345,0.9999999999999999,0.8095464706420898,0.8095464238098691,4.6832220768067145e-08,False,1.0513367652893066,0.9131795115743203,4.600050926208496,36,-0.11426638598952976,0.512242565197604,-0.08812021996293751,0.16784387294735226,0.3063126600214413,0.12305798594440731,0.09292952184166225,1.0551013292304916,1.0682486990147664,1.0238423367924046,1.11468200270636,1.0955492037566352,1.1479440440864774,1.0770221535291085
full,14,1,102851.05363743007,0.03043972318535082,0.028510536374300788,0.023890369031332882,0.027720218088193804,0.07659698113721841,1.347884378795113,0.001347884378795113,0.0005260680070413012,0.21042720281652047,1.4208544056330408,0.9999999999999999,0.841708779335022,0.8417088112660815,3.193105957421949e-08,False,1.0086607933044434,0.8761116332885525,4.402461528778076,14,-0.1085379498877696,0.08035147908542836,-0.10188925292875087,0.2603341561875173,0.4793260318360158,0.02756210576210702,0.3628534299454519,1.0042943009181393,0.992207955075134,1.0190061088156275,1.0559968228752978,1.046711509715994,0.9831994156318481,0.99163179916318
full,14,2,100223.51690602132,-0.02423751221435133,-0.02554700840179358,-0.029145094456111555,0.0022301842214428325,0.07310121178721164,0.8343084779168877,0.0008343084779168877,0.0005086163404796804,0.20344653619187217,1.4068930723837443,1.0,0.8137860298156738,0.8137861447674886,1.1495181473364369e-07,False,1.055858850479126,0.9171073448635902,4.734909534454346,15,-0.12054534575768877,0.08102564194372722,-0.0829011904341834,0.17555056938103267,0.15896277555397578,0.2853773427861077,0.5025302065270287,0.9305966410201849,0.9079768850724007,0.9492578825091647,0.9386987589319293,0.9339521599428774,0.9034175334323922,1.038741848868431
full,14,3,99107.05991904826,-0.009565294829389837,-0.011139670822167935,-0.017004446293800653,-0.009009853401776846,0.11528817341161951,1.077568453337465,0.0010775684533374651,0.0005132770724594592,0.20531082898378372,1.4106216579675674,1.0,0.821243166923523,0.8212433159351349,1.4901161193847656e-07,False,1.0105328559875488,0.8777376862746519,4.277383804321289,16,-0.0943191908299923,0.07243957743048668,-0.11099163815379143,0.3212171383202076,0.5258542783558369,0.047514721751213074,0.2382851131260395,1.0178593449224487,1.0033726303860246,1.0168301139748919,0.9911858974358975,0.9889143730886851,1.0394736842105263,1.002215657311669
full,14,4,94873.72240666872,-0.041588509847316324,-0.0427147926276632,-0.050393598864439657,-0.05403263899942612,0.10741626533580761,0.654090948935066,0.000654090948935066,0.000521755845152906,0.20870233806116242,1.417404676122325,1.0,0.8348093628883362,0.8348093522446498,1.0643686376710093e-08,False,0.9952132701873779,0.8644312631185367,4.297877788543701,17,-0.09363818035594054,0.38385570927390034,-0.11506415770522188,0.25625274463423664,0.477168062169637,0.06246305390128068,0.02896276808210782,0.9005749972130336,0.8982312353523753,0.906226913619528,0.9240097008892482,0.9984538074990336,0.9446202531645569,1.0361090641120116
full,14,5,98329.36121654202,0.037678927084441316,0.036423560941995836,0.03034940027749865,-0.016990233260835375,0.13386010922184188,0.7174089982041291,0.0007174089982041291,0.0004931062034198216,0.19724248136792866,1.3944849627358573,1.0,0.788969874382019,0.7889699254717146,5.108969558520471e-08,False,1.0788615942001343,0.9370872741969274,5.011638641357422,18,0.11747784273965017,0.14580434667212622,-0.11511513484375818,0.28576466547591345,0.46765601741416113,0.18053960906607763,-0.08212734652417047,1.0878451084988776,1.105887779215494,1.080196082028685,1.0822397200349958,1.0007742934572201,0.9865996649916248,1.0035561877667143
full,14,6,112980.89844375128,0.15096508125497854,0.14900470262329368,0.12566807501092087,0.11489462929181748,0.12433575083463982,1.1821510355387415,0.0011821510355387414,0.0005225488437073572,0.20901953748294289,1.4180390749658858,0.9999999999999999,0.8360781073570251,0.8360781499317715,4.257474639501879e-08,False,1.016325831413269,0.8827694007970348,4.62642765045166,19,-0.12297489653740612,-0.08604464094553677,0.029307374996798363,0.4125675841101578,0.3488822265395096,0.33533140857304844,0.08293094326342854,1.0297288920628345,1.0344408881821956,1.0366536879752946,1.1059013742926436,1.085880077369439,1.2478777589134125,0.9968107725017719
full,14,7,121196.74350368064,0.07432226867479486,0.0727188858744976,0.05000733819986653,0.17489532219186166,0.1998670940035528,0.9795040594679968,0.000979504059467997,0.0005140705699367183,0.20562822797468733,1.4112564559493745,0.9999999999999998,0.8225128650665283,0.8225129118987491,4.6832220768067145e-08,False,1.0373311042785645,0.9010143489895746,4.43135404586792,20,-0.09953924108828818,0.04956026907478059,0.15054723035011972,0.24083409618054116,0.21988361488495553,0.5448030174842902,-0.10608898688639914,1.0179242518378595,1.0261253529989354,1.0004892614601024,1.0303362573099413,1.0399002493765588,1.1047619047619048,0.9850693210095981
full,14,8,119577.58363574676,-0.012578068266296705,-0.013359763811514491,-0.017173902009478343,0.16372285708150225,0.12002873798237869,0.28007469432694576,0.00028007469432694577,0.000511891839227506,0.20475673569100242,1.4095134713820048,1.0,0.8190270066261292,0.8190269427640096,6.386211959252819e-08,False,1.0626220703125,0.9229818029706561,4.549620628356934,21,-0.10762633702584673,0.16926954367331096,0.13335817732981273,0.1677408782499177,0.17821563460997172,0.5561725018279893,-0.09713039866515569,1.0393135068908235,1.0489629372043836,1.0256175982612805,1.038666193685704,0.984583761562179,0.9562807881773397,0.9945867917719236
full,14,9,112401.74268526271,-0.05844489727207014,-0.06000991768108355,-0.057980911246138495,0.11033407836023468,0.09184265049741847,1.1505339273384638,0.0011505339273384639,0.0005130145033555373,0.2052058013422149,1.4104116026844298,0.9999999999999999,0.820823073387146,0.8208232053688596,1.3198171355810473e-07,False,1.102156400680542,0.9573208860198177,5.729250431060791,22,-0.13001720394407001,0.2363930067845753,-0.07518859739814487,0.2794286182948521,0.364848541361945,0.21184317980493816,0.1126924550959042,0.9342222757517478,0.9192601541484278,0.933144921461059,0.9316939890710383,0.9439805149617257,0.9175788795878945,1.0359216255442671
full,14,10,117982.76398621107,0.05073827330714087,0.04965244459399387,0.03711303622291312,0.15241856843015433,0.09942907694013062,0.5210626998117992,0.0005210626998117992,0.0005128676071763039,0.20514704287052155,1.410294085741043,1.0,0.8205881714820862,0.8205881714820862,0.0,False,0.9904243350028992,0.8602716468689138,4.131352424621582,23,-0.1034136526286602,0.26807838305830956,-0.10173339024186134,0.30958622321486473,0.536933358758688,0.03359808400273323,0.056950993835926056,1.068930144367124,1.074208932789611,1.0719290343572334,1.0821114369501466,1.0269074824917066,1.0224561403508772,1.0819614711033276
full,14,11,119318.5040582311,0.012364904851336345,0.011321484824479588,0.0028198663183217672,0.16190702532444656,0.13337181151940924,0.5144470153110368,0.0005144470153110367,0.0005167603146817003,0.20670412587268014,1.4134082517453601,1.0,0.8268165588378906,0.8268165034907202,5.534717040234227e-08,False,1.0155730247497559,0.8821155212372273,4.459294319152832,24,-0.12212404289415907,0.12924183479377202,-0.08458008297852107,0.4037132667643683,0.46143905392714907,0.17954124084540776,0.03276872954198293,1.0131281613727836,1.0211309798074761,1.0099364281396368,1.0027100271002711,1.007896625987078,1.037748798901853,1.0171576561994171
full,14,12,116988.3972163357,-0.018372311562379284,-0.01952846174435985,-0.021550550109842203,0.14521437698578465,0.09715803542360586,0.6723413254533496,0.0006723413254533496,0.000506141699318375,0.20245667972735001,1.4049133594546999,0.9999999999999998,0.809826672077179,0.8098267189093997,4.6832220768067145e-08,False,0.9798344969749451,0.8510734304293344,4.164002895355225,25,-0.10953479473079958,0.45282324935708723,-0.09292188499655044,0.24997126843248094,0.4279420652559825,0.044147813426596766,0.027572283255202418,0.9819083802034764,0.9740025585719445,0.9828400247399243,0.9851351351351353,0.9754273504273504,1.0244708994708993,1.1078930617441118
full,14,13,117338.79322989541,0.0037703449064454553,0.0029951347475234424,-0.002025269896372385,0.14776692986712825,0.0915564555543196,0.27390157378145635,0.0002739015737814564,0.0004986951300608261,0.19947805202433044,1.3989561040486609,0.9999999999999999,0.7979121208190918,0.7979122080973218,8.727822997656176e-08,False,0.9181178212165833,0.7974670069827969,3.563246488571167,26,-0.09584073323224274,0.5399655590632132,-0.10363731879208771,0.1454127619841269,0.4640564809420279,0.023306763065712777,0.026736486969249573,1.0171811676906573,1.0045787328777878,1.0194502657857352,1.0099451303155005,1.0087623220153341,1.013557133634603,0.9675380637747775
full,14,14,119631.18629447745,0.02032560707039366,0.01953653179380055,0.01293780755011927,0.16409756437718848,0.06785653919881912,0.29674770416957996,0.00029674770416957994,0.0004769078296210084,0.19076313184840338,1.3815262636968069,1.0,0.7630524635314941,0.7630525273936137,6.386211959252819e-08,False,0.9837675094604492,0.8544896016687564,3.8551368713378906,27,-0.09700761416128703,0.5653293686253684,-0.09375551768711635,0.10103050193616323,0.361231769834246,0.04110274038144521,0.12206875107118062,1.0204317810759416,1.036630597940096,1.0048074160114426,1.0196943972835313,1.0007238508867176,1.024203821656051,0.9902019002375297
full,14,15,120317.11027055664,0.006613113415572691,0.005733655222566858,0.0016952692265617842,0.16886301727883624,0.061403673501719505,0.39100754686764305,0.00039100754686764304,0.00048305477946996683,0.19322191178798676,1.3864438235759735,1.0,0.772887647151947,0.772887647151947,0.0,False,0.9874613881111145,0.8576980638983648,3.9327104091644287,28,-0.10041392594575882,0.5712161660194397,-0.09280798584222794,0.06332463771104813,0.2068401724100113,0.043432705104351044,0.3084082305431366,1.034047030048888,1.0449943420211207,1.037165241936394,0.9783549783549785,0.9924050632911392,0.9950248756218906,0.9706146926536732
full,14,16,125567.38820480376,0.044326970606157534,0.04363700160717654,0.031906074484554715,0.20361487620577612,0.0569156888477033,0.15396163293293552,0.0001539616329329355,0.0005069396405347756,0.20277585621391025,1.4055517124278203,0.9999999999999999,0.8111034035682678,0.8111034248556406,2.1287372753420186e-08,False,0.9592282176017761,0.8331750435806862,3.9102671146392822,29,-0.10877311868327005,0.5462132702980722,-0.0940027375306402,0.04128474103552954,0.23051190482718603,0.023048625460692806,0.36171731459242956,1.028589803182445,1.0354429604664128,1.0173620255284004,1.0408441116405716,1.0557580174927113,1.08125,1.0367624343527957
full,14,17,128527.81413821054,0.02442138095736679,0.023576391734597912,0.014908593593758665,0.2219582922925426,0.0686964498601564,0.3338243535586767,0.0003338243535586767,0.0004913613785590445,0.1965445514236178,1.3930891028472356,1.0,0.7861782312393188,0.7861782056944713,2.554484757055775e-08,False,1.0203521251678467,0.886266595117304,4.215710639953613,30,-0.10988533922604155,0.5547032388193267,-0.08665921219757625,0.05374216607638768,0.13221435568162374,0.16166988334485463,0.2942149075014251,1.0293303784225487,1.0479104071466634,1.0217829114307377,0.9565075212557227,0.9206075250258889,1.0710982658959536,1.0146007151370682
full,14,18,124266.82989043157,-0.032133120483945565,-0.033152234606565245,-0.030499447539782974,0.19528002695351698,0.0764236440151471,0.5427704549261501,0.0005427704549261501,0.0005107329333467143,0.20429317333868574,1.4085863466773714,0.9999999999999999,0.8171727061271667,0.8171726933547427,1.277242400732348e-08,False,0.9619016647338867,0.8354971702549576,3.8176708221435547,31,-0.10573626895036017,0.5652033181062766,-0.09855690438832557,0.05952219452176774,0.38317040513668743,0.02847741703901971,0.16791983853493417,0.8883429458072976,0.9111819056684046,0.8713745250537601,0.9620512820512821,0.9591301087364079,1.0766324878575284,1.0555066079295152
full,14,19,115622.93286090529,-0.06894059700012345,-0.06955916584616961,-0.06390694731091064,0.1351196728394679,0.0749318639372312,0.2082138476627215,0.0002082138476627215,0.00045637792242424826,0.1825511689696993,1.3651023379393987,1.0,0.730204701423645,0.7302046758787974,2.554484757055775e-08,False,0.9299211502075195,0.8077192482805015,3.4533252716064453,32,-0.08434137382677623,0.5707708629114288,-0.09820979514292308,0.07823507062026433,0.43053323349782396,0.03919908723660878,0.0638129147035735,0.8748807130139254,0.8987705690454519,0.8625624855383022,0.9506041222459132,0.9378420641125881,0.8997493734335839,0.9897050639955481
full,14,20,122332.78173729214,0.059147081277400426,0.05803216291407187,0.04243466241283315,0.1825576220873606,0.1000657367011908,0.6117101396833148,0.0006117101396833148,0.00044150107939328466,0.17660043175731388,1.3532008635146278,1.0,0.7064016461372375,0.7064017270292555,8.089201797290002e-08,False,1.0474483966827393,0.9098021175154442,4.53413200378418,33,-0.07634945107357843,0.2669569786105837,-0.10025098068373545,0.23326905923230307,0.4942238266978945,0.06412127720458166,0.1180292900119509,1.1268440206437376,1.154471978877262,1.1108063488991609,1.0661682242990655,1.0220925385577322,1.1103064066852368,1.0447005903851563
full,14,21,121498.49280846462,-0.005925569024249122,-0.006819831258469522,-0.010236430349886947,0.1769445226152374,0.09246661755527524,0.39838017097541273,0.00039838017097541275,0.0005016175391418594,0.20064701565674378,1.4012940313134874,0.9999999999999999,0.8025879859924316,0.8025880626269748,7.663454315576246e-08,False,1.0886940956115723,0.9456276764095143,5.262828350067139,34,-0.11311720524515428,0.218474058168275,-0.0875298104115895,0.30150389458451954,0.4173945465258189,0.18235535706792558,0.08091915931020463,1.0452818452385757,1.0675310126503827,1.0426107204951207,0.982468443197756,0.9755301794453507,1.0065228299046662,1.0306781485468246
full,14,22,127491.7002496653,0.05042046984510562,0.0493274221158333,0.034425441396931614,0.21563521543621011,0.08530502848082179,0.5324257697377888,0.0005324257697377888,0.000508697150009019,0.20347886000360763,1.4069577200072152,1.0,0.813915491104126,0.8139154400144304,5.108969558520471e-08,False,1.0028514862060547,0.8710657332555293,4.290999889373779,35,-0.1101288694356169,0.4468461897756372,-0.09334999056799073,0.19686374334352355,0.4386457529451166,0.026602803596428443,0.09452037034290175,1.0183883698313119,1.0599512631895773,1.0169313969075835,1.0549607423269096,1.023829431438127,1.175972083748754,1.0135770234986945
full,14,23,139986.54123607688,0.0989737336251999,0.09800513258465537,0.06562298389168612,0.285645611949527,0.08774825243261482,0.3779984936118127,0.0003779984936118127,0.0005037588306835719,0.2015035322734288,1.4030070645468575,1.0,0.8060141205787659,0.8060141290937151,8.514949190185916e-09,False,1.0527124404907227,0.9143744078720525,4.5915398597717285,36,-0.11511833327157156,0.519481367298535,-0.08638519900185723,0.1563658182110105,0.29513389510767796,0.11329527092831473,0.11722718072789054,1.0551013292304916,1.0682486990147664,1.0238423367924046,1.11468200270636,1.0955492037566352,1.1479440440864774,1.0770221535291085
full,14,24,143546.0934637146,0.02644737094327887,0.025427817533078434,0.0121890222071842,0.3033596555152658,0.11050042717109204,0.5106833960328785,0.0005106833960328785,0.00048309390566178746,0.19323756226471497,1.3864751245294298,0.9999999999999999,0.7729502320289612,0.7729502490588596,1.7029898380371833e-08,False,1.0734212398529053,0.9323618424517275,5.047295093536377,37,-0.11977917168821611,0.44066437866006575,-0.07345839057649886,0.13313583816800797,0.14650000418935502,0.3256582000425884,0.14727914120469773,1.0700646851823017,1.0958744957492952,1.07574187376562,1.0303490136570561,1.039508013417816,0.9737813884785819,0.9787132265008371
full,15,1,97542.353117473,-0.022878499542708708,-0.02457646882526998,-0.029559439277505213,-0.02519568991294663,0.0872749872911717,1.230041531579835,0.001230041531579835,0.000509195907839707,0.20367836313588278,1.4073567262717657,1.0,0.8147133588790894,0.8147134525435313,9.36644419802235e-08,False,1.0462520122528076,0.9087629512031357,4.74880313873291,15,-0.09665339865854808,-0.1070249644773347,0.044169064079012194,0.3682522656662124,0.11591710469552449,0.2448017629129546,0.4305381657821791,0.9305966410201849,0.9079768850724007,0.9492578825091647,0.9386987589319293,0.9339521599428774,0.9034175334323922,1.038741848868431
full,15,2,96689.89328134315,-0.007230441301841584,-0.008739381498242271,-0.014113241279921508,-0.03423425764909349,0.10149347087549289,1.0043576881289482,0.0010043576881289481,0.0005167285379554544,0.2066914151821818,1.4133828303643636,1.0,0.8267657160758972,0.8267656607287273,5.534716995825306e-08,False,0.9988465905189514,0.8675871250605152,4.345583915710449,16,0.03165228984185628,-0.09226784908345767,-0.11442356609872412,0.37929029709526474,0.46399511343666483,0.05885830468365125,0.2728954101247447,1.0178593449224487,1.0033726303860246,1.0168301139748919,0.9911858974358975,0.9889143730886851,1.0394736842105263,1.002215657311669
full,15,3,93556.89695979378,-0.031238993926749448,-0.032402521248349414,-0.04019975663214456,-0.06886828496433739,0.11131458633801321,0.6787226349115372,0.0006787226349115372,0.0005230460156287466,0.20921840625149865,1.4184368125029971,1.0,0.8368737101554871,0.8368736250059943,8.514949279003758e-08,False,1.0074973106384277,0.8751010450852712,4.244302749633789,17,-0.08901780151895114,0.12749168223568372,-0.12020060473254751,0.44794233090111185,0.4692980194730418,0.10450515097805432,0.05998122266360692,0.9005749972130336,0.8982312353523753,0.906226913619528,0.9240097008892482,0.9984538074990336,0.9446202531645569,1.0361090641120116
full,15,4,95688.32242625477,0.023970544831089846,0.022782130828654656,0.019321515358249997,-0.04505960042374202,0.08974338364690747,0.676227938916002,0.000676227938916002,0.0004850400052964687,0.1940160021185875,1.388032004237175,1.0,0.7760640382766724,0.77606400847435,2.9802322387695312e-08,False,1.07066011428833,0.9299635592586535,4.9917402267456055,18,0.12411251664161682,-0.07822946459054947,-0.11578653752803802,0.39306533336639404,0.3917821943759918,0.17725400626659393,0.10780195146799088,1.0878451084988776,1.105887779215494,1.080196082028685,1.0822397200349958,1.0007742934572201,0.9865996649916248,1.0035561877667143
full,15,5,109127.53743135517,0.1418353021372516,0.14044780663238976,0.12337615896297245,0.08364100983307443,0.10648902587688001,0.6965635514685086,0.0006965635514685085,0.0005193203767495496,0.20772815069981987,1.4154563013996397,0.9999999999999999,0.8309125304222107,0.8309126027992795,7.23770687827141e-08,False,1.0474777221679688,0.9098275893082728,4.766345024108887,19,-0.09835795472775188,-0.10937019597206799,0.0465073308774403,0.45628636170710835,0.2971116213926247,0.29587655354823383,0.11194628317441258,1.0297288920628345,1.0344408881821956,1.0366536879752946,1.1059013742926436,1.085880077369439,1.2478777589134125,0.9968107725017719
full,15,6,116345.95153514552,0.06761824710376851,0.06614658658756012,0.04822323978195035,0.14049437319877656,0.17260247167503542,0.8543863190071923,0.0008543863190071924,0.0005250166276735919,0.2100066510694368,1.4200133021388734,0.9999999999999999,0.8400266170501709,0.8400266042777469,1.277242400732348e-08,False,1.027075171470642,0.8921061589390722,4.54576301574707,20,0.030579706387860423,-0.11677089173878946,0.15753157596502984,0.36150071184550014,0.17728685002241815,0.48310780684862814,-0.09323575933064734,1.0179242518378595,1.0261253529989354,1.0004892614601024,1.0303362573099413,1.0399002493765588,1.1047619047619048,0.9850693210095981
full,15,7,114922.23935753708,-0.011569332157547074,-0.012236886275998726,-0.01704612227078725,0.1298464025845526,0.1279630331312659,0.14573187274592275,0.00014573187274592275,0.0005298639621053422,0.2119455848421369,1.4238911696842738,1.0,0.8477823734283447,0.8477823393685475,3.4059797204832876e-08,False,1.0390154123306274,0.902477320375247,4.596854209899902,21,0.03723964520863124,-0.109402737979378,0.19052431040576526,0.3044375782566411,0.17079113477042743,0.5089529162006718,-0.10254284686275891,1.0393135068908235,1.0489629372043836,1.0256175982612805,1.038666193685704,0.984583761562179,0.9562807881773397,0.9945867917719236
full,15,8,108037.60366786936,-0.05834771846089326,-0.05990690512259145,-0.061107675002892034,0.07439635270492184,0.11315250246522547,1.1395447254180908,0.0011395447254180908,0.0005176263648484434,0.20705054593937736,1.4141010918787549,1.0,0.8282020688056946,0.8282021837575098,1.149518151777329e-07,False,1.0249576568603516,0.8902669091178748,4.6544623374938965,22,-0.1343118654830115,-0.07273868045636586,0.09905652382544108,0.4351456058876855,0.4018962574856622,0.2021998507635934,0.06875230797699519,0.9342222757517478,0.9192601541484278,0.933144921461059,0.9316939890710383,0.9439805149617257,0.9175788795878945,1.0359216255442671
full,15,9,113423.59581133944,0.051226448582090356,0.049852939722985434,0.03891799022811067,0.11834923514210638,0.10069784418147741,0.7829118956412586,0.0007829118956412586,0.0005245199533445496,0.20980798133781983,1.4196159626756395,0.9999999999999998,0.8392319679260254,0.839231925351279,4.257474639501879e-08,False,0.9761953353881836,0.8479124948375648,3.946077823638916,23,-0.10832330424870767,0.15761608045016015,-0.10148467708911216,0.4122373477688857,0.5370088831654616,0.04100764329944337,0.0619380266538688,1.068930144367124,1.074208932789611,1.0719290343572334,1.0821114369501466,1.0269074824917066,1.0224561403508772,1.0819614711033276
full,15,10,114443.49923672277,0.010178041736116139,0.008991986350703973,0.0018874234563681386,0.12620637548705882,0.11939433777168602,0.6504381597042084,0.0006504381597042083,0.0005243569346410889,0.20974277385643555,1.419485547712871,0.9999999999999998,0.8389710187911987,0.8389710954257419,7.663454315576246e-08,False,0.9768514037132263,0.8484823485441999,4.080442428588867,24,-0.12537225921239176,0.0641437784901687,0.03870621110711778,0.4641439185610839,0.4686196015349456,0.17412926416311944,-0.0843705146440438,1.0131281613727836,1.0211309798074761,1.0099364281396368,1.0027100271002711,1.007896625987078,1.037748798901853,1.0171576561994171
full,15,11,112326.90608840462,-0.017322144000835094,-0.018494655986881714,-0.02117482327260692,0.10974134797857749,0.09419591528251167,0.6782923064061573,0.0006782923064061573,0.000515600529366306,0.20624021174652238,1.4124804234930448,1.0,0.8249609470367432,0.8249608469860896,1.0005065353979603e-07,False,0.9830188751220703,0.853839346144514,4.265871524810791,25,-0.11469144241086077,0.2873432426048177,-0.09154876933566161,0.39136175199278767,0.45536551757582594,0.05127434193023614,0.020895357642854967,0.9819083802034764,0.9740025585719445,0.9828400247399243,0.9851351351351353,0.9754273504273504,1.0244708994708993,1.1078930617441118
full,15,12,112716.41374066935,0.004412908407200433,0.003467625574572253,-0.0014181153997637587,0.11281776379016495,0.08989062422702443,0.4375795243041856,0.00043757952430418563,0.0005039933297250952,0.2015973318900381,1.4031946637800763,1.0,0.8063894510269165,0.8063893275601526,1.234667639238296e-07,False,0.9338940382003784,0.8111700549455381,3.823537588119507,26,-0.09675360045262746,0.4881951627986772,-0.10484373143741063,0.22108618595770427,0.4546163199203355,0.02000800945929118,0.01769165375402995,1.0171811676906573,1.0045787328777878,1.0194502657857352,1.0099451303155005,1.0087623220153341,1.013557133634603,0.9675380637747775
full,15,13,115008.98611734317,0.02102228051699906,0.02033929487810382,0.013433502575981426,0.13050272525687323,0.08502917781453714,0.19333093932696743,0.00019333093932696744,0.00047581623441406666,0.19032649376562666,1.3806529875312532,0.9999999999999998,0.7613060474395752,0.7613059750625064,7.23770687827141e-08,False,0.9701135158538818,0.8426298935102075,3.8790626525878906,27,-0.0959826878138951,0.5272496395877428,-0.09434380595173156,0.18007652993713105,0.3989605062774249,0.03269232969198907,0.05134748827133859,1.0204317810759416,1.036630597940096,1.0048074160114426,1.0196943972835313,1.0007238508867176,1.024203821656051,0.9902019002375297
full,15,14,115842.53588371062,0.008033954249707875,0.007247692502192704,0.0020959001596727875,0.13675922892100922,0.0832120700892641,0.295264184474945,0.00029526418447494503,0.0004850354710859912,0.1940141884343965,1.3880283768687929,0.9999999999999999,0.776056706905365,0.7760567537375858,4.6832220768067145e-08,False,1.0131831169128418,0.880039673665569,4.139066696166992,28,-0.10077181671346938,0.5551910304597445,-0.09324237172092711,0.1292987668088504,0.30689530606780735,0.04234701927219117,0.16028206582580293,1.034047030048888,1.0449943420211207,1.037165241936394,0.9783549783549785,0.9924050632911392,0.9950248756218906,0.9706146926536732
full,15,15,121170.03921217604,0.046730762839726436,0.04598918081190373,0.03411231585543116,0.174713479914833,0.07683870276785218,0.2042639218270779,0.0002042639218270779,0.0005044616399598975,0.20178465598395898,1.4035693119679178,0.9999999999999998,0.8071386218070984,0.8071386239358356,2.1287371865241766e-09,False,1.0002464056015015,0.868802988992588,4.237795829772949,29,-0.10987728860761442,0.5167342421731778,-0.09190736737634456,0.09269237491701329,0.34250101420496193,0.024383710431201105,0.22547331425760472,1.028589803182445,1.0354429604664128,1.0173620255284004,1.0408441116405716,1.0557580174927113,1.08125,1.0367624343527957
full,15,16,122625.89242736195,0.012868308774836246,0.012014960337155767,0.006124289039881131,0.18451154140031645,0.07347544891204648,0.35260002794010314,0.00035260002794010314,0.0004902618804148265,0.19610475216593062,1.3922095043318612,1.0,0.7844189405441284,0.7844190086637224,6.811959396557654e-08,False,1.0657050609588623,0.9256596546216052,4.6793212890625,30,-0.11156845944268362,0.5262119163359915,-0.084536292723247,0.11007635934012275,0.21298593176262717,0.16645099116223197,0.1803795535649572,1.0293303784225487,1.0479104071466634,1.0217829114307377,0.9565075212557227,0.9206075250258889,1.0710982658959536,1.0146007151370682
full,15,17,117727.5691052084,-0.038973533015498774,-0.03994526135705878,-0.03845618693665465,0.1505812889873398,0.09051869047356012,0.5033232026866502,0.0005033232026866502,0.000508324219180005,0.203329687672002,1.4066593753440038,0.9999999999999999,0.8133187890052795,0.8133187506880075,3.831727202197044e-08,False,0.9528321027755737,0.8276194488314077,3.7202818393707275,31,-0.10584880677717073,0.551455800554582,-0.09748088089483126,0.09971840413553373,0.4336839962218489,0.027515196374484463,0.09095629038555281,0.8883429458072976,0.9111819056684046,0.8713745250537601,0.9620512820512821,0.9591301087364079,1.0766324878575284,1.0555066079295152
full,15,18,109573.73600059352,-0.06874323152880568,-0.06926018405534329,-0.06762783815803954,0.08737254336697675,0.08838185075352978,0.09431585030896336,9.431585030896336e-05,0.0004609510542026589,0.18438042168106356,1.368760843362127,1.0,0.7375217080116272,0.737521686724254,2.1287373197509396e-08,False,0.9284985661506653,0.8064836074686308,3.4891622066497803,32,-0.08439415799719949,0.5589820135916983,-0.09998626368386407,0.10495864493506293,0.4393139470900808,0.0348220680441175,0.04630374802010398,0.8748807130139254,0.8987705690454519,0.8625624855383022,0.9506041222459132,0.9378420641125881,0.8997493734335839,0.9897050639955481
full,15,19,115446.33986109316,0.05479629756570015,0.05359499525021061,0.04138858738580416,0.13379670485593942,0.10071148206317013,0.6953196440424239,0.0006953196440424239,0.00044422447149242676,0.1776897885969707,1.3553795771939414,1.0,0.7107592821121216,0.7107591543878828,1.2772423874096717e-07,False,1.0463802814483643,0.9088743644107925,4.533447265625,33,-0.07561271531241281,0.21341300117118017,-0.1020770732845579,0.2907951633845057,0.49127946900469915,0.06847294526440756,0.1137292097721781,1.1268440206437376,1.154471978877262,1.1108063488991609,1.0661682242990655,1.0220925385577322,1.1103064066852368,1.0447005903851563
full,15,20,113837.54566924424,-0.013031600625379225,-0.013935428301881658,-0.01733100861752205,0.12155520033301959,0.10179008189204429,0.40671838607106897,0.00040671838607106897,0.0005094626945044313,0.20378507780177255,1.4075701556035451,1.0,0.8151403665542603,0.8151403112070903,5.534716995825306e-08,False,1.0595200061798096,0.9202873842999812,4.844196796417236,34,-0.11567080446652006,0.1462820427758353,-0.08811427333525249,0.3712092744452613,0.43841383925506044,0.17745522728988103,0.07042469403573445,1.0452818452385757,1.0675310126503827,1.0426107204951207,0.982468443197756,0.9755301794453507,1.0065228299046662,1.0306781485468246
full,15,21,119501.49220619493,0.05081556063576964,0.049754643809761356,0.037003896987603535,0.16319036562778566,0.09262536614325086,0.49762078268187393,0.0004976207826818739,0.0005125020058559521,0.20500080234238083,1.4100016046847617,0.9999999999999999,0.8200032114982605,0.8200032093695233,2.1287371865241766e-09,False,1.0078661441802979,0.8754214098292212,4.423520088195801,35,-0.11153425994728294,0.3728414180555514,-0.09346654239509788,0.27624729302312645,0.45486861493970665,0.028959086430924263,0.07208438989307198,1.0183883698313119,1.0599512631895773,1.0169313969075835,1.0549607423269096,1.023829431438127,1.175972083748754,1.0135770234986945
full,15,22,131483.7528700867,0.10125398766454352,0.10026871165103834,0.0720737149696585,0.23944975848989036,0.08371355784892412,0.39082601400358336,0.0003908260140035834,0.0005042599913265024,0.20170399653060098,1.403407993061202,1.0,0.8068158626556396,0.806815986122404,1.234667643679188e-07,False,1.0501765012741089,0.9121717190556177,4.707857608795166,36,-0.11693797686270307,0.4775270330054419,-0.0847660196678979,0.2153055923325675,0.3258010255438941,0.10160007647105626,0.08147026917764119,1.0551013292304916,1.0682486990147664,1.0238423367924046,1.11468200270636,1.0955492037566352,1.1479440440864774,1.0770221535291085
full,15,23,134680.00029450547,0.025353922163973586,0.02430906750567763,0.013221066538607433,0.25749925912288774,0.09656868188779878,0.534649731857436,0.0005346497318574361,0.00048488836203302655,0.19395534481321064,1.3879106896264213,1.0,0.7758213877677917,0.7758213792528426,8.514949190185916e-09,False,1.0887084007263184,0.9456401016743087,5.409413814544678,37,-0.1229622353400503,0.38954821335417883,-0.07099310947316034,0.18046471582991735,0.18732011424643652,0.321309537759849,0.11531276362282888,1.0700646851823017,1.0958744957492952,1.07574187376562,1.0303490136570561,1.039508013417816,0.9737813884785819,0.9787132265008371
full,15,24,128481.24083460377,-0.04510600108046581,-0.04602583491496026,-0.039856713276723896,0.2216762591144974,0.08067426536667119,0.4731441416910716,0.00047314414169107163,0.0004906038248113224,0.19624152992452895,1.3924830598490576,0.9999999999999998,0.7849661111831665,0.7849661196981153,8.514948746096707e-09,False,1.084348440170288,0.9418530880527092,5.594880104064941,38,-0.13253437089068548,0.37965983045952656,-0.06370715903384347,0.22015051437275748,0.2590140093650136,0.10419798535960059,0.23321919036763053,0.9607720184563087,0.9483673729353325,0.9771948490503586,0.9664212076583212,0.9602007888131946,0.943875616230565,0.9630987292277614
full,16,1,99129.58203280803,-0.006826229249014992,-0.00870417967191972,-0.014269182843220075,-0.008780607658608997,0.10977150369222159,1.3739650270768573,0.0013739650270768572,0.0005186827534011432,0.2074731013604573,1.4149462027209145,0.9999999999999999,0.8298923969268799,0.8298924054418291,8.514949190185916e-09,False,1.0056254863739014,0.8734751991869183,4.419817924499512,16,0.031256268599203635,-0.09805840360266824,-0.10941469775778906,0.3728896070803914,0.44850250972168787,0.06066289065139632,0.2941618253077779,1.0178593449224487,1.0033726303860246,1.0168301139748919,0.9911858974358975,0.9889143730886851,1.0394736842105263,1.002215657311669
full,16,2,96190.90100484311,-0.028457187831490538,-0.029644844331052744,-0.0355657090016545,-0.03959936912291839,0.09493895074690198,0.6996974253228733,0.0006996974253228733,0.0005234941813562597,0.20939767254250388,1.418795345085008,1.0,0.8375905752182007,0.8375906901700159,1.149518151777329e-07,False,1.0005402565002441,0.8690582246402405,4.153998374938965,17,-0.08899024448224477,0.09113248863390513,-0.12040742806025911,0.4647292611854417,0.4694803474204881,0.10850321927240916,0.07555235603025981,0.9005749972130336,0.8982312353523753,0.906226913619528,0.9240097008892482,0.9984538074990336,0.9446202531645569,1.0361090641120116
full,16,3,98369.458121661,0.023853026214552875,0.022648266042421206,0.01796246638096221,-0.016575692389424246,0.10122420705063878,0.6927458367177419,0.0006927458367177419,0.00048463950465832444,0.19385580186332976,1.3877116037266595,0.9999999999999999,0.7754232883453369,0.7754232074533189,8.089201797290002e-08,False,1.0866763591766357,0.9438750928102582,5.1474761962890625,18,0.12341467929737907,-0.08460263269288201,-0.10925316917044775,0.39301190418856485,0.3705599073852811,0.17501728875296454,0.13185202223914008,1.0878451084988776,1.105887779215494,1.080196082028685,1.0822397200349958,1.0007742934572201,0.9865996649916248,1.0035561877667143
full,16,4,111709.13746505816,0.13695275780583893,0.13560793764766865,0.11598187891895201,0.10481808141004301,0.10823789761030475,0.6638973014695303,0.0006638973014695303,0.0005196313214089189,0.2078525285635676,1.4157050571271352,1.0,0.8314100503921509,0.8314101142542705,6.386211959252819e-08,False,1.057433009147644,0.9184746417103453,4.863548755645752,19,-0.09485582688025065,-0.11299670168331694,0.05369241854974202,0.45943799189158846,0.28699174097606117,0.27759426406451637,0.1301361130816596,1.0297288920628345,1.0344408881821956,1.0366536879752946,1.1059013742926436,1.085880077369439,1.2478777589134125,0.9968107725017719
full,16,5,118894.53099892716,0.0657839958905524,0.06432234369472734,0.0458881338367106,0.15891841988171573,0.1642440926992425,0.8493809487138475,0.0008493809487138476,0.0005229941276567323,0.20919765106269295,1.418395302125386,0.9999999999999999,0.8367906808853149,0.8367906042507718,7.663454315576246e-08,False,1.0248515605926514,0.8901747550706494,4.573762893676758,20,0.028493227703230706,-0.12063662494931904,0.16707519654716763,0.37846750978912624,0.16960881118263516,0.4655529058405331,-0.08856102611337391,1.0179242518378595,1.0261253529989354,1.0004892614601024,1.0303362573099413,1.0399002493765588,1.1047619047619048,0.9850693210095981
full,16,6,116861.39727075104,-0.01620351810466769,-0.017100313286861568,-0.019869785809054196,0.14428543269669802,0.1047359724807297,0.3801406238760267,0.0003801406238760267,0.0005318408592471054,0.2127363436988422,1.4254726873976844,1.0,0.8509454131126404,0.8509453747953688,3.831727157788123e-08,False,1.0373663902282715,0.9010449979760675,4.63820743560791,21,-0.09827095908778055,-0.11446538461106165,0.20046899574143545,0.3213819946561541,0.16338820116860525,0.49400741713387625,0.033489734998771115,1.0393135068908235,1.0489629372043836,1.0256175982612805,1.038666193685704,0.984583761562179,0.9562807881773397,0.9945867917719236
full,16,7,109943.47400766483,-0.05790088583550179,-0.05919767711709267,-0.06005578576490601,0.09044169376503053,0.12424093666477018,0.8597468031304223,0.0008597468031304223,0.0005176927814526218,0.20707711258104874,1.4141542251620973,0.9999999999999998,0.8283084630966187,0.8283084503241946,1.277242400732348e-08,False,1.0336503982543945,0.8978173283579645,4.666585922241211,22,-0.12981521551098146,-0.07726189707006728,0.11435412402663911,0.44033131535564146,0.4010892265609332,0.1817931437066623,0.0695093029311725,0.9342222757517478,0.9192601541484278,0.933144921461059,0.9316939890710383,0.9439805149617257,0.9175788795878945,1.0359216255442671
full,16,8,115425.97350074773,0.051220099098303384,0.04986652952862558,0.03743091114210199,0.13364386743203682,0.11542525049808613,0.7624179720878601,0.0007624179720878601,0.0005260293850941318,0.21041175403765275,1.4208235080753053,0.9999999999999998,0.8416469693183899,0.8416470161506107,4.6832220768067145e-08,False,0.9738039970397949,0.8458354047394271,3.917762279510498,23,-0.10956347201551714,0.1464070507458278,-0.10084828202213561,0.41941416050706587,0.5383775212935038,0.041490820901734476,0.06472220058952058,1.068930144367124,1.074208932789611,1.0719290343572334,1.0821114369501466,1.0269074824917066,1.0224561403508772,1.0819614711033276
full,16,9,116438.39096312187,0.009945629159517466,0.008771140772467323,0.0010727730560840167,0.1411767272559461,0.1292017353565052,0.6395787405116217,0.0006395787405116217,0.0005240203706281527,0.20960814825126106,1.4192162965025221,0.9999999999999999,0.8384326100349426,0.8384325930050442,1.7029898380371833e-08,False,0.973555326461792,0.8456194122197503,4.047811508178711,24,-0.1261124552360603,0.06005661029900822,0.04179882471050533,0.4693414329418114,0.4697054683097771,0.16870581199015888,-0.08349569301520077,1.0131281613727836,1.0211309798074761,1.0099364281396368,1.0027100271002711,1.007896625987078,1.037748798901853,1.0171576561994171
full,16,10,114312.22863009636,-0.017104745956692646,-0.01825997693234105,-0.020087387716936043,0.12520295336389065,0.08227227649761179,0.659818882388728,0.000659818882388728,0.00051620714366436,0.20648285746574402,1.412965714931488,1.0,0.8259314298629761,0.8259314298629761,0.0,False,0.9812179207801819,0.8522750570788302,4.241031646728516,25,-0.1161908470094204,0.27469775453209877,-0.09029201045632362,0.39970186725258827,0.459116343408823,0.05111589655280113,0.02185099571943283,0.9819083802034764,0.9740025585719445,0.9828400247399243,0.9851351351351353,0.9754273504273504,1.0244708994708993,1.1078930617441118
full,16,11,114708.22170531582,0.00443085079454808,0.0034641357269034057,-0.0019715358924403126,0.1282229075357919,0.0998298012868315,0.4591052095804896,0.00045910520958048964,0.0005038088360535248,0.2015235344214099,1.4030470688428198,0.9999999999999999,0.8060939908027649,0.8060941376856396,1.4688287475195239e-07,False,0.9342595338821411,0.8114875204610361,3.8319954872131348,26,-0.09695875245545593,0.48501826476837906,-0.10456478196595398,0.22411648583199295,0.4552066142537764,0.019540371639387932,0.01764179792787346,1.0171811676906573,1.0045787328777878,1.0194502657857352,1.0099451303155005,1.0087623220153341,1.013557133634603,0.9675380637747775
full,16,12,117030.57712994005,0.020932411259033223,0.020245762597473904,0.013403845205666875,0.14552245701592037,0.07791408548923175,0.19689616241625374,0.00019689616241625374,0.00047590026099767006,0.19036010439906803,1.3807202087981358,0.9999999999999999,0.7614404559135437,0.7614404175962717,3.831727202197044e-08,False,0.9707297086715698,0.8431651117912281,3.8888111114501953,27,-0.09643867132919176,0.5252702880118574,-0.09392143306987627,0.18153769256813185,0.39933732630951063,0.031591997614928646,0.052622799894639416,1.0204317810759416,1.036630597940096,1.0048074160114426,1.0196943972835313,1.0007238508867176,1.024203821656051,0.9902019002375297
full,16,13,117856.9255492019,0.007858864477589655,0.007060961669396404,0.002250897519747172,0.15151358705473061,0.07480465038126144,0.30618633755615776,0.0003061863375561578,0.00048580830118485864,0.19432332047394346,1.3886466409478868,0.9999999999999999,0.7772933840751648,0.7772932818957736,1.0217939117040942e-07,False,1.0132580995559692,0.8801048027618665,4.148975849151611,28,-0.10131977338876044,0.5544210762849875,-0.09300354708518302,0.12823949168835366,0.3044234604707786,0.04083555723939622,0.16640373479042733,1.034047030048888,1.0449943420211207,1.037165241936394,0.9783549783549785,0.9924050632911392,0.9950248756218906,0.9706146926536732
full,16,14,123262.47195895402,0.046613314003461026,0.04586532683219757,0.03414021258725827,0.18872306866197153,0.061385380399652814,0.2092687349234307,0.0002092687349234307,0.0005056606206510747,0.2022642482604299,1.4045284965208598,1.0,0.8090569972991943,0.8090569930417195,4.257474817137563e-09,False,0.9994984865188599,0.8681533547315853,4.248354911804199,29,-0.11055685154029299,0.5146553484456879,-0.09170739672013692,0.08999262430838176,0.33885034599474495,0.023450863148484907,0.2353150663631303,1.028589803182445,1.0354429604664128,1.0173620255284004,1.0408441116405716,1.0557580174927113,1.08125,1.0367624343527957
full,16,15,124720.19866283107,0.012677210695891006,0.011826200470508752,0.005497863355639939,0.19820525406361578,0.07968644092008621,0.3499613319124495,0.0003499613319124495,0.0004907488104488169,0.19629952417952676,1.3925990483590536,1.0,0.7851982116699219,0.7851980967181071,1.1495181473364369e-07,False,1.0651886463165283,0.9252111025625257,4.682102203369141,30,-0.1124239904539926,0.52570683828422,-0.08387553372553416,0.1101381214601653,0.21048168412276677,0.1594026791197913,0.19057020119258336,1.0293303784225487,1.0479104071466634,1.0217829114307377,0.9565075212557227,0.9206075250258889,1.0710982658959536,1.0146007151370682
full,16,16,119767.72515577367,-0.03872967583410181,-0.03970867237347753,-0.037715105263760984,0.16505051866070886,0.09120739721708129,0.5100903393966811,0.0005100903393966812,0.0005088690295815467,0.2035476118326187,1.4070952236652374,1.0,0.8141904473304749,0.8141904473304749,0.0,False,0.9527559280395508,0.8275532842963773,3.7222840785980225,31,-0.10612964257597923,0.5515948571264744,-0.09741796925663948,0.09747324511408806,0.4333444871008396,0.02685355395078659,0.09428146854043007,0.8883429458072976,0.9111819056684046,0.8713745250537601,0.9620512820512821,0.9591301087364079,1.0766324878575284,1.0555066079295152
full,16,17,111476.0675776311,-0.06871021539407207,-0.06923115194313145,-0.06635955506376237,0.10294646938132479,0.08511011568756606,0.09896813333034515,9.896813333034516e-05,0.0004605594277381897,0.18422377109527588,1.3684475421905518,1.0,0.7368950247764587,0.7368950843811035,5.960464477539063e-08,False,0.9283757209777832,0.8063769055072085,3.4868855476379395,32,-0.08446400240063667,0.5591564737260342,-0.0997597686946392,0.10421941056847572,0.4393746517598629,0.034334033727645874,0.04713920131325722,0.8748807130139254,0.8987705690454519,0.8625624855383022,0.9506041222459132,0.9378420641125881,0.8997493734335839,0.9897050639955481
full,16,18,117388.41580580283,0.054246825905849505,0.05303692852328523,0.04106523606092165,0.14812718688161464,0.08230962878736404,0.7043307998350689,0.0007043307998350689,0.000443969720176288,0.17758788807051523,1.3551757761410304,1.0,0.7103516459465027,0.7103515522820607,9.36644419802235e-08,False,1.0473697185516357,0.9097337785590748,4.5404815673828125,33,-0.07564024201461247,0.2091789511697633,-0.10194764605590276,0.28974930622747963,0.49178377964666914,0.0676020575421197,0.11927379348448344,1.1268440206437376,1.154471978877262,1.1108063488991609,1.0661682242990655,1.0220925385577322,1.1103064066852368,1.0447005903851563
full,16,19,115732.83355810231,-0.013196143322532161,-0.014103455066974968,-0.01681986854086601,0.1359409691650194,0.09267301648541568,0.4111614440168655,0.0004111614440168655,0.000508706375424351,0.20348255016974046,1.4069651003394807,0.9999999999999999,0.8139302134513855,0.8139302006789615,1.277242400732348e-08,False,1.0597139596939087,0.9204558501818192,4.841447830200195,34,-0.11603260253156938,0.14251673753772462,-0.08744994763817107,0.3725750797561237,0.4384343081286975,0.17585930760417665,0.0740971171430179,1.0452818452385757,1.0675310126503827,1.0426107204951207,0.982468443197756,0.9755301794453507,1.0065228299046662,1.0306781485468246
full,16,20,121464.56583220627,0.05058889632521324,0.04952555033767836,0.036491859340617924,0.17671463018982725,0.08563603368379823,0.5003346375056676,0.0005003346375056677,0.0005123207252472639,0.20492829009890556,1.4098565801978111,1.0,0.8197131752967834,0.8197131603956223,1.4901161193847656e-08,False,1.0097054243087769,0.8770189882501667,4.440828323364258,35,-0.11184132285416126,0.3701623138040304,-0.0930869672447443,0.27535400353372097,0.4549826141446829,0.028550084680318832,0.07587927393615246,1.0183883698313119,1.0599512631895773,1.0169313969075835,1.0549607423269096,1.023829431438127,1.175972083748754,1.0135770234986945
full,16,21,133622.38057902735,0.10107648737699781,0.10009351009920175,0.07019049631983205,0.25162237368718565,0.09434494355052689,0.38931468288813315,0.0003893146828881332,0.0005038260961217541,0.20153043844870164,1.403060876897403,0.9999999999999999,0.8061217069625854,0.8061217537948062,4.6832220768067145e-08,False,1.0505425930023193,0.9124897022904821,4.715921401977539,36,-0.11738057647432604,0.4767466762236186,-0.0841498619743756,0.21641118611608232,0.3248073437384197,0.09899850721870149,0.08456672515187943,1.0551013292304916,1.0682486990147664,1.0238423367924046,1.11468200270636,1.0955492037566352,1.1479440440864774,1.0770221535291085
full,16,22,136857.37013726702,0.025253391710822637,0.024209938067421444,0.011851393687005482,0.269312278179095,0.11677021609807688,0.5338244927780968,0.0005338244927780969,0.00048444572303976333,0.19377828921590534,1.3875565784318107,1.0,0.7751131653785706,0.7751131568636214,8.514949190185916e-09,False,1.089663028717041,0.9464692810115912,5.439330101013184,37,-0.1235367272581373,0.38755947457892553,-0.07024156195776804,0.18232768880469458,0.18732194708926336,0.3181212257061686,0.11844795303685324,1.0700646851823017,1.0958744957492952,1.07574187376562,1.0303490136570561,1.039508013417816,0.9737813884785819,0.9787132265008371
full,16,23,130570.2251695357,-0.045021634470712835,-0.045939396332293714,-0.039084442800857815,0.2341286087991541,0.07801546841833853,0.47131225253854475,0.00047131225253854475,0.0004901787878147194,0.19607151512588775,1.3921430302517752,0.9999999999999998,0.7842860817909241,0.7842860605035504,2.1287373641598606e-08,False,1.0832470655441284,0.9408964462074103,5.599658012390137,38,-0.13303341077906744,0.37684255731957295,-0.0630381043468203,0.2211831946458135,0.2591397155608449,0.10267870021717887,0.23622734738247733,0.9607720184563087,0.9483673729353325,0.9771948490503586,0.9664212076583212,0.9602007888131946,0.943875616230565,0.9630987292277614
full,16,24,130006.47425700462,-0.0031207532480533873,-0.004317606956709241,-0.007130635416235714,0.2308075380744964,0.0761912938315602,0.7048565069479601,0.0007048565069479601,0.0004964652777250324,0.19858611109001298,1.3971722221800258,1.0,0.7943443655967712,0.7943444443600516,7.876328034228663e-08,False,0.9541031122207642,0.8287234336083938,3.8136675357818604,39,-0.11224767805210184,0.49288394062646795,-0.08633843303791114,0.0901928296578782,0.4747408530009644,0.01814932322927884,0.12261916457542352,0.972334225393994,0.9770852563241543,0.9539229191567941,1.0146296860713198,1.00336071695295,1.0297308155885898,0.9807155544278103
full,17,1,96914.47030843502,-0.02909757041410077,-0.03085529691564981,-0.03688033040551122,-0.03183765728425425,0.10085346242513935,1.2897000994001115,0.0012897000994001116,0.0005223455492939269,0.20893821971757073,1.4178764394351413,1.0,0.8357529640197754,0.8357528788702826,8.514949279003758e-08,False,1.0019400119781494,0.8702740368003767,4.17091178894043,17,-0.0886439202087266,0.09607212564774922,-0.12029429950884413,0.46161667576857973,0.46894765964576174,0.1114179076892989,0.07088385096618108,0.9005749972130336,0.8982312353523753,0.906226913619528,0.9240097008892482,0.9984538074990336,0.9446202531645569,1.0361090641120116
full,17,2,99112.66257107495,0.023878045769484713,0.022681775545427607,0.01776356490442445,-0.008952815976351447,0.10242552806956703,0.6826874188014438,0.0006826874188014438,0.00048636744863220634,0.19454697945288255,1.389093958905765,1.0,0.7781878113746643,0.7781879178115299,1.0643686554345777e-07,False,1.0837035179138184,0.9412929156982264,5.111517429351807,18,0.12637381787811006,-0.08438737158264434,-0.11015960787023821,0.3912596308759281,0.37842049236808506,0.17603278692279542,0.12246025140796388,1.0878451084988776,1.105887779215494,1.080196082028685,1.0822397200349958,1.0007742934572201,0.9865996649916248,1.0035561877667143
full,17,3,112612.40950100594,0.13756474488331194,0.1362060767992197,0.11616440374945182,0.11199839837272363,0.09573621199246514,0.675536864570209,0.0006755368645702091,0.0005195424572697708,0.20781698290790832,1.4156339658158166,0.9999999999999999,0.8312678933143616,0.8312679316316332,3.831727157788123e-08,False,1.0566816329956055,0.9178220046770172,4.852336406707764,19,-0.09515746789319177,-0.11265951501471655,0.05480868262904029,0.4588318456496511,0.29045548928635456,0.27887824071305134,0.12484272462981086,1.0297288920628345,1.0344408881821956,1.0366536879752946,1.1059013742926436,1.085880077369439,1.2478777589134125,0.9968107725017719
full,17,4,119839.39410672206,0.06563840781638697,0.06417573904811591,0.04598664622702023,0.16554985323986404,0.15129617280240373,0.8505037490810667,0.0008505037490810668,0.0005230142176151276,0.20920568704605103,1.418411374092102,1.0,0.8368226885795593,0.8368227481842041,5.960464477539063e-08,False,1.0254478454589844,0.890692681524831,4.584726810455322,20,0.02862207591533661,-0.12104901671409607,0.17003238946199417,0.3765944764018059,0.16882988065481186,0.4651268646121025,-0.08815667033195496,1.0179242518378595,1.0261253529989354,1.0004892614601024,1.0303362573099413,1.0399002493765588,1.1047619047619048,0.9850693210095981
full,17,5,117798.98303982675,-0.016126411250826367,-0.017026213142217972,-0.021044668246683006,0.15109623683091622,0.1318210367547037,0.3839652176414217,0.0003839652176414217,0.0005310035443731717,0.21240141774926868,1.4248028354985374,1.0,0.8496056795120239,0.8496056709970747,8.514949190185916e-09,False,1.0386021137237549,0.9021183337665608,4.651198387145996,21,-0.09787788880722864,-0.11452352894204004,0.2051535557423319,0.3182618628655161,0.161679850092956,0.4930214892540659,0.03428465979439871,1.0393135068908235,1.0489629372043836,1.0256175982612805,1.038666193685704,0.984583761562179,0.9562807881773397,0.9945867917719236
full,17,6,110855.75728818092,-0.05763661198738412,-0.058941304691046414,-0.05901625047689511,0.09792686959830388,0.11693766488565537,0.868657614503588,0.0008686576145035881,0.0005167916949306215,0.2067166779722486,1.4134333559444974,1.0,0.8268666863441467,0.8268667118889947,2.554484801464696e-08,False,1.0353134870529175,0.8992618689341917,4.686033725738525,22,-0.1299863713128226,-0.07673030665942601,0.11719660141638347,0.4384437842028482,0.4005985004561288,0.17875811883381434,0.07171967306307384,0.9342222757517478,0.9192601541484278,0.933144921461059,0.9316939890710383,0.9439805149617257,0.9175788795878945,1.0359216255442671
full,17,7,116382.2699885598,0.051203094018809514,0.0498531861183551,0.03735041161632433,0.14076259201827013,0.10970621607283829,0.75947164531265,0.0007594716453126501,0.0005255087704530784,0.21020350818123137,1.4204070163624627,1.0,0.840813934803009,0.8408140327249254,9.792191635327185e-08,False,0.9740219116210938,0.8460246829397958,3.91668963432312,23,-0.10990464421255247,0.14469678221004348,-0.1002988639686789,0.41906907675521715,0.5388255071427142,0.04156615478651862,0.06604598728673797,1.068930144367124,1.074208932789611,1.0719290343572334,1.0821114369501466,1.0269074824917066,1.0224561403508772,1.0819614711033276
full,17,8,117401.26395387643,0.009928951271815478,0.008755577335076925,0.0008603327350227286,0.1482204140554475,0.13194978604309293,0.6391167896134513,0.0006391167896134513,0.0005233967703367983,0.20935870813471932,1.4187174162694385,1.0,0.8374348282814026,0.837434832538877,4.257474373048353e-09,False,0.9732381105422974,0.8453438819729336,4.047823905944824,24,-0.12667319231799673,0.059800624315227785,0.04267068526574544,0.4692005807799952,0.46966332143970896,0.16802349633404187,-0.0826855158167226,1.0131281613727836,1.0211309798074761,1.0099364281396368,1.0027100271002711,1.007896625987078,1.037748798901853,1.0171576561994171
full,17,9,115261.39824110287,-0.01707089384354965,-0.018226939308032097,-0.021040199980252337,0.13240684629887267,0.10453264447355008,0.6612898004906518,0.0006612898004906518,0.0005155253091028759,0.20621012364115035,1.4124202472823006,0.9999999999999999,0.8248405456542969,0.8248404945646013,5.108969558520471e-08,False,0.980955183506012,0.8520468463821057,4.2400712966918945,25,-0.11669916020972387,0.2753150228943143,-0.08951096343142648,0.3985921804394041,0.45951361102717264,0.05031835553901534,0.022470953741243888,0.9819083802034764,0.9740025585719445,0.9828400247399243,0.9851351351351353,0.9754273504273504,1.0244708994708993,1.1078930617441118
full,17,10,115658.42419208579,0.004413008291467513,0.003444569969144551,-0.0019002680799344905,0.13538507291159563,0.09756989385314893,0.4612402213471276,0.0004612402213471276,0.0005034082755446434,0.20136331021785736,1.4027266204357147,1.0,0.8054531812667847,0.8054532408714294,5.960464477539063e-08,False,0.9336297512054443,0.8109404981784608,3.8232076168060303,26,-0.09713321179151535,0.48636918514966965,-0.10423009842634201,0.22184903174638748,0.45595400780439377,0.019295915961265564,0.0178951695561409,1.0171811676906573,1.0045787328777878,1.0194502657857352,1.0099451303155005,1.0087623220153341,1.013557133634603,0.9675380637747775
full,17,11,117991.93874959464,0.02086966258347811,0.020175915190002502,0.013523790450125339,0.1524844742807182,0.07151221837994483,0.20327982519354146,0.00020327982519354146,0.00047651628298418856,0.19060651319367544,1.381213026387351,1.0,0.7624260783195496,0.762426052774702,2.554484757055775e-08,False,0.9714354276657104,0.8437780915210873,3.8868885040283203,27,-0.09704247915319034,0.5272413561386722,-0.0935640340404851,0.17723280883261136,0.3989303181213992,0.031298323933567324,0.05590370616742543,1.0204317810759416,1.036630597940096,1.0048074160114426,1.0196943972835313,1.0007238508867176,1.024203821656051,0.9902019002375297
full,17,12,118811.65540618138,0.007754471336790969,0.0069472259314795615,0.0021139624745104917,0.15833173388477728,0.07466594259097165,0.3148030319384165,0.00031480303193841654,0.00048655177865709583,0.19462071146283833,1.3892414229256764,0.9999999999999999,0.7784827947616577,0.7784828458513529,5.10896951411155e-08,False,1.0126848220825195,0.8796068602752293,4.149001121520996,28,-0.10184024540441378,0.5551936003778661,-0.09278046605842455,0.12305365236742155,0.3005057248686041,0.04009095685822622,0.1757767769907202,1.034047030048888,1.0449943420211207,1.037165241936394,0.9783549783549785,0.9924050632911392,0.9950248756218906,0.9706146926536732
full,17,13,124245.03084659862,0.04647833231776244,0.045730996860890105,0.03368000519706595,0.19513883719448855,0.06254196225290629,0.20785907230206907,0.00020785907230206908,0.0005065393181783814,0.20261572727135255,1.405231454542705,0.9999999999999998,0.8104628324508667,0.8104629090854099,7.663454315576246e-08,False,0.9975067973136902,0.8664233954686423,4.241362571716309,29,-0.11103064779724398,0.5152302288583346,-0.09158507947410857,0.08543927754674638,0.3339046740106174,0.022929569440228587,0.24511197741542542,1.028589803182445,1.0354429604664128,1.0173620255284004,1.0408441116405716,1.0557580174927113,1.08125,1.0367624343527957
full,17,14,125747.87208131824,0.012943245206523235,0.012095785436885054,0.005970970217102508,0.2047579148271208,0.07296214831059496,0.3459079819066184,0.0003459079819066184,0.000491073237998145,0.196429295199258,1.3928585903985158,0.9999999999999999,0.7857171893119812,0.7857171807970316,8.514949634275126e-09,False,1.063109278678894,0.9234049867807802,4.66381311416626,30,-0.11299863351242884,0.526864298752376,-0.08343066168682917,0.10635707633835928,0.2078025426183428,0.15517727392060415,0.2002281035695757,1.0293303784225487,1.0479104071466634,1.0217829114307377,0.9565075212557227,0.9206075250258889,1.0710982658959536,1.0146007151370682
full,17,15,120794.66690235681,-0.038407801956600096,-0.039389972148063945,-0.03658627962237613,0.17214888236055959,0.07954494311629824,0.5127923877111503,0.0005127923877111504,0.0005091295138533626,0.20365180554134504,1.4073036110826902,1.0,0.8146072626113892,0.8146072221653804,4.0446008764405406e-08,False,0.9528711438179016,0.8276533594499091,3.7242960929870605,31,-0.10635292769542762,0.5521401813519853,-0.09729887784591743,0.09437974302896432,0.4322771480573075,0.02653216517397336,0.09832256792911462,0.8883429458072976,0.9111819056684046,0.8713745250537601,0.9620512820512821,0.9591301087364079,1.0766324878575284,1.0555066079295152
full,17,16,112430.68274511411,-0.06871540410089405,-0.06924133632491936,-0.06642622661870248,0.11056308155039041,0.09680851617066606,0.10482969986540921,0.00010482969986540922,0.00046006828014339725,0.1840273120573589,1.3680546241147176,0.9999999999999999,0.73610919713974,0.7361092482294351,5.10896951411155e-08,False,0.9278963804244995,0.8059605555927214,3.4807260036468506,32,-0.08463984621422632,0.5596234138522829,-0.09938746584313257,0.10239138560635702,0.43991550164563314,0.03410070495946066,0.04799630599362509,0.8748807130139254,0.8987705690454519,0.8625624855383022,0.9506041222459132,0.9378420641125881,0.8997493734335839,0.9897050639955481
full,17,17,118392.22510242547,0.05423238113339113,0.05302415863493826,0.040042630391374755,0.1553499403065841,0.09488456729637892,0.703165773834501,0.000703165773834501,0.0004435599409043788,0.17742397636175156,1.3548479527235031,1.0,0.7096958756446838,0.7096959054470062,2.9802322387695312e-08,False,1.0476815700531006,0.9100046493315936,4.540642738342285,33,-0.07584382593631744,0.21023321151733398,-0.10158015042543411,0.2868973910808563,0.49251872301101685,0.06668897718191147,0.12108567357063293,1.1268440206437376,1.154471978877262,1.1108063488991609,1.0661682242990655,1.0220925385577322,1.1103064066852368,1.0447005903851563
full,17,18,116746.56988827558,-0.012992235719598622,-0.013900027748664834,-0.016952087112079968,0.14344378515190437,0.10091863914800453,0.41212720743247433,0.00041212720743247433,0.0005080375421260084,0.20321501685040336,1.4064300337008067,1.0,0.8128599524497986,0.8128600674016133,1.1495181473364369e-07,False,1.0609118938446045,0.9214963625644805,4.855585098266602,34,-0.11618201008864809,0.14410421677998134,-0.08703300676175527,0.3705611122506005,0.4381860388176782,0.1745417160647256,0.07582193293741771,1.0452818452385757,1.0675310126503827,1.0426107204951207,0.982468443197756,0.9755301794453507,1.0065228299046662,1.0306781485468246
full,17,19,122517.03645668639,0.05049241648093661,0.049427290017454384,0.03663131439677742,0.18378698267523685,0.07423766253110124,0.5025338871138436,0.0005025338871138436,0.0005119111428835563,0.2047644571534225,1.409528914306845,1.0,0.8190577626228333,0.81905782861369,6.599085677905236e-08,False,1.0101938247680664,0.8774432074990236,4.443366527557373,35,-0.11196008404450758,0.3727720297340836,-0.09280437310891493,0.27134316334767,0.4544508374695267,0.028264087757893963,0.07793433884424822,1.0183883698313119,1.0599512631895773,1.0169313969075835,1.0549607423269096,1.023829431438127,1.175972083748754,1.0135770234986945
full,17,20,134759.15183538935,0.10090170465002823,0.0999217393168903,0.07024023913420713,0.25793537108224207,0.07816298545596191,0.3869062294917447,0.0003869062294917447,0.0005036380807203907,0.2014552322881563,1.4029104645763124,0.9999999999999999,0.805820882320404,0.8058209291526248,4.6832220768067145e-08,False,1.0507760047912598,0.9126924411943781,4.7150139808654785,36,-0.11757689182247438,0.47812208320413313,-0.0838783404656819,0.21412321712289537,0.32383447672639576,0.0983161979487964,0.08705925728593553,1.0551013292304916,1.0682486990147664,1.0238423367924046,1.11468200270636,1.0955492037566352,1.1479440440864774,1.0770221535291085
full,17,21,138024.38049981443,0.025271939056694448,0.024230106971982357,0.011790196356531382,0.2754903181750963,0.11529501472645659,0.5324903024094445,0.0005324903024094445,0.0004841782844492368,0.1936713137796947,1.3873426275593894,1.0,0.774685263633728,0.7746852551187788,8.514949190185916e-09,False,1.0896694660186768,0.9464748723807487,5.442017078399658,37,-0.12374748183148249,0.3886470805321421,-0.06992383194821222,0.18102517830474035,0.1863329570208277,0.3167165826473917,0.1209495152745928,1.0700646851823017,1.0958744957492952,1.07574187376562,1.0303490136570561,1.039508013417816,0.9737813884785819,0.9787132265008371
full,17,22,131684.01318751584,-0.045020038311679,-0.04593657504086468,-0.038522356036177874,0.2406063759797351,0.07276827681633408,0.47025178372859955,0.0004702517837285996,0.0004899535274931363,0.19598141099725452,1.391962821994509,1.0,0.7839256525039673,0.7839256439890181,8.514949190185916e-09,False,1.082445740699768,0.940200424291175,5.59192419052124,38,-0.13317558062928064,0.3776530038033213,-0.06280583036797388,0.21933727072817938,0.2580134581242289,0.1020128663097109,0.23896481203181402,0.9607720184563087,0.9483673729353325,0.9771948490503586,0.9664212076583212,0.9602007888131946,0.943875616230565,0.9630987292277614
full,17,23,131109.4820527075,-0.003167190151697974,-0.0043629528057459455,-0.007537339761147692,0.23727865876398724,0.0841924509079964,0.7040428588432924,0.0007040428588432925,0.0004962390860808748,0.19849563443234994,1.3969912688646997,0.9999999999999998,0.7939826250076294,0.7939825377293994,8.727822997656176e-08,False,0.9541758298873901,0.828786595371099,3.8162457942962646,39,-0.1123853552022151,0.49246369275663576,-0.08611027923013484,0.08921371373747075,0.474433973165495,0.018091210829360133,0.12429304394338811,0.972334225393994,0.9770852563241543,0.9539229191567941,1.0146296860713198,1.00336071695295,1.0297308155885898,0.9807155544278103
full,17,24,141597.50928866502,0.08070431663222943,0.07999442200329354,0.052572952697278394,0.2937728883624856,0.07842553802439946,0.180343889764377,0.00018034388976437702,0.000476753411016294,0.19070136440651758,1.381402728813035,1.0,0.7628054618835449,0.7628054576260701,4.257474817137563e-09,False,0.9175777435302734,0.79699790146487,3.448228120803833,40,-0.09982215932437352,0.5644558040159089,-0.09087920508214406,0.05033357867172786,0.45076301374605726,0.023707848574434004,0.10144111939838954,1.1075456274694473,1.1179570958597118,1.1183717604729042,1.0432562331030337,1.0900632675846669,0.9914163090128755,0.9314359637774902
full,18,1,101930.89660537058,0.02086638971090493,0.0193089660537058,0.013857518793716186,0.018943192591017066,0.10171347594601758,1.034988916346005,0.001034988916346005,0.0004917660807924612,0.19670643231698448,1.393412864633969,0.9999999999999999,0.7868258357048035,0.7868257292679379,1.0643686554345777e-07,False,1.0797940492630005,0.9378971943737785,5.008909225463867,18,0.1231686866709164,-0.08918453540120808,-0.1075218969157764,0.358454415840762,0.42715025906051907,0.16046121184315,0.12747185890163693,1.0878451084988776,1.105887779215494,1.080196082028685,1.0822397200349958,1.0007742934572201,0.9865996649916248,1.0035561877667143
full,18,2,114995.87770536958,0.12959648589094908,0.12817488646823727,0.10597765382638398,0.13040361102152254,0.1096552920824297,0.7393443733453751,0.0007393443733453751,0.0005199501929538591,0.20798007718154365,1.4159601543630873,0.9999999999999999,0.831920325756073,0.8319203087261746,1.7029898380371833e-08,False,1.0720984935760498,0.9312129196337348,5.0100812911987305,19,-0.09858367379222599,-0.10939640338931766,0.06595468733991894,0.44996319179024014,0.2994423008390835,0.24599730436291012,0.14662259284939083,1.0297288920628345,1.0344408881821956,1.0366536879752946,1.1059013742926436,1.085880077369439,1.2478777589134125,0.9968107725017719
full,18,3,121910.956348401,0.061468004570665036,0.06013327417482306,0.04120624618395148,0.17972918107362856,0.16238647736309092,0.7422607163233417,0.0007422607163233417,0.0005159687024674245,0.20638748098696982,1.4127749619739396,0.9999999999999999,0.8255499005317688,0.8255499239478792,2.3416110384033573e-08,False,1.0381102561950684,0.9016911117453785,4.6938652992248535,20,-0.09155112425131459,-0.11483635673565523,0.2026645027633224,0.32827927997069695,0.17281001141028743,0.4733852975602661,0.02924838928239684,1.0179242518378595,1.0261253529989354,1.0004892614601024,1.0303362573099413,1.0399002493765588,1.1047619047619048,0.9850693210095981
full,18,4,119765.40001763946,-0.016936418229041017,-0.017599372484864317,-0.020051561715900855,0.16503430886323056,0.10713379011005703,0.1637198057557854,0.0001637198057557854,0.0005108834537012237,0.20435338148048948,1.4087067629609789,0.9999999999999999,0.8174135088920593,0.8174135259219577,1.7029898380371833e-08,False,1.0513116121292114,0.9131576638170568,4.726151466369629,21,-0.10306958322014129,-0.1012837982603482,0.2402275108865329,0.26429105337177006,0.16645679410014833,0.49195933874164305,0.04141868438039506,1.0393135068908235,1.0489629372043836,1.0256175982612805,1.038666193685704,0.984583761562179,0.9562807881773397,0.9945867917719236
full,18,5,113200.57583953378,-0.05339465489794937,-0.05481402957063386,-0.05385969780285352,0.1166122675757949,0.10875313030835712,0.9931879426751817,0.0009931879426751818,0.0005073739082685539,0.20294956330742156,1.405899126614843,1.0,0.8117982745170593,0.8117982532296861,2.1287373197509396e-08,False,1.0317802429199219,0.8961929320738377,4.804348945617676,22,-0.1393966536436762,-0.06355290966374535,0.1313499201621328,0.4084715832556997,0.4154596616114889,0.14057002855198722,0.10709836972611289,0.9342222757517478,0.9192601541484278,0.933144921461059,0.9316939890710383,0.9439805149617257,0.9175788795878945,1.0359216255442671
full,18,6,118805.34358918239,0.050883299581033326,0.049511830731264084,0.03569248733181869,0.15828701825239022,0.11964526689553252,0.7870767244270869,0.0007870767244270868,0.0005188385530241899,0.20753542120967594,1.4150708424193517,0.9999999999999999,0.8301417231559753,0.8301416848387033,3.831727202197044e-08,False,0.9832441806793213,0.8540350440650264,3.9991261959075928,23,-0.11024442953722818,0.17073705153805868,-0.09729099167244776,0.38165644662720816,0.5455558385167802,0.0367939035807337,0.07279218094689505,1.068930144367124,1.074208932789611,1.0719290343572334,1.0821114369501466,1.0269074824917066,1.0224561403508772,1.0819614711033276
full,18,7,119836.66229777272,0.009890069767396925,0.008680743453396644,0.00032081060588337856,0.16553083102800503,0.13846004339462864,0.6829250646489007,0.0006829250646489007,0.0005152756135378564,0.20611024541514258,1.4122204908302853,1.0,0.8244408369064331,0.8244409816605707,1.447541375654282e-07,False,0.9775471687316895,0.8490866823606397,4.086953639984131,24,-0.12848284787365366,0.0713930284338338,0.04571475514343806,0.4586231564836843,0.47209532612136434,0.15828397923282214,-0.07762739754148892,1.0131281613727836,1.0211309798074761,1.0099364281396368,1.0027100271002711,1.007896625987078,1.037748798901853,1.0171576561994171
full,18,8,117551.1185702596,-0.017811964358265153,-0.019072157749470353,-0.02130672715675173,0.14930626593543983,0.10164324128373056,0.7766966574958394,0.0007766966574958394,0.0005071741302630731,0.20286965210522925,1.4057393042104585,0.9999999999999999,0.8114786148071289,0.8114786084209169,6.38621200366174e-09,False,0.979363739490509,0.8506645356737239,4.274895668029785,25,-0.11691995630306856,0.34500119169907906,-0.08594969580216069,0.3450342126722846,0.4482758053179298,0.03900856604533534,0.025549876370600272,0.9819083802034764,0.9740025585719445,0.9828400247399243,0.9851351351351353,0.9754273504273504,1.0244708994708993,1.1078930617441118
full,18,9,117924.33072317162,0.00409374679863439,0.0031748923995900125,-0.0018086722134880101,0.15199857920117543,0.09001970958447224,0.4147796566997254,0.0004147796566997254,0.0005007474882794278,0.20029899531177114,1.4005979906235422,0.9999999999999998,0.8011959195137024,0.8011959812470844,6.17333819619148e-08,False,0.9214098453521729,0.8003264228155547,3.6616506576538086,26,-0.097586937514799,0.5156776827893086,-0.10271205779697215,0.17918073359344686,0.4656561237892934,0.018173044281346445,0.021611410858375674,1.0171811676906573,1.0045787328777878,1.0194502657857352,1.0099451303155005,1.0087623220153341,1.013557133634603,0.9675380637747775
full,18,10,120237.41365020769,0.020369866086309862,0.019614976085520874,0.012237095583561047,0.16831211713420557,0.08152884698938193,0.2607853636145591,0.0002607853636145591,0.0004793084053588766,0.19172336214355062,1.3834467242871011,0.9999999999999999,0.7668933868408203,0.7668934485742023,6.17333819619148e-08,False,0.9742852449417114,0.8462534113558868,3.835489273071289,27,-0.09929498684193408,0.5513844450137444,-0.09242837530161654,0.12820201713059629,0.3879502077719995,0.031073340880019312,0.09311335134719098,1.0204317810759416,1.036630597940096,1.0048074160114426,1.0196943972835313,1.0007238508867176,1.024203821656051,0.9902019002375297
full,18,11,120935.86644430751,0.006704081495649605,0.005808947256065844,0.0013176347322635595,0.17311544589585215,0.0697138805876603,0.40147731399961883,0.00040147731399961886,0.0004880913852580956,0.19523655410323826,1.3904731082064763,0.9999999999999999,0.7809461951255798,0.7809462164129526,2.1287372753420186e-08,False,0.9934790134429932,0.862924906849957,4.022563457489014,28,-0.10315731433885439,0.5651563975427831,-0.09207923976438387,0.0768300566290106,0.2424458387706961,0.03469930695635931,0.276104954204389,1.034047030048888,1.0449943420211207,1.037165241936394,0.9783549783549785,0.9924050632911392,0.9950248756218906,0.9706146926536732
full,18,12,126275.87251458313,0.0448641677852073,0.04415568538333292,0.03193772307631216,0.208083080253899,0.060598225634693574,0.16852189387593938,0.0001685218938759394,0.0005097698207412446,0.20390792829649787,1.4078158565929957,0.9999999999999999,0.815631628036499,0.8156317131859914,8.514949234594837e-08,False,0.9680648446083069,0.8408504402758333,4.031088352203369,29,-0.11162593162485529,0.5326056411223752,-0.09228199667164258,0.04938636028340884,0.26587384247354096,0.01910418697765895,0.33693789743951386,1.028589803182445,1.0354429604664128,1.0173620255284004,1.0408441116405716,1.0557580174927113,1.08125,1.0367624343527957
full,18,13,128491.58693593588,0.018352027133541116,0.017546617395946873,0.010537231464662539,0.22173892949225837,0.06237235547393694,0.3010158698473657,0.00030101586984736576,0.0004901922600609917,0.19607690402439668,1.3921538080487932,0.9999999999999998,0.7843077182769775,0.7843076160975864,1.0217939117040942e-07,False,1.028584599494934,0.8934172314626324,4.3057169914245605,30,-0.11341331366981783,0.5457894929817744,-0.08266359035457885,0.07074019099984849,0.16110695685659135,0.1254560330084392,0.2929842301777431,1.0293303784225487,1.0479104071466634,1.0217829114307377,0.9565075212557227,0.9206075250258889,1.0710982658959536,1.0146007151370682
full,18,14,123978.83777684323,-0.03411508840471722,-0.03512096991488356,-0.03250579041166775,0.19341073207997106,0.0835518599876087,0.5294109907533444,0.0005294109907533444,0.0005125409324786493,0.20501637299145975,1.4100327459829194,1.0,0.8200654983520508,0.8200654919658388,6.38621200366174e-09,False,0.9560774564743042,0.8304383272377736,3.7794711589813232,31,-0.1070344142083611,0.5600705154772316,-0.09798195878309865,0.06630315711455684,0.4051525302763496,0.024614023842981864,0.14887614628033977,0.8883429458072976,0.9111819056684046,0.8713745250537601,0.9620512820512821,0.9591301087364079,1.0766324878575284,1.0555066079295152
full,18,15,115390.56715682278,-0.06868235077481288,-0.0692720691210138,-0.06411484602098508,0.13337803544986548,0.08164298781758994,0.176715737474816,0.000176715737474816,0.00045669342524238995,0.182677370096956,1.365354740193912,0.9999999999999998,0.7307093739509583,0.7307094803878238,1.0643686554345777e-07,False,0.9263051748275757,0.8045784519720862,3.443031072616577,32,-0.08513754819120681,0.5668626331857272,-0.0975398219057492,0.0838636883667537,0.43761240478072844,0.03382036622081483,0.06051827754293168,0.8748807130139254,0.8987705690454519,0.8625624855383022,0.9506041222459132,0.9378420641125881,0.8997493734335839,0.9897050639955481
full,18,16,121579.18066554006,0.054818474474634726,0.05363188396766061,0.03918407507303944,0.17749075579727425,0.09857290548738638,0.6833329626492091,0.0006833329626492091,0.00044222413429192145,0.17688965371676857,1.3537793074335371,0.9999999999999999,0.7075585722923279,0.7075586148670743,4.257474639501879e-08,False,1.0523488521575928,0.9140585990585272,4.584860324859619,33,-0.07722148831401554,0.2273244953581265,-0.09966816540275303,0.2508791929909161,0.49477940265621456,0.05938881848539623,0.14451774422611507,1.1268440206437376,1.154471978877262,1.1108063488991609,1.0661682242990655,1.0220925385577322,1.1103064066852368,1.0447005903851563
full,18,17,120299.12777023338,-0.009625755899629218,-0.01052855339458214,-0.013770010748430407,0.16873877763273493,0.10036065167782174,0.41160830216748373,0.00041160830216748374,0.0005003794974514417,0.20015179898057667,1.4003035979611533,1.0,0.8006072044372559,0.8006071959223067,8.514949190185916e-09,False,1.07923424243927,0.9374109523448226,5.087644100189209,34,-0.11568722022431238,0.17195977377040045,-0.08446457875626429,0.34057936178786413,0.4288953255329813,0.16028921412570135,0.09842812376362936,1.0452818452385757,1.0675310126503827,1.0426107204951207,0.982468443197756,0.9755301794453507,1.0065228299046662,1.0306781485468246
full,18,18,126097.62745862445,0.04927981277607918,0.04820067938868178,0.03403562166161411,0.20696366763274499,0.0837853667679189,0.5212844652788979,0.000521284465278898,0.0005076962443334717,0.20307849773338868,1.4061569954667772,0.9999999999999998,0.8123140335083008,0.8123139909335544,4.257474639501879e-08,False,1.0145626068115234,0.8812378833672464,4.45849609375,35,-0.11191871975149431,0.40590459640536986,-0.09115977798189437,0.22244214053664887,0.4430880003741809,0.024479401963097697,0.1071643584540912,1.0183883698313119,1.0599512631895773,1.0169313969075835,1.0549607423269096,1.023829431438127,1.175972083748754,1.0135770234986945
full,18,19,138420.2611898151,0.09867228804652228,0.09772296259288438,0.06614051834739931,0.2775624092858022,0.08916446611315856,0.36375455132552553,0.00036375455132552553,0.0005006850457617215,0.2002740183046886,1.4005480366093772,1.0,0.8010960817337036,0.8010960732187544,8.514949190185916e-09,False,1.0526933670043945,0.9143578408523266,4.682306289672852,36,-0.11817696584122522,0.498351157775947,-0.08209705246346338,0.18617045985800879,0.3037406514797892,0.09062622593981878,0.12138552325112478,1.0551013292304916,1.0682486990147664,1.0238423367924046,1.11468200270636,1.0955492037566352,1.1479440440864774,1.0770221535291085
full,18,20,141828.57481807412,0.025641642723782443,0.024622938859978127,0.012619376310864917,0.2949234656819215,0.09483360170508745,0.5128236966473716,0.0005128236966473717,0.0004809055583817619,0.19236222335270478,1.3847244467054094,0.9999999999999999,0.7694488763809204,0.7694488934108188,1.7029898380371833e-08,False,1.0872948169708252,0.9444122784248712,5.400705337524414,37,-0.12460105334009447,0.40764367367540083,-0.06776117001261031,0.16266630377088273,0.16796453084264482,0.30113354112420765,0.15295417393956864,1.0700646851823017,1.0958744957492952,1.07574187376562,1.0303490136570561,1.039508013417816,0.9737813884785819,0.9787132265008371
full,18,21,135307.35840372398,-0.04507255990521286,-0.04597956668968162,-0.03768187336275239,0.26094189421964387,0.0740060380094948,0.4630819080131394,0.00046308190801313946,0.00048718694464436606,0.19487477785774643,1.3897495557154929,0.9999999999999999,0.7794991135597229,0.7794991114309857,2.1287371865241766e-09,False,1.0715022087097168,0.9306949931795531,5.435541152954102,38,-0.13360024403248516,0.3933509646781853,-0.06127453382526127,0.19650248278464588,0.23849978138293537,0.09288448680724415,0.2736370622047356,0.9607720184563087,0.9483673729353325,0.9771948490503586,0.9664212076583212,0.9602007888131946,0.943875616230565,0.9630987292277614
full,18,22,133543.88509994486,-0.01169804505894545,-0.013033092394852286,-0.0132736747638572,0.2511824863777211,0.07028533843868898,0.8583594007151468,0.0008583594007151469,0.0004934034549764224,0.197361381990569,1.394722763981138,1.0,0.7894454598426819,0.7894455279622759,6.811959396557654e-08,False,0.9554223418235779,0.8298693018821247,3.8369734287261963,39,-0.11116122188312666,0.49127274272697313,0.018181576260498572,0.07535560695188384,0.46786257145660265,-0.08620016010744233,0.14468888459461074,0.972334225393994,0.9770852563241543,0.9539229191567941,1.0146296860713198,1.00336071695295,1.0297308155885898,0.9807155544278103
full,18,23,143954.24463364127,0.07888231680194613,0.07795459541936522,0.05027091577609057,0.305334828754118,0.07762853200612614,0.38720566460064476,0.00038720566460064476,0.0004730554284261806,0.18922217137047226,1.3784443427409445,0.9999999999999999,0.7568886876106262,0.756888685481889,2.1287371865241766e-09,False,0.9200067520141602,0.7991077114269665,3.4725663661956787,40,-0.09976578104708878,0.5643120373466185,-0.08945639032338348,0.04531490084316048,0.4415242637374571,0.02296793673719677,0.11510303270603928,1.1075456274694473,1.1179570958597118,1.1183717604729042,1.0432562331030337,1.0900632675846669,0.9914163090128755,0.9314359637774902
full,18,24,148178.70660041025,0.03073449855460808,0.0293458659556729,0.015393255343711535,0.3251392032347302,0.0882223827380139,0.8513433448970318,0.0008513433448970318,0.0004967912552612169,0.19871650210448677,1.3974330042089735,0.9999999999999999,0.7948659062385559,0.7948660084179471,1.0217939117040942e-07,False,1.0731755495071411,0.932148438528883,5.697497367858887,41,-0.14205599363361088,0.31064238612140926,-0.05666050847087589,0.17199181978191647,0.31181245510067257,0.11747074340070995,0.2867990976997784,1.03712146290818,1.0565291374240031,1.0326546656799105,1.0463576158940397,0.9351314441789006,1.1279024006296734,1.0611111111111111
full,19,1,113003.27808555335,0.13196020949836496,0.1300327808555335,0.10985766502980435,0.11506991926118049,0.10424508462752283,1.1821399054356982,0.0011821399054356982,0.0005220467277935573,0.20881869111742293,1.4176373822348458,0.9999999999999999,0.8352748155593872,0.8352747644696916,5.108969558520471e-08,False,1.0644997358322144,0.9246127225188,4.916313648223877,19,-0.1014321457062449,-0.10738654541117804,0.06520005954163413,0.4493264396275793,0.3226771195019994,0.247637822159699,0.12397725028651099,1.0297288920628345,1.0344408881821956,1.0366536879752946,1.1059013742926436,1.085880077369439,1.2478777589134125,0.9968107725017719
full,19,2,119798.3236788515,0.061430202160811964,0.06013140245501303,0.041311861678705604,0.1652637789150182,0.17763995950264216,0.7067802426006113,0.0007067802426006113,0.0005176007654517889,0.20704030618071556,1.4140806123614311,1.0,0.8281611800193787,0.8281612247228622,4.470348358154297e-08,False,1.0414748191833496,0.9046135340250315,4.734617233276367,20,-0.09468014352023602,-0.11236016266047955,0.19298525340855122,0.3318152744323015,0.1869946140795946,0.46649074740707874,0.02875441685318947,1.0179242518378595,1.0261253529989354,1.0004892614601024,1.0303362573099413,1.0399002493765588,1.1047619047619048,0.9850693210095981
full,19,3,117633.9997966998,-0.017399159662860986,-0.018066395385912926,-0.02066145990465166,0.14990563805681723,0.10606638092901371,0.16586802101561,0.00016586802101561,0.0005134132717336927,0.2053653086934771,1.4107306173869543,1.0,0.8214612603187561,0.8214612347739085,2.554484757055775e-08,False,1.0541870594024658,0.915655245584613,4.778322696685791,21,-0.10721065529755186,-0.09815465339592525,0.22780700347253255,0.2635996671659606,0.18480672261544637,0.4879972072584288,0.04115470818110875,1.0393135068908235,1.0489629372043836,1.0256175982612805,1.038666193685704,0.984583761562179,0.9562807881773397,0.9945867917719236
full,19,4,111091.86483569934,-0.05424123828863836,-0.0556143204541788,-0.05538473228673401,0.09984407816093266,0.10646344781698891,0.9433621242642402,0.0009433621242642402,0.0005095240966017758,0.2038096386407103,1.4076192772814204,1.0,0.8152385950088501,0.8152385545628409,4.0446009208494615e-08,False,1.0266947746276855,0.8917757504394133,4.789859771728516,22,-0.1417305251317365,-0.0620791135089738,0.12460039502808026,0.4023616085095065,0.422509170536484,0.15404262340494565,0.10029584116169385,0.9342222757517478,0.9192601541484278,0.933144921461059,0.9316939890710383,0.9439805149617257,0.9175788795878945,1.0359216255442671
full,19,5,116588.85407023935,0.050839627809655674,0.04948147411756798,0.036346769567747544,0.1422850769272107,0.12188458397061,0.7740888244339398,0.0007740888244339398,0.0005191933124193124,0.20767732496772495,1.4153546499354497,0.9999999999999999,0.8307092189788818,0.8307092998708994,8.089201752881081e-08,False,0.9837049245834351,0.8544352411352808,4.004832744598389,23,-0.11114283917205675,0.1717319834445204,-0.0965344857956682,0.3811225193951811,0.5451547998402799,0.03783708917243139,0.07183093311531202,1.068930144367124,1.074208932789611,1.0719290343572334,1.0821114369501466,1.0269074824917066,1.0224561403508772,1.0819614711033276
full,19,6,117624.47073482597,0.01008490708544052,0.008882638677988108,0.0016371014053494712,0.14983676971910698,0.11829182773093597,0.6762273950236184,0.0006762273950236184,0.0005147462311599936,0.2058984924639974,1.411796984927995,1.0,0.8235940933227539,0.82359396985599,1.234667639238296e-07,False,0.9792391657829285,0.8505563323261389,4.114471912384033,24,-0.1290429825229304,0.0732499813394887,0.04478180089167186,0.45285011881164144,0.4721096908407552,0.16290690058044024,-0.07685550994106702,1.0131281613727836,1.0211309798074761,1.0099364281396368,1.0027100271002711,1.007896625987078,1.037748798901853,1.0171576561994171
full,19,7,115400.30383321087,-0.017651249881860287,-0.018909049177609383,-0.021403257279834796,0.13345115499408977,0.10035285109635182,0.7742891130702837,0.0007742891130702838,0.0005069312546402215,0.20277250185608864,1.4055450037121773,1.0,0.8110898733139038,0.8110900074243546,1.341104507446289e-07,False,0.9814744591712952,0.8524978834941439,4.2872700691223145,25,-0.117665259167552,0.3458156455308199,-0.08510724268853664,0.33836873061954975,0.45079212076961994,0.041450345888733864,0.02634565904736519,0.9819083802034764,0.9740025585719445,0.9828400247399243,0.9851351351351353,0.9754273504273504,1.0244708994708993,1.1078930617441118
full,19,8,115767.44076645146,0.004095040574600306,0.003181420854586392,-0.001648088262628685,0.13619926865499776,0.08792403847073353,0.409288477152586,0.000409288477152586,0.0005010193958878517,0.20040775835514069,1.4008155167102814,1.0,0.801630973815918,0.8016310334205627,5.960464477539063e-08,False,0.9217274188995361,0.8006022636939913,3.661480665206909,26,-0.09842773899435997,0.5145525224506855,-0.10198001936078072,0.17815356329083443,0.4674619622528553,0.018516894429922104,0.021722815930843353,1.0171811676906573,1.0045787328777878,1.0194502657857352,1.0099451303155005,1.0087623220153341,1.013557133634603,0.9675380637747775
full,19,9,118023.13656536347,0.020237522706164635,0.01948471680792041,0.012671453674832934,0.15270850351771426,0.0767556237576712,0.25717366167477196,0.00025717366167477197,0.0004809718738709177,0.1923887495483671,1.384777499096734,1.0,0.7695549130439758,0.7695549981934682,8.514949234594837e-08,False,0.9715438485145569,0.8438722646738418,3.8180298805236816,27,-0.10032522625156812,0.5502892663436276,-0.09206352329679898,0.12382565491965838,0.3951005270438535,0.031019051160131178,0.09215425008109637,1.0204317810759416,1.036630597940096,1.0048074160114426,1.0196943972835313,1.0007238508867176,1.024203821656051,0.9902019002375297
full,19,10,118723.96365575884,0.006819731902265813,0.005938048341964208,0.0015765462550238682,0.15771006188817227,0.06850024230868293,0.3873327895998955,0.0003873327895998955,0.0004887623127017702,0.1955049250807081,1.391009850161416,0.9999999999999999,0.782019853591919,0.7820197003228322,1.5326908675561413e-07,False,0.9927329421043396,0.8622768775189902,4.026497840881348,28,-0.10382279327937535,0.5638437462704522,-0.09168213180133275,0.07464696892670222,0.2541103852646691,0.0343630952494485,0.26854072936943596,1.034047030048888,1.0449943420211207,1.037165241936394,0.9783549783549785,0.9924050632911392,0.9950248756218906,0.9706146926536732
full,19,11,123999.91173597367,0.04513814277847272,0.04443877981965372,0.033009478852828726,0.19354781305873336,0.05656544635464732,0.16111414081283987,0.00016111414081283987,0.0005082682373800449,0.20330729495201794,1.4066145899040357,0.9999999999999999,0.8132291436195374,0.8132291798080713,3.618853394726784e-08,False,0.9702801704406738,0.8427746478450627,4.053001403808594,29,-0.11179459174828871,0.5307056299809898,-0.09151270320372923,0.050110141879745884,0.27990618268293993,0.019452766648360653,0.32313257375998156,1.028589803182445,1.0354429604664128,1.0173620255284004,1.0408441116405716,1.0557580174927113,1.08125,1.0367624343527957
full,19,12,126012.36247686775,0.017034511325707324,0.01622945301105605,0.009556869218314753,0.20642706767475194,0.06644770795407648,0.2996719154928412,0.00029967191549284126,0.00049221577921084,0.196886311684336,1.393772623368672,0.9999999999999999,0.7875452041625977,0.787545246737344,4.257474639501879e-08,False,1.0327248573303223,0.897013413725764,4.36069393157959,30,-0.11437538798366276,0.5430114216038159,-0.08251092370067326,0.07122771654810223,0.17454522315944943,0.12686357860054287,0.2812383717724255,1.0293303784225487,1.0479104071466634,1.0217829114307377,0.9565075212557227,0.9206075250258889,1.0710982658959536,1.0146007151370682
full,19,13,121536.12144954619,-0.03452981700806812,-0.03552223717846159,-0.0337402068245527,0.17719934775511637,0.09024973809834248,0.5167708439486366,0.0005167708439486366,0.0005116716692490238,0.20466866769960954,1.409337335399219,0.9999999999999998,0.8186745643615723,0.8186746707984378,1.0643686554345777e-07,False,0.9549173712730408,0.8294306900348809,3.768869400024414,31,-0.10725745026554384,0.558097233729703,-0.0974112174340657,0.06731512184653962,0.41072689528976164,0.024618645863873606,0.14391077096973146,0.8883429458072976,0.9111819056684046,0.8713745250537601,0.9620512820512821,0.9591301087364079,1.0766324878575284,1.0555066079295152
full,19,14,113113.39551699805,-0.06871939634019897,-0.0693022439098051,-0.06584431028866772,0.1159314107499092,0.09152746566921115,0.17023146365370087,0.00017023146365370087,0.00045582048328859465,0.18232819331543787,1.3646563866308756,1.0,0.7293126583099365,0.7293127732617513,1.1495181473364369e-07,False,0.9237192869186401,0.8023323782727442,3.427394390106201,32,-0.08595887518354825,0.5652867411928517,-0.09636931813188962,0.0830374141888959,0.4423783873873098,0.03283061140349933,0.05879503914288112,0.8748807130139254,0.8987705690454519,0.8625624855383022,0.9506041222459132,0.9378420641125881,0.8997493734335839,0.9897050639955481
full,19,15,119257.87930336465,0.055486971652014105,0.05432145112683173,0.04077350268091712,0.16148098067698335,0.09552134492314061,0.6641067798648561,0.0006641067798648561,0.0004407524397330625,0.17630097589322502,1.35260195178645,0.9999999999999999,0.7052038311958313,0.7052039035729001,7.23770687827141e-08,False,1.049370288848877,0.9114714518405775,4.539866924285889,33,-0.07812241624508587,0.23504259277667316,-0.09817855964813915,0.24968240250434193,0.49782537509288105,0.057732874793665734,0.13601773072566303,1.1268440206437376,1.154471978877262,1.1108063488991609,1.0661682242990655,1.0220925385577322,1.1103064066852368,1.0447005903851563
full,19,16,118049.81202585279,-0.009239698370833493,-0.010129873888154672,-0.01321394231693221,0.1528999641431017,0.09265851566101105,0.3987146211521967,0.00039871462115219667,0.0005001664268118995,0.20006657072475983,1.4001331414495195,0.9999999999999999,0.800266444683075,0.800266282899039,1.6178403594580004e-07,False,1.077357530593872,0.935780861147665,5.0658860206604,34,-0.11582035784210482,0.18047401841197694,-0.08424621288265502,0.33669381375823704,0.4328078829816409,0.15614642735038484,0.09394442822252,1.0452818452385757,1.0675310126503827,1.0426107204951207,0.982468443197756,0.9755301794453507,1.0065228299046662,1.0306781485468246
full,19,17,123765.61534693923,0.04948126614531234,0.048418571982433045,0.034801070724877266,0.19202114642519708,0.08640223114436232,0.5066895591361182,0.0005066895591361182,0.0005064133874007634,0.20256535496030537,1.4051307099206107,1.0,0.8102614283561707,0.8102614198412215,8.514949190185916e-09,False,1.0115456581115723,0.8786173950220985,4.421098232269287,35,-0.11185546112912043,0.4093665491257395,-0.09070989383118494,0.22102785216910498,0.4454521845493998,0.024931290319987698,0.10178747879607336,1.0183883698313119,1.0599512631895773,1.0169313969075835,1.0549607423269096,1.023829431438127,1.175972083748754,1.0135770234986945
full,19,18,135876.5184645052,0.09879700572492922,0.09785353616686465,0.0677490803809957,0.2640376635340209,0.08534873455656294,0.3580646642616817,0.0003580646642616817,0.0005009428092411587,0.20037712369646346,1.4007542473929269,0.9999999999999999,0.8015084862709045,0.8015084947858537,8.514949190185916e-09,False,1.0516202449798584,0.9134257389049968,4.671021461486816,36,-0.11813274132353918,0.49707463277237757,-0.08224438237292428,0.1832905848111425,0.31043439997094013,0.09191063685076575,0.1176668692912374,1.0551013292304916,1.0682486990147664,1.0238423367924046,1.11468200270636,1.0955492037566352,1.1479440440864774,1.0770221535291085
full,19,19,139256.12177867247,0.025890592545317892,0.024872607514227152,0.012971016000529034,0.2818987149524703,0.0978007083584074,0.5115082008498055,0.0005115082008498056,0.0004812784014003618,0.19251136056014473,1.3850227211202895,0.9999999999999999,0.7700454592704773,0.7700454422405789,1.7029898380371833e-08,False,1.0874207019805908,0.9445216207550623,5.398049831390381,37,-0.12448538626943317,0.4084714374371937,-0.06802597429071155,0.16016556535448345,0.17276115928377422,0.3001982292958668,0.1509149691888264,1.0700646851823017,1.0958744957492952,1.07574187376562,1.0303490136570561,1.039508013417816,0.9737813884785819,0.9787132265008371
full,19,20,132842.57787511568,-0.045156718192044254,-0.04605574118852884,-0.03834028942287869,0.24722930253574837,0.07341754012313491,0.45489474279539927,0.00045489474279539926,0.0004870886302420071,0.19483545209680286,1.3896709041936057,1.0,0.7793419361114502,0.7793418083872115,1.2772423874096717e-07,False,1.0722726583480835,0.931364197232607,5.427203178405762,38,-0.13303927225725992,0.39606731491429464,-0.06179617983954294,0.19355609374386923,0.24189802365643637,0.09370886640889303,0.26960515337330954,0.9607720184563087,0.9483673729353325,0.9771948490503586,0.9664212076583212,0.9602007888131946,0.943875616230565,0.9630987292277614
full,19,21,131115.7638206556,-0.011675243316038642,-0.012998950201669857,-0.013255590797810836,0.2373152008115268,0.06682978147178512,0.8474542514554093,0.0008474542514554093,0.0004927875247917005,0.1971150099166802,1.3942300198333604,1.0,0.7884600162506104,0.7884600396667207,2.3416110384033573e-08,False,0.9545557498931885,0.8291165896952647,3.829796075820923,39,-0.11142813334507601,0.49242356499390944,0.01815987644451003,0.07543360521750789,0.4677017041082893,-0.0856868765716042,0.14339625915246348,0.972334225393994,0.9770852563241543,0.9539229191567941,1.0146296860713198,1.00336071695295,1.0297308155885898,0.9807155544278103
full,19,22,141331.86599025215,0.07884138355421921,0.07791665831707673,0.050758203726168453,0.2924454842554959,0.08744159435601262,0.38373060151934624,0.00038373060151934626,0.0004737835710069964,0.18951342840279856,1.379026856805597,1.0,0.758053719997406,0.758053713611194,6.38621200366174e-09,False,0.9200524091720581,0.7991473687304353,3.4742705821990967,40,-0.10002419645232816,0.5641254231865918,-0.0894892319504704,0.04515720238643031,0.44188282346086843,0.02307262910263877,0.11527535026626926,1.1075456274694473,1.1179570958597118,1.1183717604729042,1.0432562331030337,1.0900632675846669,0.9914163090128755,0.9314359637774902
full,19,23,145445.24396235522,0.030475971693028514,0.029104391591254997,0.01588254064276605,0.3124560331042352,0.08256016411946533,0.8352609888783524,0.0008352609888783525,0.0004966416928384984,0.1986566771353994,1.3973133542707987,0.9999999999999999,0.7946267127990723,0.7946267085415974,4.257474817137563e-09,False,1.073296308517456,0.9322533284725227,5.674073219299316,41,-0.14137249014207293,0.31586986460856026,-0.057284186993326464,0.16799972632101604,0.31385618128946846,0.11691146769693919,0.28401943721941536,1.03712146290818,1.0565291374240031,1.0326546656799105,1.0463576158940397,0.9351314441789006,1.1279024006296734,1.0611111111111111
full,19,24,142292.52809128907,-0.020581159913510172,-0.02167630776488061,-0.02033377243087684,0.29722240976810754,0.10200298189498373,0.6082732336861746,0.0006082732336861746,0.0005105132742651871,0.20420530970607487,1.4084106194121495,0.9999999999999999,0.8168211579322815,0.816821238824299,8.089201752881081e-08,False,1.003495454788208,0.8716250772590258,4.18809175491333,42,-0.11642530454056604,0.5034899051700319,-0.08778000516550882,0.15855170147759573,0.40542557196957724,0.06571818249566214,0.07101994859320776,0.9888633335144615,1.0141533291379978,0.9796166893478648,1.0192625206384152,0.910551296093465,1.0568736915561758,0.9814136125654451
full,20,1,105859.18185709052,0.060423690936934005,0.05859181857090512,0.04624968682343192,0.05534882996734647,0.18198286287829102,1.2105295998709542,0.0012105295998709542,0.0005184552179915566,0.20738208719662263,1.414764174393245,0.9999999999999999,0.8295283317565918,0.8295283487864902,1.7029898380371833e-08,False,1.0441018342971802,0.9068953303606576,4.770610332489014,20,-0.09437605206455504,-0.11300603513206758,0.20090956773076737,0.33819669272218433,0.1792572566441127,0.4583298542669841,0.030688715832574015,1.0179242518378595,1.0261253529989354,1.0004892614601024,1.0303362573099413,1.0399002493765588,1.1047619047619048,0.9850693210095981
full,20,2,104024.18776350273,-0.016659975018362472,-0.01733429317510704,-0.021937129165969797,0.0386851159333409,0.1054683026392845,0.1708075436098236,0.00017080754360982358,0.0005151702969201974,0.20606811876807896,1.412136237536158,1.0,0.824272632598877,0.8242724750723158,1.5752656112866248e-07,False,1.0577142238616943,0.9187189017074294,4.831098556518555,21,-0.10670123515384539,-0.09936688361423357,0.23851374270660536,0.26541819157344954,0.17895716907722609,0.47986780585987227,0.043311209550925656,1.0393135068908235,1.0489629372043836,1.0256175982612805,1.038666193685704,0.984583761562179,0.9562807881773397,0.9945867917719236
full,20,3,98336.84978460547,-0.053287392460789396,-0.0546732264983153,-0.06070248098097312,-0.016912787210872304,0.10209155673519835,0.9534700587391853,0.0009534700587391854,0.0005114405548998288,0.20457622195993153,1.409152443919863,1.0,0.8183048367500305,0.8183048878397261,5.108969558520471e-08,False,1.0340251922607422,0.8981428702955788,4.829369068145752,22,-0.14006917817252024,-0.06450704378741129,0.1323270286832537,0.4012078877006258,0.42066427426678793,0.14268743353230612,0.10768959777695791,0.9342222757517478,0.9192601541484278,0.933144921461059,0.9316939890710383,0.9439805149617257,0.9175788795878945,1.0359216255442671
full,20,4,103204.11118383409,0.05085976861339292,0.049495803555734685,0.04215034476404031,0.031046352195473137,0.11617589284610255,0.7784367012126103,0.0007784367012126103,0.000520357910011496,0.2081431640045984,1.4162863280091966,0.9999999999999998,0.8325726389884949,0.8325726560183933,1.7029898380371833e-08,False,0.9833620190620422,0.8541373971837707,4.004151821136475,23,-0.1117889231869153,0.17087431039128984,-0.0963542408176831,0.3805525579622814,0.546221015708787,0.03673356558595384,0.07376171435628617,1.068930144367124,1.074208932789611,1.0719290343572334,1.0821114369501466,1.0269074824917066,1.0224561403508772,1.0819614711033276
full,20,5,104106.50999790752,0.009946205731890867,0.008743826226709217,0.0022331110532992776,0.03944527578525159,0.12331625072958345,0.6763980580227714,0.0006763980580227714,0.0005148493631609848,0.20593974526439396,1.411879490528788,1.0,0.8237590193748474,0.8237589810575758,3.831727157788123e-08,False,0.9774519801139832,0.8490040025778199,4.100880146026611,24,-0.13001238448279245,0.07329143690211432,0.046244674495288296,0.45456419246537344,0.4735173966203417,0.15832204478127615,-0.0759273607816015,1.0131281613727836,1.0211309798074761,1.0099364281396368,1.0027100271002711,1.007896625987078,1.037748798901853,1.0171576561994171
full,20,6,102140.19224539233,-0.017629707146803564,-0.018887558064857868,-0.02285503911386663,0.020953477748020144,0.08726482153270368,0.7741986151252473,0.0007741986151252473,0.0005070462543517351,0.20281850174069405,1.405637003481388,1.0,0.811273992061615,0.8112740069627762,1.4901161193847656e-08,False,0.9802893400192261,0.851468502077861,4.281124591827393,25,-0.11846691183745861,0.3458856362849474,-0.08435158990323544,0.3375960011035204,0.45212280936539173,0.040181780233979225,0.0270322747528553,0.9819083802034764,0.9740025585719445,0.9828400247399243,0.9851351351351353,0.9754273504273504,1.0244708994708993,1.1078930617441118
full,20,7,102462.9693687262,0.004078110773117816,0.0031601382006252177,-0.0007341527233659614,0.02403765364112076,0.07636657232933154,0.41287824671183315,0.0004128782467118332,0.0005017841128366335,0.2007136451346534,1.4014272902693068,0.9999999999999999,0.8028544783592224,0.8028545805386136,1.0217939117040942e-07,False,0.9204800128936768,0.7995187806039159,3.651113271713257,26,-0.09893126572881428,0.5154409280845097,-0.10178237940583912,0.17572251175131115,0.4694709948131016,0.01819469433810028,0.02188451614763054,1.0171811676906573,1.0045787328777878,1.0194502657857352,1.0099451303155005,1.0087623220153341,1.013557133634603,0.9675380637747775
full,20,8,104451.44983924304,0.020158219126579002,0.019406820656944213,0.015056511256159606,0.04261740594404462,0.07046482093528503,0.2541641486542566,0.00025416414865425663,0.00048265815313373303,0.1930632612534932,1.3861265225069863,1.0,0.7722529768943787,0.7722530450139726,6.811959396557654e-08,False,0.9685413837432861,0.8412643569092982,3.798881769180298,27,-0.10092506664139886,0.550867966243199,-0.09213819461209435,0.12040927899735313,0.39969595415251596,0.03000312192099433,0.09208693993943076,1.0204317810759416,1.036630597940096,1.0048074160114426,1.0196943972835313,1.0007238508867176,1.024203821656051,0.9902019002375297
full,20,9,105077.05717390051,0.006869036233137171,0.005989455729147997,0.00241876404546937,0.04831746634755929,0.06562592716090605,0.3837457192795617,0.0003837457192795617,0.0004902159262980733,0.19608637051922934,1.3921727410384588,1.0,0.7843454480171204,0.7843454820769176,3.4059797204832876e-08,False,0.9905312061309814,0.8603644739513155,4.017185211181641,28,-0.10418034770659038,0.5641277985913413,-0.09190602281263896,0.07227886042424611,0.2592087941510337,0.03325662336179189,0.2672142939908164,1.034047030048888,1.0449943420211207,1.037165241936394,0.9783549783549785,0.9924050632911392,0.9950248756218906,0.9706146926536732
full,20,10,109754.47728553558,0.04520190829694748,0.044514190227977535,0.03733503321439702,0.08887543840383372,0.06445877683754815,0.15062793078167097,0.00015062793078167097,0.0005075649158763035,0.2030259663505214,1.4060519327010428,0.9999999999999999,0.8121037483215332,0.8121038654020856,1.1708055236425707e-07,False,0.9692726731300354,0.8418995467999775,4.041996002197266,29,-0.11143205660794464,0.5330060611345938,-0.09159390974257675,0.04937839907194885,0.28420629006411346,0.019216565681355324,0.3172186503985098,1.028589803182445,1.0354429604664128,1.0173620255284004,1.0408441116405716,1.0557580174927113,1.08125,1.0367624343527957
full,20,11,111473.21205682203,0.0164566135869455,0.01565981464988453,0.010915763496342322,0.10292349027292502,0.06264576745497967,0.2911135219037533,0.0002911135219037533,0.0004930925076561315,0.19723700306245262,1.3944740061249052,0.9999999999999999,0.7889478802680969,0.7889480122498105,1.3198171355810473e-07,False,1.0316917896270752,0.8961161025198587,4.346338748931885,30,-0.1141454481652805,0.5452243557998112,-0.08309155489717213,0.07064735357250485,0.1793757847377232,0.12278372262205395,0.2792057863303593,1.0293303784225487,1.0479104071466634,1.0217829114307377,0.9565075212557227,0.9206075250258889,1.0710982658959536,1.0146007151370682
full,20,12,107512.52641680861,-0.03455091555039824,-0.03553038050069379,-0.03759141927051131,0.06987582440099838,0.09087506797169324,0.503641679350819,0.0005036416793508191,0.0005113907490989991,0.20455629963959968,1.4091125992791993,1.0,0.8182251453399658,0.8182251985583986,5.3218432771728885e-08,False,0.9542794227600098,0.8288765749969854,3.763904333114624,31,-0.107157382315823,0.5585142940815007,-0.09739891732377667,0.06648838972406726,0.41091862028198584,0.02458557752626281,0.1440494180257831,0.8883429458072976,0.9111819056684046,0.8713745250537601,0.9620512820512821,0.9591301087364079,1.0766324878575284,1.0555066079295152
full,20,13,100065.14619035565,-0.06868856600072581,-0.06926988393501865,-0.07361304280416096,0.0006510377772468434,0.08776512360818868,0.16817976587585035,0.00016817976587585036,0.0004562079693589892,0.18248318774359568,1.3649663754871912,1.0,0.7299327254295349,0.7299327509743825,2.554484757055775e-08,False,0.9229768514633179,0.8016875070299125,3.4219536781311035,32,-0.08643241918512753,0.5658807163791997,-0.09605076855846814,0.08106697403958865,0.44308546238711904,0.03249049984983035,0.059959535087857924,0.8748807130139254,0.8987705690454519,0.8625624855383022,0.9506041222459132,0.9378420641125881,0.8997493734335839,0.9897050639955481
full,20,14,105601.67788430986,0.05647125460899316,0.055329272026665155,0.04724564046383676,0.053045349245744666,0.10297342009322127,0.6406831464597157,0.0006406831464597157,0.00044084200635552406,0.17633680254220963,1.3526736050844193,1.0,0.7053472995758057,0.7053472101688385,8.940696716308594e-08,False,1.0478625297546387,0.9101618289312433,4.528197765350342,33,-0.07879668101668358,0.24702849611639977,-0.09754012152552605,0.24270885810256004,0.4973725490272045,0.05500786751508713,0.13421903178095818,1.1268440206437376,1.154471978877262,1.1108063488991609,1.0661682242990655,1.0220925385577322,1.1103064066852368,1.0447005903851563
full,20,15,104678.57772396723,-0.00786718382433349,-0.008741339899484557,-0.013304327181224755,0.04469470091869632,0.09907357708352814,0.3822609718356813,0.0003822609718356813,0.0004992151686123439,0.19968606744493758,1.399372134889875,0.9999999999999999,0.798744261264801,0.7987442697797502,8.514949190185916e-09,False,1.0801057815551758,0.938167961602424,5.106560230255127,34,-0.1152456189904894,0.19760706914322715,-0.08444044845444817,0.3266960371817861,0.43132701409714563,0.14905150128262382,0.09500444574015479,1.0452818452385757,1.0675310126503827,1.0426107204951207,0.982468443197756,0.9755301794453507,1.0065228299046662,1.0306781485468246
full,20,16,109745.58606568359,0.04945125558723107,0.048405399193307996,0.03975513032877703,0.0888016221431519,0.08703581791357101,0.491817106093679,0.0004918171060936791,0.0005052543364997421,0.20210173459989686,1.4042034691997936,1.0,0.8084069490432739,0.8084069383995871,1.0643686820799303e-08,False,1.01035737991333,0.8775852696931734,4.398542404174805,35,-0.11148930580488275,0.41897303371557165,-0.0906124287950141,0.211382036496486,0.4425932517541306,0.024628929261650362,0.10452448337205819,1.0183883698313119,1.0599512631895773,1.0169313969075835,1.0549607423269096,1.023829431438127,1.175972083748754,1.0135770234986945
full,20,17,120448.2096432279,0.0984578164876071,0.09752213242670837,0.07631245442957327,0.16976765120707293,0.09307149268695512,0.3508048254464353,0.00035080482544643535,0.000501374283007213,0.2005497132028852,1.4010994264057703,1.0,0.8021987676620483,0.8021988528115407,8.514949234594837e-08,False,1.0514280796051025,0.9132588261812582,4.654487133026123,36,-0.11783640405961443,0.5014452902334077,-0.08271330914327077,0.17694665172270366,0.30797332205942696,0.09142028221062251,0.12276416697672435,1.0551013292304916,1.0682486990147664,1.0238423367924046,1.11468200270636,1.0955492037566352,1.1479440440864774,1.0770221535291085
full,20,18,123489.3481843775,0.02626107204129946,0.02524851594023314,0.015301050268793824,0.19021355711835475,0.1028971128497598,0.5051404791218894,0.0005051404791218895,0.0004819923027285508,0.19279692109142033,1.3855938421828407,1.0,0.7711876630783081,0.7711876843656813,2.1287373197509396e-08,False,1.0863679647445679,0.9436072248100646,5.360788345336914,37,-0.12415487957852228,0.41574797140700476,-0.06864204151289804,0.15448464559657232,0.16988088296992437,0.29695806013686316,0.15572536098105566,1.0700646851823017,1.0958744957492952,1.07574187376562,1.0303490136570561,1.039508013417816,0.9737813884785819,0.9787132265008371
full,20,19,117790.44160280476,-0.04525363725011633,-0.04614897289006581,-0.04331361126456243,0.1510346795608002,0.08269467414015745,0.45117709998573585,0.00045117709998573587,0.000487036176824144,0.1948144707296576,1.3896289414593153,1.0,0.7792579531669617,0.7792578829186305,7.024833115210072e-08,False,1.070513367652893,0.9298360967506372,5.375523090362549,38,-0.13248207473329138,0.4029482076210635,-0.062332395996366224,0.18711616790720395,0.23796720004507474,0.09249646908470563,0.2742864260716098,0.9607720184563087,0.9483673729353325,0.9771948490503586,0.9664212076583212,0.9602007888131946,0.943875616230565,0.9630987292277614
full,20,20,116238.80024144877,-0.011858280302201929,-0.013172897055503063,-0.014855862870272313,0.13970206340497215,0.07046493428888556,0.8390885825668064,0.0008390885825668064,0.0004921901013169969,0.19687604052679877,1.3937520810535977,1.0,0.7875040173530579,0.7875041621071954,1.447541375654282e-07,False,0.9539061188697815,0.828552327357787,3.828935384750366,39,-0.11127289331385065,0.49455235951713156,0.017955978001867018,0.07221876138022967,0.4644097840147359,-0.08560314721294812,0.14773915761283465,0.972334225393994,0.9770852563241543,0.9539229191567941,1.0146296860713198,1.00336071695295,1.0297308155885898,0.9807155544278103
full,20,21,125215.23579918999,0.07814381636808787,0.07722408988303009,0.05802298993031812,0.20137514127776057,0.07300175884940595,0.37892064345734455,0.0003789206434573446,0.0004745081732315677,0.18980326929262709,1.379606538585254,0.9999999999999998,0.7592129707336426,0.7592130771705081,1.0643686554345777e-07,False,0.9215091466903687,0.8004126748620027,3.4885926246643066,40,-0.10023410831178939,0.5643607878259249,-0.0895691609808377,0.04407064403806413,0.43832542534385405,0.023009961204869395,0.12003645087991441,1.1075456274694473,1.1179570958597118,1.1183717604729042,1.0432562331030337,1.0900632675846669,0.9914163090128755,0.9314359637774902
full,20,22,128907.9079490617,0.030843097799085673,0.02949059773998841,0.01918852568116752,0.22425240164850668,0.07377469379157184,0.8163947931357791,0.0008163947931357792,0.0004964995756745338,0.19859983026981354,1.397199660539627,1.0,0.7943993210792542,0.7943993210792542,0.0,False,1.0717926025390625,0.9309472260548802,5.629554748535156,41,-0.1408144235610962,0.3250494599342346,-0.057785406708717346,0.16175445914268494,0.31001967191696167,0.11440889537334442,0.2873673439025879,1.03712146290818,1.0565291374240031,1.0326546656799105,1.0463576158940397,0.9351314441789006,1.1279024006296734,1.0611111111111111
full,20,23,126121.47862673338,-0.020530341885019787,-0.021615658547723737,-0.02188854057707798,0.20711364084179495,0.09499559540732508,0.598123699426651,0.000598123699426651,0.0005105562880635262,0.20422251522541046,1.408445030450821,1.0,0.8168900609016418,0.8168900609016418,0.0,False,1.0039012432098389,0.8719775406036948,4.1851301193237305,42,-0.11639107763767242,0.5055722594261169,-0.08783143758773804,0.15510056912899017,0.4041353762149811,0.0660029724240303,0.07341133803129196,0.9888633335144615,1.0141533291379978,0.9796166893478648,1.0192625206384152,0.910551296093465,1.0568736915561758,0.9814136125654451
full,20,24,128715.36333180503,0.02131674169378006,0.020566557998804136,0.011977028393329937,0.22309196500329165,0.08002591536333512,0.22480313905647822,0.00022480313905647823,0.0005099927514259304,0.20399710057037218,1.4079942011407443,1.0,0.815988302230835,0.8159884022814885,1.0005065353979603e-07,False,0.935004472732544,0.8121345661252067,3.604128360748291,43,-0.10641434921750001,0.5530440048979861,-0.09758275135287217,0.09445248411170074,0.45607827470770906,0.02400080167821475,0.0764215351747615,1.026091448048592,1.0093070419373205,1.0316766856435173,1.0105291576673865,1.057337610264635,0.9290194783757015,0.9554547879434515
full,21,1,98350.57071132849,-0.01481729287729494,-0.01649429288671511,-0.02251419052422256,-0.016770917308785105,0.1148654643087491,1.1861570818083627,0.0011861570818083628,0.0005175156811518329,0.2070062724607332,1.4140125449214662,0.9999999999999999,0.8280250430107117,0.8280250898429324,4.6832220768067145e-08,False,1.0585347414016724,0.919431594187264,4.88284969329834,21,-0.09948225532259261,-0.10752401713814058,0.26588815237794605,0.27266567732606617,0.16253685738359178,0.46341642524514876,0.04249916012798036,1.0393135068908235,1.0489629372043836,1.0256175982612805,1.038666193685704,0.984583761562179,0.9562807881773397,0.9945867917719236
full,21,2,92931.64011311629,-0.05370736744041493,-0.0550981103517687,-0.06370857971846901,-0.07605977768475958,0.08839438684989076,0.9593541132552283,0.0009593541132552284,0.0005114022216626576,0.20456088866506306,1.4091217773301261,1.0,0.8182434439659119,0.8182435546602522,1.1069434036059533e-07,False,1.046228289604187,0.9087423459723515,4.830102920532227,22,-0.1317386691059385,-0.07282221955912455,0.15725857870919363,0.4077682133231844,0.4145102735076632,0.12462535606963293,0.10039846705538885,0.9342222757517478,0.9192601541484278,0.933144921461059,0.9316939890710383,0.9439805149617257,0.9175788795878945,1.0359216255442671
full,21,3,97532.48794047428,0.050866675221602264,0.04950787290268255,0.04505351306695276,-0.025299385995686707,0.11413757244240218,0.77101896916117,0.00077101896916117,0.0005228478887251445,0.20913915549005782,1.4182783109801156,1.0,0.8365566730499268,0.8365566219602312,5.108969558520471e-08,False,0.9799903035163879,0.8512087622717205,3.974128246307373,23,-0.1131810929094042,0.16109297318117957,-0.09595806258065362,0.38920608801501133,0.5475469891514098,0.03692494971411567,0.07436815542834144,1.068930144367124,1.074208932789611,1.0719290343572334,1.0821114369501466,1.0269074824917066,1.0224561403508772,1.0819614711033276
full,21,4,98357.56782514908,0.00965230016308527,0.008459538991544502,0.002579492253354876,-0.016698584675972183,0.12042618132719295,0.6657127184527263,0.0006657127184527263,0.0005163439815597876,0.20653759262391502,1.41307518524783,0.9999999999999999,0.8261502981185913,0.8261503704956601,7.23770687827141e-08,False,0.9748861789703369,0.8467753760211267,4.063544273376465,24,-0.1298733965626785,0.06805124719228062,0.050383100552218285,0.46083539564694675,0.47545701105679783,0.15181083817567143,-0.07666419606123653,1.0131281613727836,1.0211309798074761,1.0099364281396368,1.0027100271002711,1.007896625987078,1.037748798901853,1.0171576561994171
full,21,5,96512.77534159916,-0.017520693914727214,-0.01875597907046067,-0.02403650479016903,-0.03613225965223865,0.09205659627805124,0.7505618567977632,0.0007505618567977632,0.0005075433983334473,0.20301735933337894,1.4060347186667579,1.0,0.8120694756507874,0.8120694373335158,3.831727157788123e-08,False,0.9779064655303955,0.8493987635947267,4.265348434448242,25,-0.1196781945015703,0.32942316415054457,-0.08333916483180864,0.35084054352981703,0.4564391720507826,0.0392648662839617,0.02704961331827299,0.9819083802034764,0.9740025585719445,0.9828400247399243,0.9851351351351353,0.9754273504273504,1.0244708994708993,1.1078930617441118
full,21,6,96820.43428129132,0.004126563292965457,0.003187753523854475,-0.0012612946883789793,-0.03283982087367132,0.09107466933892619,0.4331155861062662,0.0004331155861062662,0.0005022733858121293,0.20090935432485174,1.4018187086497034,0.9999999999999998,0.8036373853683472,0.8036374172994067,3.193105957421949e-08,False,0.9207276701927185,0.7997338930006697,3.664233684539795,26,-0.0990527349391154,0.5115615648350544,-0.10185661938573634,0.18037071052406514,0.47023310485695086,0.01761877882693494,0.02112519528184617,1.0171811676906573,1.0045787328777878,1.0194502657857352,1.0099451303155005,1.0087623220153341,1.013557133634603,0.9675380637747775
full,21,7,98704.4198614466,0.02020296758775819,0.01945855329136159,0.016158401226546885,-0.013125857386852902,0.07111124520543069,0.24739985114761762,0.00024739985114761764,0.0004825392312237195,0.1930156924894878,1.3860313849789754,0.9999999999999999,0.7720627784729004,0.7720627699579508,8.514949634275126e-09,False,0.9655734896659851,0.8386864768680079,3.783081293106079,27,-0.10087272045867784,0.5492122742746557,-0.09214297203080996,0.123867822012731,0.4048560533140387,0.028938830963202877,0.08614071192485945,1.0204317810759416,1.036630597940096,1.0048074160114426,1.0196943972835313,1.0007238508867176,1.024203821656051,0.9902019002375297
full,21,8,99314.45711112324,0.007054985231057076,0.006180445116165556,0.0026988609394497567,-0.0069027502019138876,0.07048492490978514,0.3783716910651753,0.0003783716910651753,0.0004904190690389701,0.1961676276155881,1.392335255231176,0.9999999999999999,0.7846705317497253,0.7846705104623521,2.1287373197509396e-08,False,0.9910881519317627,0.8608482309273126,4.021951198577881,28,-0.1041249643479075,0.5639305178608214,-0.0920426632676806,0.07412712914603095,0.2686631445373807,0.03267830503838401,0.2567685310329709,1.034047030048888,1.0449943420211207,1.037165241936394,0.9783549783549785,0.9924050632911392,0.9950248756218906,0.9706146926536732
full,21,9,103748.09004517335,0.045327214292973705,0.04464237194680831,0.03940423385221404,0.03612683417633411,0.07250701052067912,0.14813652634620664,0.00014813652634620663,0.0005072245613804886,0.20288982455219542,1.4057796491043908,0.9999999999999999,0.8115592002868652,0.8115592982087816,9.792191635327185e-08,False,0.970237135887146,0.8427372685068061,4.045760154724121,29,-0.1111456166420664,0.533938399383,-0.09174420791012902,0.05062205238001685,0.2907778237547193,0.01912788940327506,0.3084236596311841,1.028589803182445,1.0354429604664128,1.0173620255284004,1.0408441116405716,1.0557580174927113,1.08125,1.0367624343527957
full,21,10,105321.62877768224,0.015957663791339893,0.015166917596495022,0.011200578652888834,0.05052740675816347,0.06399987857881057,0.2853398025035858,0.00028533980250358584,0.0004932891816965172,0.19731567267860686,1.3946313453572137,1.0,0.7892626523971558,0.7892626907144273,3.831727157788123e-08,False,1.0319727659225464,0.8963601554291962,4.343994617462158,30,-0.11381653057677404,0.5463121522750174,-0.08349914210183282,0.0715947811092649,0.18295520437615256,0.12020624322550635,0.2762472916926656,1.0293303784225487,1.0479104071466634,1.0217829114307377,0.9565075212557227,0.9206075250258889,1.0710982658959536,1.0146007151370682
full,21,11,101577.63412204008,-0.034577837378591436,-0.035548203147761415,-0.03954571086326916,0.015531313912515832,0.09099236035243047,0.49413949730140794,0.000494139497301408,0.0005114866433931249,0.20459465735724996,1.4091893147144998,0.9999999999999998,0.8183785676956177,0.8183786294289996,6.17333819619148e-08,False,0.9542270302772522,0.8288310674646757,3.762960910797119,31,-0.1070735457220248,0.5588384864053555,-0.09752111163522517,0.06653633687113011,0.4107556340417691,0.02459289293204034,0.1438713071069547,0.8883429458072976,0.9111819056684046,0.8713745250537601,0.9620512820512821,0.9591301087364079,1.0766324878575284,1.0555066079295152
full,21,12,94544.13579044615,-0.068662589334331,-0.06924258861102783,-0.07751773934419352,-0.057707060982043146,0.08558728899269086,0.16654319688677788,0.00016654319688677789,0.0004564103590590614,0.18256414362362455,1.365128287247249,0.9999999999999998,0.7302565574645996,0.730256574494498,1.7029898380371833e-08,False,0.9231411814689636,0.8018302422592387,3.4227993488311768,32,-0.08651393119777953,0.5661793329886027,-0.09605021242584502,0.08072738136563981,0.44266399528299055,0.032393725322825556,0.06059970866356576,0.8748807130139254,0.8987705690454519,0.8625624855383022,0.9506041222459132,0.9378420641125881,0.8997493734335839,0.9897050639955481
full,21,13,99814.86063111374,0.05688157522386206,0.05574882880467569,0.04963959768530248,-0.0018548277051697593,0.12425271183141813,0.63144465642316,0.00063144465642316,0.0004409118954624448,0.17636475818497793,1.352729516369956,1.0,0.7054591178894043,0.705459032739912,8.514949234594837e-08,False,1.04720938205719,0.9095945120495037,4.52495813369751,33,-0.0789800328867776,0.2517915176493781,-0.09738472529820033,0.2404780047280448,0.4967050062758582,0.05386566690036229,0.13352456263133458,1.1268440206437376,1.154471978877262,1.1108063488991609,1.0661682242990655,1.0220925385577322,1.1103064066852368,1.0447005903851563
full,21,14,99002.95133287077,-0.007268043108269895,-0.00813415250103433,-0.013149226463176816,-0.010070898429855202,0.09866311476982745,0.37398413888045723,0.0003739841388804572,0.0004988470673561096,0.19953882694244385,1.3990776538848877,1.0,0.7981551885604858,0.7981553077697754,1.1920928955078125e-07,False,1.081190824508667,0.9391104179370825,5.122753620147705,34,-0.11494749039411545,0.20494294166564941,-0.0845913365483284,0.3225967437028885,0.4303552657365799,0.14594560861587524,0.0956982672214508,1.0452818452385757,1.0675310126503827,1.0426107204951207,0.982468443197756,0.9755301794453507,1.0065228299046662,1.0306781485468246
full,21,15,103794.73313586891,0.049438880356591275,0.04840039350834169,0.04278536853149384,0.03655997776786557,0.07691015332453868,0.48509762968335823,0.0004850976296833582,0.0005049562281263727,0.2019824912505491,1.403964982501098,0.9999999999999998,0.8079299330711365,0.807929965002196,3.193105957421949e-08,False,1.0101113319396973,0.877371555138709,4.391853332519531,35,-0.11133846667196073,0.4228329581341573,-0.09064402457858836,0.20751420381878102,0.44101377549980364,0.02453202168856347,0.10608953210924352,1.0183883698313119,1.0599512631895773,1.0169313969075835,1.0549607423269096,1.023829431438127,1.175972083748754,1.0135770234986945
full,21,16,113900.51236738979,0.09829674666698396,0.09736312167489514,0.08095041678884592,0.12204082385997728,0.09060858606531574,0.3488597321723189,0.0003488597321723189,0.0005015680247119495,0.2006272098847798,1.4012544197695596,1.0,0.8025087714195251,0.8025088395391191,6.811959396557654e-08,False,1.051443338394165,0.9132720797970388,4.648091793060303,36,-0.11769466208560125,0.5034783993448531,-0.08293254779917855,0.17416106803076606,0.3062932406152997,0.09119816763060432,0.1254963342632566,1.0551013292304916,1.0682486990147664,1.0238423367924046,1.11468200270636,1.0955492037566352,1.1479440440864774,1.0770221535291085
full,21,17,116793.2576075812,0.02640701309915494,0.025397122278614237,0.01663374659824462,0.14378619067211562,0.10223240427787453,0.5020796975919178,0.0005020796975919178,0.00048231338816029677,0.19292535526411872,1.3858507105282374,1.0,0.771701455116272,0.7717014210564748,3.4059797204832876e-08,False,1.0857632160186768,0.9430819467408795,5.342090129852295,37,-0.12400215438434053,0.4190330845969064,-0.06892320087977818,0.15191708930901118,0.16825017758778163,0.295721594776426,0.15800340899399348,1.0700646851823017,1.0958744957492952,1.07574187376562,1.0303490136570561,1.039508013417816,0.9737813884785819,0.9787132265008371
full,21,18,111398.6357022621,-0.045295032784192224,-0.0461894977143692,-0.04537731307136191,0.10232293807194826,0.0782812094238909,0.4502621697528022,0.0004502621697528022,0.0004870789311826229,0.19483157247304916,1.3896631449460983,1.0,0.7793262004852295,0.7793262898921967,8.940696716308594e-08,False,1.0697013139724731,0.929130755885806,5.3528547286987305,38,-0.13226662576198578,0.40583284199237823,-0.06256494671106339,0.18432264029979706,0.23600797355175018,0.09205522388219833,0.27661289274692535,0.9607720184563087,0.9483673729353325,0.9771948490503586,0.9664212076583212,0.9602007888131946,0.943875616230565,0.9630987292277614
full,21,19,109923.00244270737,-0.011935502964046218,-0.013246421289204058,-0.01607246079240241,0.09027230172210132,0.08043648885110954,0.835570548261915,0.000835570548261915,0.0004920641678784574,0.19682566715138297,1.393651334302766,1.0,0.787302553653717,0.7873026686055322,1.149518151777329e-07,False,0.953777551651001,0.8284406552904471,3.8303563594818115,39,-0.11124328843184877,0.4952420783894403,0.017872687961374006,0.07091981598309108,0.46292303928307127,-0.0855823787195342,0.14986804553440639,0.972334225393994,0.9770852563241543,0.9539229191567941,1.0146296860713198,1.00336071695295,1.0297308155885898,0.9807155544278103
full,21,20,118373.3328833148,0.07779306811882414,0.0768749966142146,0.06172802671829877,0.15521513533310838,0.06429613785416569,0.37729012646845406,0.00037729012646845405,0.00047487970441579814,0.18995188176631927,1.3799037635326385,1.0,0.7598074674606323,0.7598075270652771,5.960464477539063e-08,False,0.9222816824913025,0.8010836909328393,3.4960954189300537,40,-0.10034655034542084,0.5644364282488823,-0.08960533142089844,0.04363149031996727,0.4365168735384941,0.02297159656882286,0.12239549309015274,1.1075456274694473,1.1179570958597118,1.1183717604729042,1.0432562331030337,1.0900632675846669,0.9914163090128755,0.9314359637774902
full,21,21,121887.46168180431,0.03103260689210119,0.02968682821453994,0.020692266956222456,0.17957106809675838,0.07327331614855087,0.8095946152295385,0.0008095946152295385,0.0004965306592306921,0.19861226369227683,1.3972245273845534,0.9999999999999998,0.7944490313529968,0.7944490547691068,2.3416109939944363e-08,False,1.0710856914520264,0.9303332108862882,5.612027168273926,41,-0.14066356154424803,0.328272702970675,-0.0579487021480288,0.15933510927217345,0.30820030240075924,0.11348591265933852,0.2893182363893304,1.03712146290818,1.0565291374240031,1.0326546656799105,1.0463576158940397,0.9351314441789006,1.1279024006296734,1.0611111111111111
full,21,22,119257.07074392203,-0.020497792242703983,-0.02158048827654735,-0.022657106056899926,0.16147529554262063,0.09122667005524356,0.5953593456319399,0.0005953593456319399,0.0005106053448149136,0.20424213792596546,1.4084842758519307,0.9999999999999999,0.816968560218811,0.8169685517038614,8.514949634275126e-09,False,1.0041465759277344,0.8721906338949196,4.184734344482422,42,-0.11639140439885004,0.5064292560730661,-0.08785073352711542,0.15371735500437872,0.4034512649689402,0.06611342834574835,0.074530833533832,0.9888633335144615,1.0141533291379978,0.9796166893478648,1.0192625206384152,0.910551296093465,1.0568736915561758,0.9814136125654451
full,21,23,121698.61965128605,0.021222185299462293,0.020472990759656584,0.011926119795101529,0.17829799313633177,0.09793155597219211,0.22373247998101375,0.00022373247998101376,0.0005101621603327139,0.20406486413308556,1.408129728266171,0.9999999999999999,0.8162596225738525,0.8162594565323422,1.660415103188484e-07,False,0.9353482127189636,0.8124331348838298,3.6062119007110596,43,-0.10647496368203846,0.5532961658069065,-0.0975899004510471,0.09368155364479336,0.45548655305589947,0.024022156638758507,0.07757843498672756,1.026091448048592,1.0093070419373205,1.0316766856435173,1.0105291576673865,1.057337610264635,0.9290194783757015,0.9554547879434515
full,21,24,121145.30688090815,-0.00383418808076863,-0.004546582138428179,-0.007621798676152081,0.17454499415066105,0.07737599380962724,0.2258029314024108,0.0002258029314024108,0.0004895889240184001,0.19583556960736004,1.3916711392147199,0.9999999999999999,0.783342182636261,0.7833422784294397,9.579317872265847e-08,False,0.9742143750190735,0.8461918545232177,3.976485013961792,44,-0.10983681386070593,0.5243164777223552,-0.08599875574665411,0.07855343366307871,0.39248521918697016,0.021591683051415844,0.17888875598353998,1.0424386351216453,1.004133253410209,1.0662471630729378,0.9422922789206518,1.0401971937808114,0.9470504619758351,0.9678950307091011
full,22,1,94302.08470651197,-0.055421299123811996,-0.056979152934880206,-0.06583197105615174,-0.0604219441300915,0.1082005385212049,1.138539269566536,0.001138539269566536,0.0005120800754853657,0.2048320301941463,1.4096640603882926,1.0,0.8193281292915344,0.8193281207765852,8.514949190185916e-09,False,1.0536748170852661,0.9152103175610986,4.833705902099609,22,-0.12359733028071268,-0.08123469991343363,0.179714740387031,0.4135258804474558,0.4046004425202097,0.12353038149220602,0.08346058534724371,0.9342222757517478,0.9192601541484278,0.933144921461059,0.9316939890710383,0.9439805149617257,0.9175788795878945,1.0359216255442671
full,22,2,98968.62478686024,0.05084035913089302,0.049485015043639,0.04406298045333544,-0.010421234157400372,0.11875459038711375,0.7645479142665863,0.0007645479142665863,0.0005260561912187508,0.21042247648750034,1.4208449529750005,0.9999999999999999,0.8416898250579834,0.8416899059500009,8.089201752881081e-08,False,0.9751648306846619,0.8470174098249351,3.9319772720336914,23,-0.11477652085678919,0.1490305151258196,-0.09564595563071115,0.40265762167317526,0.5477883751903261,0.03904607253415243,0.07189989196402685,1.068930144367124,1.074208932789611,1.0719290343572334,1.0821114369501466,1.0269074824917066,1.0224561403508772,1.0819614711033276
full,22,3,99790.41671657836,0.009478189446239682,0.008303560158463785,0.0004981811343841725,-0.002100234574797799,0.156456368964368,0.6457133463450839,0.0006457133463450839,0.000518564624445779,0.2074258497783116,1.4148516995566232,1.0,0.8297034502029419,0.8297033991132463,5.108969558520471e-08,False,0.9741730690002441,0.8461559765711237,4.0400567054748535,24,-0.1287111464355673,0.06214461741702895,0.05384892118828635,0.4654679921056543,0.47636682061212404,0.1495974984552179,-0.0787147033427443,1.0131281613727836,1.0211309798074761,1.0099364281396368,1.0027100271002711,1.007896625987078,1.037748798901853,1.0171576561994171
full,22,4,97937.7668773454,-0.01736051346779688,-0.018565408384803028,-0.023925607378196472,-0.021056566719938274,0.09938550466111991,0.7186701617070607,0.0007186701617070606,0.0005082642819200242,0.2033057127680097,1.4066114255360194,1.0,0.8132228255271912,0.8132228510720387,2.554484757055775e-08,False,0.975775957107544,0.8475482274913411,4.240886688232422,25,-0.12050185671874453,0.3079124359147889,-0.08280385604926518,0.36688100972345894,0.4620125857847078,0.03985641204885074,0.026643269296203337,0.9819083802034764,0.9740025585719445,0.9828400247399243,0.9851351351351353,0.9754273504273504,1.0244708994708993,1.1078930617441118
full,22,5,98254.3508514637,0.004194606857521599,0.003232501456917891,-0.0004542990297741953,-0.017766634590821173,0.07488462317782593,0.45611198299697464,0.00045611198299697466,0.000502433879300952,0.20097355172038078,1.4019471034407616,1.0,0.80389404296875,0.8038942068815231,1.6391277313232422e-07,False,0.921755850315094,0.8006269589077702,3.68564772605896,26,-0.09894250147044659,0.5060917604714632,-0.1020310502499342,0.1871646661311388,0.47032989747822285,0.017230452969670296,0.020156774669885635,1.0171811676906573,1.0045787328777878,1.0194502657857352,1.0099451303155005,1.0087623220153341,1.013557133634603,0.9675380637747775
full,22,6,100173.25217158215,0.020268135948032562,0.01952993738688824,0.015581582649104395,0.0017295252757232316,0.07829154434880019,0.24215988016554293,0.00024215988016554294,0.00048163587493555885,0.19265434997422354,1.3853086999484472,1.0,0.7706173658370972,0.7706173998968944,3.4059797204832876e-08,False,0.9624532461166382,0.8359762677566567,3.76577091217041,27,-0.1004995448248727,0.5472056227070945,-0.09215480514935084,0.12793308070727757,0.41003858617373873,0.02813891640731267,0.0793381439788001,1.0204317810759416,1.036630597940096,1.0048074160114426,1.0196943972835313,1.0007238508867176,1.024203821656051,0.9902019002375297
full,22,7,100817.36406087523,0.007297835360127847,0.006429978815001514,0.0031430191037737543,0.008107373848632693,0.06469658938271414,0.3720581510237284,0.00037205815102372844,0.0004898821695574693,0.1959528678229877,1.3919057356459752,0.9999999999999999,0.7838115096092224,0.7838114712919504,3.831727202197044e-08,False,0.9914713501930237,0.8611810727079936,4.0216875076293945,28,-0.10381254447357996,0.5638372983251299,-0.09214032334940775,0.07607168810708181,0.2791839029107775,0.03235724674803869,0.24450273173195974,1.034047030048888,1.0449943420211207,1.037165241936394,0.9783549783549785,0.9924050632911392,0.9950248756218906,0.9706146926536732
full,22,8,105331.94824402928,0.045461916718938955,0.04477982761410093,0.039463989220525575,0.0506204274478661,0.060981287574156724,0.14613348405276025,0.00014613348405276025,0.0005065078966851746,0.20260315867406983,1.4052063173481397,1.0,0.8104127049446106,0.8104126346962794,7.024833115210072e-08,False,0.9709503650665283,0.8433567715006823,4.045140743255615,29,-0.1106811972068889,0.5352334467960256,-0.09192196146718093,0.051716451932277,0.2977647273136037,0.019118245158876696,0.29877028747328693,1.028589803182445,1.0354429604664128,1.0173620255284004,1.0408441116405716,1.0557580174927113,1.08125,1.0367624343527957
full,22,9,106874.53340488145,0.015429974318891482,0.01464498840635109,0.010213163757339418,0.06432340040108608,0.0697961839176113,0.28000838575618603,0.00028000838575618605,0.0004933482302086695,0.1973392920834678,1.3946785841669356,0.9999999999999999,0.7893571257591248,0.7893571683338712,4.257474639501879e-08,False,1.032476782798767,0.8967979389254538,4.343592166900635,30,-0.11340684975896564,0.5474098346063069,-0.08393244232450214,0.07227199737514767,0.18748575661863598,0.11840098564113888,0.2717707178422383,1.0293303784225487,1.0479104071466634,1.0217829114307377,0.9565075212557227,0.9206075250258889,1.0710982658959536,1.0146007151370682
full,22,10,103068.09043354202,-0.034655798827119444,-0.03561599615990074,-0.039447652926507655,0.02976760722583005,0.09783719502503241,0.48379937399710926,0.00048379937399710925,0.000511363996192813,0.20454559847712517,1.4090911969542503,1.0,0.8181822896003723,0.8181823939085007,1.043081283569336e-07,False,0.9538261890411377,0.8284829011907482,3.7589049339294434,31,-0.10692611522972584,0.5592207219451666,-0.09761948324739933,0.0663642417639494,0.41109382174909115,0.02460455521941185,0.1432622577995062,0.8883429458072976,0.9111819056684046,0.8713745250537601,0.9620512820512821,0.9591301087364079,1.0766324878575284,1.0555066079295152
full,22,11,95930.63828954472,-0.06867170805167089,-0.06924987271981631,-0.07650828910304586,-0.04241983356946766,0.08641696615496296,0.16470605933240465,0.00016470605933240466,0.00045628248846956663,0.18251299538782667,1.3650259907756532,0.9999999999999998,0.7300519347190857,0.7300519815513065,4.6832220768067145e-08,False,0.922672688961029,0.8014233148372207,3.4193477630615234,32,-0.08647829134549415,0.5665789188018866,-0.09603470404233252,0.07993472527180398,0.44280057560120306,0.03228954757962907,0.06090922813330377,0.8748807130139254,0.8987705690454519,0.8625624855383022,0.9506041222459132,0.9378420641125881,0.8997493734335839,0.9897050639955481
full,22,12,101353.19244693987,0.057642399469417294,0.056525780022732786,0.050912589285846396,0.013351256277874812,0.09717001122992146,0.6154755439077104,0.0006154755439077104,0.0004408449147428784,0.1763379658971514,1.352675931794303,1.0,0.7053518295288086,0.7053518635886058,3.4059797204832876e-08,False,1.0455024242401123,0.9081118673279068,4.511746406555176,33,-0.0790936356144292,0.26005077308842117,-0.0972443302827222,0.23747940308281354,0.49606302327343393,0.05240396729537419,0.13034079915710858,1.1268440206437376,1.154471978877262,1.1108063488991609,1.0661682242990655,1.0220925385577322,1.1103064066852368,1.0447005903851563
full,22,13,100626.24226029539,-0.006319443331164076,-0.0071724448840133626,-0.011974743781574912,0.006223448736915604,0.09693872481231408,0.36095578755651214,0.00036095578755651213,0.0004978392007095474,0.19913568028381898,1.3982713605676378,0.9999999999999999,0.796542763710022,0.7965427211352756,4.257474639501879e-08,False,1.082208514213562,0.9399943719833338,5.139614582061768,34,-0.11434482250894823,0.21705247993980134,-0.08479085777487075,0.3161574953368732,0.42882964547191343,0.14175029631171907,0.09534576322351182,1.0452818452385757,1.0675310126503827,1.0426107204951207,0.982468443197756,0.9755301794453507,1.0065228299046662,1.0306781485468246
full,22,14,105500.43750967835,0.04946690704557666,0.048438609451147085,0.04192008032283231,0.052136632221774004,0.07986206324052189,0.47577613592147827,0.0004757761359214783,0.0005045327184987921,0.20181308739951684,1.4036261747990335,0.9999999999999998,0.8072523474693298,0.807252349598067,2.1287371865241766e-09,False,1.0087306499481201,0.8761723099982986,4.370694160461426,35,-0.11101585653211393,0.42983823988054476,-0.0907972308674029,0.2017256167850324,0.43899261924837313,0.02430047999535287,0.10695613149021352,1.0183883698313119,1.0599512631895773,1.0169313969075835,1.0549607423269096,1.023829431438127,1.175972083748754,1.0135770234986945
full,22,15,115750.0943997756,0.09808257308566848,0.09715274298418874,0.07920397224956102,0.13606981904807958,0.09458429153489113,0.3457372321614197,0.00034573723216141974,0.000501397605985403,0.20055904239416122,1.4011180847883224,1.0,0.8022362589836121,0.8022361695766449,8.940696716308594e-08,False,1.0512144565582275,0.9130732755603278,4.634188652038574,36,-0.11732078343629837,0.5066910535097122,-0.08323825895786285,0.170202374458313,0.3039521723985672,0.09117571264505386,0.12853772938251495,1.0551013292304916,1.0682486990147664,1.0238423367924046,1.11468200270636,1.0955492037566352,1.1479440440864774,1.0770221535291085
full,22,16,118712.42137163402,0.026598683523735955,0.02559243676836398,0.016371700114745473,0.15762816692158976,0.1037329551752943,0.49853116486753746,0.0004985311648675375,0.00048212490177580296,0.1928499607103212,1.3856999214206422,0.9999999999999999,0.7713997960090637,0.7713998428412845,4.6832220768067145e-08,False,1.0848132371902466,0.9422568056146553,5.31360387802124,37,-0.12360087995018282,0.4231836700013705,-0.06924908076013839,0.14871697660003388,0.16595946784530366,0.29473843212638584,0.16025141413722718,1.0700646851823017,1.0958744957492952,1.07574187376562,1.0303490136570561,1.039508013417816,0.9737813884785819,0.9787132265008371
full,22,17,113222.11533751442,-0.04535573976560037,-0.046248791581227855,-0.04446772917316411,0.11678032421580697,0.0723977293476265,0.44914713927677696,0.00044914713927677696,0.0004867719566183431,0.19470878264733726,1.3894175652946745,0.9999999999999999,0.7788350582122803,0.7788351305893491,7.23770687827141e-08,False,1.0686156749725342,0.9281877818317811,5.320713043212891,38,-0.1318478264978954,0.41012798462595257,-0.06286095614944187,0.18099089179720196,0.23342511270727428,0.09146749441112789,0.27869729910578045,0.9607720184563087,0.9483673729353325,0.9771948490503586,0.9664212076583212,0.9602007888131946,0.943875616230565,0.9630987292277614
full,22,18,111715.83779840701,-0.011995416073805054,-0.013303739597314568,-0.015949478835116333,0.1048717713557179,0.08081851950054522,0.8332080931535789,0.0008332080931535789,0.00049187739379704,0.196750957518816,1.393501915037632,1.0,0.787003755569458,0.787003830075264,7.450580596923828e-08,False,0.9529749155044556,0.8277434943916055,3.8243958950042725,39,-0.11114485003054142,0.4966599624603987,0.0177626796066761,0.06977913342416286,0.46217056922614574,-0.08560610748827457,0.1503786128014326,0.972334225393994,0.9770852563241543,0.9539229191567941,1.0146296860713198,1.00336071695295,1.0297308155885898,0.9807155544278103
full,22,19,120290.2081286805,0.07766725144657016,0.07675160925477797,0.05991690571695944,0.1686771387657343,0.07776923386113939,0.3750231995114258,0.0003750231995114258,0.0004749900115919965,0.1899960046367986,1.379992009273597,0.9999999999999998,0.7599839568138123,0.7599840185471942,6.17333819619148e-08,False,0.9225125312805176,0.8012842036434596,3.4981210231781006,40,-0.10030302431966578,0.5646888014993496,-0.08969298031713283,0.04331599894378865,0.43568041894052706,0.023034827517611628,0.12327595773552144,1.1075456274694473,1.1179570958597118,1.1183717604729042,1.0432562331030337,1.0900632675846669,0.9914163090128755,0.9314359637774902
full,22,20,123880.2789126615,0.031185103807639614,0.029845079161726185,0.020060352667943617,0.19276901151875547,0.08063040170155086,0.8038943340735775,0.0008038943340735775,0.0004964503632592304,0.19858014530369217,1.3971602906073843,0.9999999999999999,0.7943205237388611,0.7943205812147687,5.747590758886645e-08,False,1.070815086364746,0.9300981662939266,5.5987162590026855,41,-0.14041344236050335,0.33163707543696674,-0.05816670294318882,0.15742070068206104,0.3068953960069588,0.11311270881976399,0.2895142643579415,1.03712146290818,1.0565291374240031,1.0326546656799105,1.0463576158940397,0.9351314441789006,1.1279024006296734,1.0611111111111111
full,22,21,121212.15728935164,-0.020459832496658392,-0.02153790455372595,-0.022488278302904462,0.17500024555057647,0.09439024669450923,0.5906822117311615,0.0005906822117311615,0.000510513825075967,0.2042055300303868,1.4084110600607735,1.0,0.8168221116065979,0.8168221201215471,8.514949190185916e-09,False,1.004311203956604,0.8723336279839289,4.184878826141357,42,-0.11635809498173849,0.506800233253411,-0.08784743504864831,0.15318252039807181,0.40301799667733057,0.06631369782345634,0.07489108187811713,0.9888633335144615,1.0141533291379978,0.9796166893478648,1.0192625206384152,0.910551296093465,1.0568736915561758,0.9814136125654451
full,22,22,123691.859677777,0.021206376198496413,0.020457538615585635,0.011585391605805781,0.1915393603062917,0.09907446299818908,0.22343293258122024,0.00022343293258122025,0.0005101232722933804,0.20404930891735212,1.4080986178347044,1.0,0.8161971569061279,0.8161972356694087,7.876328078637584e-08,False,0.935371458530426,0.8124533259391208,3.606092691421509,43,-0.10645838693848678,0.5533708272767919,-0.09759092197886535,0.09346701337822846,0.4554060040307896,0.024056225482906618,0.07774923874863557,1.026091448048592,1.0093070419373205,1.0316766856435173,1.0105291576673865,1.057337610264635,0.9290194783757015,0.9554547879434515
full,22,23,123135.16366885109,-0.003789826907469984,-0.004500668114911788,-0.007958419607578284,0.1878842970564344,0.08606712715441936,0.22426245574440276,0.00022426245574440278,0.0004895376600325107,0.1958150640130043,1.3916301280260086,1.0,0.78326016664505,0.7832602560520172,8.940696716308594e-08,False,0.9739495515823364,0.8459618318087105,3.9735937118530273,44,-0.10981834679841995,0.5244824811816216,-0.08599671721458435,0.07849474996328354,0.39297004789114,0.02158152312040329,0.17828626185655594,1.0424386351216453,1.004133253410209,1.0662471630729378,0.9422922789206518,1.0401971937808114,0.9470504619758351,0.9678950307091011
full,22,24,125107.98479766847,0.016919472033571914,0.016021590178114442,0.008738096400143208,0.20069050619170703,0.08136225470258865,0.4031030684709549,0.0004031030684709549,0.00048022988252341745,0.192091953009367,1.384183906018734,1.0,0.7683678269386292,0.768367812037468,1.4901161193847656e-08,False,0.956275999546051,0.8306107795587331,3.8038437366485596,45,-0.1110949981957674,0.4926361721009016,0.021891344338655472,0.09642878733575344,0.4686994832009077,-0.08099695481359959,0.11243616603314877,1.0524253138754247,1.054036194252693,1.0270848634564504,0.9872412815423873,1.0051039008384979,1.121575984990619,1.0374963945774445
full,23,1,104847.02940602241,0.050398287388472296,0.048470294060224184,0.04073913589190727,0.046229534908921344,0.10980798034028136,1.3263578457491738,0.0013263578457491738,0.000510816608688661,0.2043266434754644,1.4086532869509287,1.0,0.817306637763977,0.8173065739018575,6.386211959252819e-08,False,0.9965525269508362,0.8655945267629797,4.128198146820068,23,-0.10867578855582644,0.2318815780537469,-0.09565085491963796,0.3100207490580422,0.5498480243342263,0.03220685252121516,0.08036943950823375,1.068930144367124,1.074208932789611,1.0719290343572334,1.0821114369501466,1.0269074824917066,1.0224561403508772,1.0819614711033276
full,23,2,105937.70717267349,0.011434837323591296,0.010402562407632931,0.003647544229084509,0.05604904364217833,0.12343929008344956,0.5146714566009385,0.0005146714566009386,0.0005064541846513747,0.20258167386054993,1.4051633477210999,1.0,0.8103266358375549,0.8103266954421997,5.960464477539063e-08,False,0.9980654716491699,0.866908653830802,4.292425632476807,24,-0.1284397579729557,0.10835710540413857,-0.07414191588759422,0.4206840954720974,0.47174515947699547,0.15737029537558556,0.04442501813173294,1.0131281613727836,1.0211309798074761,1.0099364281396368,1.0027100271002711,1.007896625987078,1.037748798901853,1.0171576561994171
full,23,3,103917.01000054741,-0.017900932704646544,-0.019074390281379583,-0.02245713950543736,0.037693636494417704,0.08203464715353466,0.6971467371497836,0.0006971467371497836,0.0004984141034739359,0.19936564138957436,1.3987312827791487,0.9999999999999999,0.797462522983551,0.7974625655582974,4.257474639501879e-08,False,0.9752894639968872,0.8471256649444567,4.134795188903809,25,-0.11358867745314327,0.4420793934592179,-0.08577696393643108,0.24665899415101322,0.44066229302968296,0.035828301949160424,0.034136658800499764,0.9819083802034764,0.9740025585719445,0.9828400247399243,0.9851351351351353,0.9754273504273504,1.0244708994708993,1.1078930617441118
full,23,4,104216.21353002336,0.0036843524584608822,0.002879254603980419,-0.001361549436074059,0.040456406802850675,0.0824863948901406,0.3025345775697912,0.0003025345775697912,0.000499929789719837,0.19997191588793484,1.3999438317758695,0.9999999999999999,0.7998877763748169,0.7998876635517389,1.1282307799120872e-07,False,0.9093964695930481,0.7898917372131183,3.501695394515991,26,-0.09811505382614477,0.5405138909284557,-0.10185686206179007,0.13358216280383722,0.47802146071834223,0.01983383218092577,0.028020569256373806,1.0171811676906573,1.0045787328777878,1.0194502657857352,1.0099451303155005,1.0087623220153341,1.013557133634603,0.9675380637747775
full,23,5,106168.18453612234,0.019535826763624753,0.018730012730088674,0.013777570851610854,0.05809823878097575,0.07728522253028448,0.30983711725899155,0.00030983711725899156,0.00048084882753235956,0.19233953101294382,1.3846790620258875,0.9999999999999999,0.7693580985069275,0.7693581240517751,2.554484757055775e-08,False,0.9699936509132385,0.8425257801456174,3.788590908050537,27,-0.09972563332745008,0.5650197868900639,-0.09261389768549375,0.08156803303531238,0.3767276113586766,0.032310147370610914,0.1367139523582799,1.0204317810759416,1.036630597940096,1.0048074160114426,1.0196943972835313,1.0007238508867176,1.024203821656051,0.9902019002375297
full,23,6,106721.8212353388,0.006110276267738302,0.005214713820674621,0.0018808344772368066,0.06298450642550502,0.06010866334584913,0.3999204326953206,0.00039992043269532066,0.0004905995087964195,0.1962398035185678,1.3924796070371355,0.9999999999999999,0.7849591970443726,0.7849592140742709,1.7029898380371833e-08,False,0.9717214703559875,0.8440265450450395,3.867396354675293,28,-0.10279976416911399,0.5704461948147841,-0.0934400393494538,0.052310956375939494,0.20992474417601312,0.033841253923518305,0.32971665422831264,1.034047030048888,1.0449943420211207,1.037165241936394,0.9783549783549785,0.9924050632911392,0.9950248756218906,0.9706146926536732
full,23,7,111368.9290639358,0.04419734683839183,0.04354412035706723,0.03633402325155641,0.10208349096550073,0.05529922576878613,0.1220563277602196,0.0001220563277602196,0.0005037170382482666,0.20148681529930665,1.4029736305986131,0.9999999999999998,0.8059473037719727,0.8059472611972263,4.257474639501879e-08,False,0.9496803283691406,0.8248818523655721,3.8628711700439453,29,-0.10858319167579927,0.5468328052333422,-0.09290362362350738,0.03531848426376069,0.23522519107375825,0.019202379243714457,0.3649079554847309,1.028589803182445,1.0354429604664128,1.0173620255284004,1.0408441116405716,1.0557580174927113,1.08125,1.0367624343527957
full,23,8,113652.06891856759,0.021288572281531914,0.020500689679085138,0.014620271583930427,0.12012160489880197,0.06835684698741619,0.2774620045508658,0.0002774620045508658,0.0004942950579736913,0.19771802318947654,1.395436046378953,1.0,0.7908720970153809,0.790872092757906,4.257474817137563e-09,False,1.0107744932174683,0.8779475697058047,4.140278339385986,30,-0.11186537093349863,0.5554483538227422,-0.08585265225597791,0.05267923005989619,0.1441188608961446,0.12490611576608249,0.32056546264461105,1.0293303784225487,1.0479104071466634,1.0217829114307377,0.9565075212557227,0.9206075250258889,1.0710982658959536,1.0146007151370682
full,23,9,110003.53976683128,-0.031121271779767534,-0.03210261974509676,-0.03317429309751007,0.09093834423906044,0.0798206487553709,0.5019560275333268,0.0005019560275333268,0.0005114270320960454,0.20457081283841816,1.409141625676836,0.9999999999999999,0.8182832598686218,0.8182832513536722,8.514949634275126e-09,False,0.9574845433235168,0.831660507346117,3.815984010696411,31,-0.10635613543646677,0.5634487877999033,-0.09821467740195139,0.052944884768554135,0.381321550479957,0.024934449366160794,0.18192114042384283,0.8883429458072976,0.9111819056684046,0.8713745250537601,0.9620512820512821,0.9591301087364079,1.0766324878575284,1.0555066079295152
full,23,10,102385.30727781855,-0.0686195035076903,-0.06925443040433699,-0.07222556335383584,0.023297359174262233,0.09169156578075274,0.22611681478364135,0.00022611681478364136,0.0004558208185647215,0.18232832742588861,1.3646566548517771,1.0,0.7293132543563843,0.7293133097035542,5.534716995825306e-08,False,0.9243473410606384,0.8028778991691569,3.419705629348755,32,-0.08646145037242345,0.5705895913498742,-0.09586687705346517,0.07111028262547084,0.4374476266758783,0.03431809374264308,0.0688627330320222,0.8748807130139254,0.8987705690454519,0.8625624855383022,0.9506041222459132,0.9378420641125881,0.8997493734335839,0.9897050639955481
full,23,11,108364.24203584983,0.059476009108440975,0.05839641367493953,0.04923840748398798,0.07718636589625871,0.09301198476017006,0.5800397332225526,0.0005800397332225526,0.0004394697664039476,0.17578790656157905,1.351575813123158,0.9999999999999999,0.7031515836715698,0.7031516262463162,4.257474639501879e-08,False,1.0425618886947632,0.9055577506055359,4.468944549560547,33,-0.0790780649653503,0.28141268928136143,-0.09670984159622875,0.21543362577046665,0.4983091338404587,0.05203999791826519,0.12859245975102696,1.1268440206437376,1.154471978877262,1.1108063488991609,1.0661682242990655,1.0220925385577322,1.1103064066852368,1.0447005903851563
full,23,12,107868.4257011603,-0.0037284098653943554,-0.004575460736628401,-0.009049995591526297,0.07294466059010696,0.09616580570749082,0.3574565116848265,0.00035745651168482654,0.0004931259740676199,0.19725038962704797,1.394500779254096,1.0,0.7890015244483948,0.789001558508192,3.4059797204832876e-08,False,1.0889791250228882,0.9458752498105435,5.241461753845215,34,-0.11313901522329878,0.2426485674721854,-0.08411137440374919,0.2889174180371421,0.42194446495601107,0.14468599430152349,0.0990539448601859,1.0452818452385757,1.0675310126503827,1.0426107204951207,0.982468443197756,0.9755301794453507,1.0065228299046662,1.0306781485468246
full,23,13,113086.38256448161,0.04938684607946087,0.04837334770952517,0.038789463930050595,0.115720233221005,0.07972217401694887,0.4631757182734354,0.00046317571827343544,0.0005030914954841137,0.20123659819364548,1.402473196387291,1.0,0.8049463033676147,0.8049463927745819,8.940696716308594e-08,False,1.0058677196502686,0.8736856003374376,4.3207173347473145,35,-0.11029168963432312,0.4450703486800194,-0.09094490855932236,0.18487491458654404,0.4351796731352806,0.02397417277097702,0.11213748902082443,1.0183883698313119,1.0599512631895773,1.0169313969075835,1.0549607423269096,1.023829431438127,1.175972083748754,1.0135770234986945
full,23,14,124042.01283688321,0.0978014160449514,0.09687842182196182,0.0745351610073343,0.19382153100416677,0.07132273551654943,0.3406687421458108,0.00034066874214581076,0.0005004510070596422,0.20018040282385688,1.4003608056477137,1.0,0.8007215261459351,0.8007216112954274,8.514949234594837e-08,False,1.0521001815795898,0.9138426065388504,4.618682861328125,36,-0.11668249538966585,0.512948561991964,-0.08349790743419103,0.15967925318649837,0.2964317692177636,0.09554046818188258,0.13558035024574824,1.0551013292304916,1.0682486990147664,1.0238423367924046,1.11468200270636,1.0955492037566352,1.1479440440864774,1.0770221535291085
full,23,15,127181.43238825936,0.02631082540485452,0.02530932447464007,0.015390821913383455,0.21372170353672315,0.09018701238345851,0.4953395703009196,0.0004953395703009196,0.00048096299703632083,0.19238519881452834,1.3847703976290566,0.9999999999999999,0.7695407271385193,0.7695407952581133,6.811959396557654e-08,False,1.0821493864059448,0.9399430142221834,5.256196022033691,37,-0.12286803232772009,0.4277090047086988,-0.06951716648680825,0.1419458155121122,0.1579205159630094,0.2989206824983869,0.16588918013232093,1.0700646851823017,1.0958744957492952,1.07574187376562,1.0303490136570561,1.039508013417816,0.9737813884785819,0.9787132265008371
full,23,16,121286.8356196718,-0.04544976003527035,-0.04634793505542967,-0.04114490948247341,0.17550821167783215,0.058628352471648174,0.4551045234714236,0.0004551045234714236,0.0004862789809703827,0.19451159238815308,1.3890231847763062,1.0,0.7780463695526123,0.7780463695526123,0.0,False,1.0665345191955566,0.9263801128919362,5.266268730163574,38,-0.13128434866666794,0.4159475490450859,-0.06322724372148514,0.17413755506277084,0.2256723716855049,0.0915461927652359,0.2872079238295555,0.9607720184563087,0.9483673729353325,0.9771948490503586,0.9664212076583212,0.9602007888131946,0.943875616230565,0.9630987292277614
full,23,17,119652.5711820535,-0.012159969114468816,-0.013474376087632245,-0.015203007817722035,0.16424696091278945,0.07883514105358677,0.840555868510689,0.000840555868510689,0.0004909170166190181,0.19636680664760728,1.3927336132952144,1.0,0.785467267036438,0.7854672265904288,4.0446009208494615e-08,False,0.9508315324783325,0.8258817755499048,3.8080544471740723,39,-0.11054475472441744,0.4990854649139302,0.01753745174833707,0.06604507698544435,0.4613081006599324,-0.08582205192318984,0.15239071233996324,0.972334225393994,0.9770852563241543,0.9539229191567941,1.0146296860713198,1.00336071695295,1.0297308155885898,0.9807155544278103
full,23,18,128801.660279778,0.07737447497661099,0.07646379018302918,0.05579840221946546,0.22361249239502146,0.07134258525533094,0.3715931746576514,0.00037159317465765144,0.0004740458527313812,0.1896183410925525,1.379236682185105,0.9999999999999999,0.75847327709198,0.75847336437021,8.727822997656176e-08,False,0.9224573969841003,0.8012363146020643,3.498424530029297,40,-0.09991819384906975,0.5652714895882777,-0.08970014724348274,0.041820016024368134,0.4337372708001307,0.023161949855940667,0.12562761482383522,1.1075456274694473,1.1179570958597118,1.1183717604729042,1.0432562331030337,1.0900632675846669,0.9914163090128755,0.9314359637774902
full,23,19,132728.39399180174,0.03181956850142531,0.03048666999706562,0.019321073722761595,0.2465817072556704,0.0729628227577472,0.7972701878419944,0.0007972701878419944,0.000495359068736434,0.1981436274945736,1.3962872549891472,1.0,0.7925745248794556,0.7925745099782944,1.4901161193847656e-08,False,1.0697739124298096,0.9291938141046377,5.567702293395996,41,-0.13982637599110603,0.3374592326581478,-0.05831725150346756,0.15075568482279778,0.30282261595129967,0.11400386318564415,0.2931022308766842,1.03712146290818,1.0565291374240031,1.0326546656799105,1.0463576158940397,0.9351314441789006,1.1279024006296734,1.0611111111111111
full,23,20,129887.45504899205,-0.020331700500315963,-0.0214041536808256,-0.0212718713702324,0.230102707283924,0.09585742796972004,0.5853887583528246,0.0005853887583528246,0.000509921381516116,0.20396855260644642,1.4079371052128926,0.9999999999999999,0.8158742785453796,0.8158742104257852,6.811959440966575e-08,False,1.0052733421325684,0.8731693305852285,4.1885600090026855,42,-0.11621660632746561,0.5075850571904863,-0.08775194627898081,0.15101625876767294,0.4015208269868578,0.06734009938580648,0.07650631027562277,0.9888633335144615,1.0141533291379978,0.9796166893478648,1.0192625206384152,0.910551296093465,1.0568736915561758,0.9814136125654451
full,23,21,132540.54489806827,0.0211736917494616,0.02042606692136273,0.009936464319363746,0.24551389103684407,0.10949438867112617,0.22288216224738536,0.00022288216224738535,0.0005095090504203524,0.20380362016814096,1.4076072403362818,1.0,0.8152145147323608,0.8152144806725636,3.4059797204832876e-08,False,0.9352555871009827,0.8123526812942858,3.603679895401001,43,-0.10628627187439374,0.5534962421017033,-0.09751734829374722,0.09249655955604144,0.4554023151951177,0.024184119488511763,0.07822438382676669,1.026091448048592,1.0093070419373205,1.0316766856435173,1.0105291576673865,1.057337610264635,0.9290194783757015,0.9554547879434515
full,23,22,131967.6969396381,-0.003615620634844885,-0.00432205827183485,-0.007375622395336879,0.24223880298721956,0.0820106869142474,0.22057884292943128,0.00022057884292943128,0.0004886737332812377,0.1954694933124951,1.3909389866249902,1.0,0.7818779945373535,0.7818779732499803,2.1287373197509396e-08,False,0.9730650782585144,0.8451935880408575,3.9646637439727783,44,-0.10964259611708776,0.5242763225521361,-0.08582689719540734,0.07799457652228217,0.3948711518730436,0.021504088171890784,0.17682335419314246,1.0424386351216453,1.004133253410209,1.0662471630729378,0.9422922789206518,1.0401971937808114,0.9470504619758351,0.9678950307091011
full,23,23,134070.61423788863,0.016834160357188876,0.015935091291412018,0.007377374914419126,0.25412439878462345,0.09016441765969531,0.4048394305365427,0.0004048394305365427,0.0004797362522887333,0.19189450091549332,1.3837890018309866,0.9999999999999999,0.7675780057907104,0.7675780036619733,2.1287371865241766e-09,False,0.9554844498634338,0.8299232482401073,3.7941179275512695,45,-0.11084653037999359,0.492260728297489,0.022105342043297616,0.09666518521096024,0.4706880192139319,-0.08104797053549972,0.11017522614981445,1.0524253138754247,1.054036194252693,1.0270848634564504,0.9872412815423873,1.0051039008384979,1.121575984990619,1.0374963945774445
full,23,24,135193.47654884408,0.009258475809956757,0.008375156012659701,0.001976563033186357,0.2603193397140654,0.08436755792511186,0.38019706202404835,0.00038019706202404836,0.0004954027890094689,0.19816111560378757,1.396322231207575,0.9999999999999999,0.7926443815231323,0.7926444624151499,8.089201752881081e-08,False,0.9425850510597229,0.8187189727994652,3.701052665710449,46,-0.1078845959688936,0.5174997943852628,-0.09027651963489397,0.14280656459076063,0.46491425218326704,0.03470818059785025,0.03823232384664671,1.0054865027130322,0.9846774920370601,1.0193239990459473,1.0485353245261344,1.019949220166848,1.0441619270659084,1.0467055879899918
full,24,1,100781.78989270632,0.009670607400819486,0.007817898927063194,0.0017440015416509873,0.007757253503223427,0.12026503923144878,1.3229453308241708,0.0013229453308241709,0.0005137035410319055,0.2054814164127622,1.4109628328255246,1.0,0.8219255805015564,0.8219256656510492,8.514949279003758e-08,False,0.9688019752502441,0.8414907038163036,4.053187847137451,24,-0.1331148999077933,0.06117707916668483,0.05426024326256343,0.46153085359505247,0.4739509118454797,0.15456232854298182,-0.07236651650496892,1.0131281613727836,1.0211309798074761,1.0099364281396368,1.0027100271002711,1.007896625987078,1.037748798901853,1.0171576561994171
full,24,2,98921.09724118929,-0.017222535533137795,-0.018462587869276348,-0.02289187862458891,-0.010906700278304982,0.08455849686121003,0.7571304546935218,0.0007571304546935218,0.0005054497106799058,0.20217988427196232,1.4043597685439246,1.0,0.8087195158004761,0.8087195370878493,2.1287373197509396e-08,False,0.9779179096221924,0.8494087038065623,4.263470649719238,25,-0.12069534403937204,0.32530307131154196,-0.08148454023259027,0.34947224812848227,0.4594339664493288,0.03831743555409567,0.029653162828513546,0.9819083802034764,0.9740025585719445,0.9828400247399243,0.9851351351351353,0.9754273504273504,1.0244708994708993,1.1078930617441118
full,24,3,99234.05190444879,0.004112231147200829,0.0031636796597236394,-0.0006286936479868522,-0.007718601436216055,0.07633584980151557,0.44132773312074797,0.00044132773312074796,0.0005037855450063944,0.20151421800255775,1.4030284360051155,1.0,0.8060567378997803,0.806056872010231,1.341104507446289e-07,False,0.9195029139518738,0.7986700832465188,3.6575310230255127,26,-0.09964186884462833,0.510809762403369,-0.10187234915792942,0.17884947173297405,0.47353766672313213,0.01700732111930847,0.021309996023774147,1.0171811676906573,1.0045787328777878,1.0194502657857352,1.0099451303155005,1.0087623220153341,1.013557133634603,0.9675380637747775
full,24,4,101153.01071673978,0.020078719893642738,0.0193377049053558,0.014980514529328498,0.011398679174943971,0.08273532163663057,0.2438540666231087,0.00024385406662310872,0.0004828391303973539,0.19313565215894157,1.3862713043178831,0.9999999999999999,0.7725426554679871,0.7725426086357663,4.6832220768067145e-08,False,0.9632266163825989,0.8366480086346062,3.7728819847106934,27,-0.1014200949243137,0.5475850201078823,-0.09171555723462788,0.12289835725511822,0.4093399739691189,0.027263054890292016,0.08604924593652996,1.0204317810759416,1.036630597940096,1.0048074160114426,1.0196943972835313,1.0007238508867176,1.024203821656051,0.9902019002375297
full,24,5,101783.3534523705,0.007098980109219388,0.006231576610170153,0.002872852029915688,0.01752107188338048,0.0649908135704164,0.37079349373068127,0.0003707934937306813,0.0004908668529242277,0.19634674116969109,1.3926934823393822,1.0,0.7853869199752808,0.7853869646787643,4.470348358154297e-08,False,0.9894373416900635,0.8594143553700339,4.017789840698242,28,-0.10444777272641659,0.5630389396101236,-0.0918989684432745,0.07377474941313267,0.2762779239565134,0.0309586264193058,0.2522965017706156,1.034047030048888,1.0449943420211207,1.037165241936394,0.9783549783549785,0.9924050632911392,0.9950248756218906,0.9706146926536732
full,24,6,106349.07586491012,0.04553419570280259,0.04485726061949946,0.039079784402138995,0.05970033884427006,0.061989651175011797,0.1426825347755635,0.0001426825347755635,0.0005049809494188853,0.20199237976755416,1.4039847595351083,0.9999999999999999,0.8079695105552673,0.8079695190702165,8.514949190185916e-09,False,0.9714020490646362,0.8437490992365669,4.055996894836426,29,-0.11073739188058035,0.5316954244460379,-0.09125498788697381,0.05261469153421264,0.3034454275454793,0.018410551228693534,0.2958262850131307,1.028589803182445,1.0354429604664128,1.0173620255284004,1.0408441116405716,1.0557580174927113,1.08125,1.0367624343527957
full,24,7,107751.15678186495,0.013977042996561995,0.013183762111255382,0.008838659958008296,0.07193571756780903,0.06793437531061346,0.29107893151896325,0.00029107893151896326,0.0004915732624275345,0.1966293049710138,1.3932586099420274,0.9999999999999998,0.7865172624588013,0.7865172198840549,4.257474639501879e-08,False,1.0372109413146973,0.9009099767653013,4.395864963531494,30,-0.11387262706245699,0.5436204129031725,-0.08275667790855681,0.07775924141917909,0.19821478958640779,0.11838216866765702,0.2586526923945972,1.0293303784225487,1.0479104071466634,1.0217829114307377,0.9565075212557227,0.9206075250258889,1.0710982658959536,1.0146007151370682
full,24,8,103759.07933387015,-0.03608440593464746,-0.03704904492187033,-0.0401201253747719,0.03622891951242535,0.08826654638776442,0.491107572402273,0.000491107572402273,0.0005101439862379006,0.20405759449516025,1.4081151889903203,0.9999999999999999,0.816230297088623,0.8162303779806406,8.089201752881081e-08,False,0.9503050446510315,0.8254244740335327,3.7238099575042725,31,-0.10676074666636332,0.5572293932948793,-0.09729684782879694,0.0713686357651438,0.42304771499974386,0.02416943865162985,0.12824241178376333,0.8883429458072976,0.9111819056684046,0.8713745250537601,0.9620512820512821,0.9591301087364079,1.0766324878575284,1.0555066079295152
full,24,9,96570.61855645421,-0.06872065183433795,-0.06928030610492708,-0.07581193744627718,-0.03551164417095465,0.08142747525794365,0.14312938494341707,0.00014312938494341707,0.00045800334907003813,0.18320133962801527,1.3664026792560304,0.9999999999999998,0.7328053712844849,0.7328053585120609,1.277242400732348e-08,False,0.9203639030456543,0.7994179288713343,3.4125919342041016,32,-0.08669451837028777,0.5650283747485705,-0.0965068212577275,0.08269540007625306,0.4471809321216174,0.03161891336951936,0.05667771931205476,0.8748807130139254,0.8987705690454519,0.8625624855383022,0.9506041222459132,0.9378420641125881,0.8997493734335839,0.9897050639955481
full,24,10,101998.68940173284,0.05733206656543466,0.05620830565670909,0.05056612130191802,0.019595245914001858,0.09081537566076983,0.6211087554693221,0.0006211087554693221,0.00044228329456278255,0.17691331782511305,1.353826635650226,0.9999999999999999,0.707653284072876,0.707653271300452,1.277242400732348e-08,False,1.0439116954803467,0.9067301778827648,4.5014472007751465,33,-0.07905443598117148,0.25582605760012356,-0.09785888184394156,0.2472231106034347,0.4963321999779769,0.05221704180751527,0.12531490783606256,1.1268440206437376,1.154471978877262,1.1108063488991609,1.0661682242990655,1.0220925385577322,1.1103064066852368,1.0447005903851563
full,24,11,101126.57966372192,-0.007691637894563952,-0.008550205332306104,-0.013075002657576492,0.011140292368911786,0.09240098224972838,0.36759552572454735,0.00036759552572454736,0.0004980014104928289,0.19920056419713159,1.3984011283942632,1.0,0.7968022227287292,0.7968022567885265,3.4059797204832876e-08,False,1.0766551494598389,0.9351707806462578,5.0536603927612305,34,-0.11423874327114653,0.2041863011462348,-0.08496182092598506,0.3309410469872611,0.43321084550448824,0.13939980736800603,0.0914625631911414,1.0452818452385757,1.0675310126503827,1.0426107204951207,0.982468443197756,0.9755301794453507,1.0065228299046662,1.0306781485468246
full,24,12,106028.37860776231,0.04949660127271782,0.048471914706701646,0.04188873279540061,0.056856274583462985,0.0765449883830118,0.4725787575755802,0.0004725787575755802,0.0005042582537446703,0.2017033014978681,1.4034066029957364,1.0,0.8068132996559143,0.8068132059914728,9.366444153613429e-08,False,1.0091863870620728,0.876568158225875,4.39020299911499,35,-0.1108784856540816,0.4178663907306535,-0.09082481584378652,0.21585727908781596,0.44279654004744123,0.02405719139746257,0.10112590023449489,1.0183883698313119,1.0599512631895773,1.0169313969075835,1.0549607423269096,1.023829431438127,1.175972083748754,1.0135770234986945
full,24,13,116361.72667789373,0.09838464246288225,0.09745832394889531,0.0793143663740727,0.14061089625444778,0.08880510593824192,0.34397836668150766,0.0003439783666815077,0.0004997236494507109,0.19988945978028436,1.3997789195605688,1.0,0.7995578646659851,0.7995578391211375,2.554484757055775e-08,False,1.0503995418548584,0.9123654496425377,4.651627063751221,36,-0.11737656274012159,0.49860301933118273,-0.08251289704016276,0.18269189021417073,0.3104708226663726,0.08662615290709905,0.12149757466145925,1.0551013292304916,1.0682486990147664,1.0238423367924046,1.11468200270636,1.0955492037566352,1.1479440440864774,1.0770221535291085
full,24,14,119320.5507704339,0.02643732418581024,0.025427811850288418,0.01616377158056006,0.1619214011809713,0.10293466691926949,0.5027676650456021,0.0005027676650456021,0.00048122723719903416,0.19249089487961366,1.3849817897592271,0.9999999999999999,0.7699635624885559,0.7699635795184543,1.7029898380371833e-08,False,1.089418649673462,0.9462570160713528,5.418603897094727,37,-0.12413636062826433,0.41122555519853315,-0.06835453425134932,0.16092338945184434,0.17499275292669023,0.29021182443414417,0.15513737286840165,1.0700646851823017,1.0958744957492952,1.07574187376562,1.0303490136570561,1.039508013417816,0.9737813884785819,0.9787132265008371
full,24,15,113830.8684722279,-0.04512170379027669,-0.046007852484421075,-0.04374356732891769,0.12150367170046072,0.06651675696814204,0.4429104381373951,0.0004429104381373951,0.000485543099098972,0.19421723963958878,1.3884344792791776,1.0,0.776868999004364,0.7768689585583552,4.0446008764405406e-08,False,1.0711132287979126,0.9303571295210175,5.399643898010254,38,-0.13226641022733282,0.39780176377722193,-0.061950829412255964,0.19326234555670194,0.24183206952043942,0.09031044638582639,0.2710106143993991,0.9607720184563087,0.9483673729353325,0.9771948490503586,0.9664212076583212,0.9602007888131946,0.943875616230565,0.9630987292277614
full,24,16,112342.1236089334,-0.011765251105356866,-0.01307856896179016,-0.015225627483338163,0.10986193969322444,0.07167790952203759,0.8388884008995126,0.0008388884008995126,0.0004909487667360476,0.19637950669441906,1.3927590133888381,1.0,0.7855179905891418,0.7855180267776762,3.618853439135705e-08,False,0.9547381401062012,0.8292750118213938,3.832477331161499,39,-0.11102904086666449,0.49367355847997324,0.017850441059895916,0.07450881148023264,0.4643658354346241,-0.08535046582775457,0.1459808602396931,0.972334225393994,0.9770852563241543,0.9539229191567941,1.0146296860713198,1.00336071695295,1.0297308155885898,0.9807155544278103
full,24,17,121028.12196831832,0.07823776490551326,0.07731737731450727,0.06032431588209178,0.17374575120502056,0.07118991259408686,0.3794056554990155,0.0003794056554990155,0.0004745624280933823,0.18982497123735292,1.3796499424747057,1.0,0.7592998147010803,0.7592998849494115,7.024833115210072e-08,False,0.92151939868927,0.8004215796351054,3.4880335330963135,40,-0.10018425195344857,0.5643309229718787,-0.08964071928390435,0.044649782191429815,0.4386339360581977,0.022850208516631804,0.11936012149921485,1.1075456274694473,1.1179570958597118,1.1183717604729042,1.0432562331030337,1.0900632675846669,0.9914163090128755,0.9314359637774902
full,24,18,124555.54448653375,0.030490906355519876,0.02914547842970583,0.01972428983734075,0.19714533453939143,0.07350586994060229,0.8114045991429261,0.0008114045991429261,0.000495066899540169,0.19802675981606757,1.3960535196321349,0.9999999999999998,0.7921069860458374,0.7921070392642697,5.3218432327639675e-08,False,1.0716743469238281,0.9308445105325794,5.617081642150879,41,-0.14009558888418333,0.3266994085695062,-0.05793117093188424,0.16442993549363952,0.3104744878198419,0.11089399723070006,0.2855289307023797,1.03712146290818,1.0565291374240031,1.0326546656799105,1.0463576158940397,0.9351314441789006,1.1279024006296734,1.0611111111111111
full,24,19,121851.13587967871,-0.020635625118145873,-0.02171247067325388,-0.021922667103716605,0.1793264849106988,0.08207634950047965,0.5903600890721593,0.0005903600890721593,0.0005097799934446811,0.20391199737787247,1.407823994755745,1.0,0.8156480193138123,0.8156479895114899,2.9802322387695312e-08,False,1.0038070678710938,0.8718957409437981,4.188630104064941,42,-0.11638295650482178,0.5036920309066772,-0.08752904087305069,0.15724749863147736,0.40494927763938904,0.06511738896369934,0.07290580123662949,0.9888633335144615,1.0141533291379978,0.9796166893478648,1.0192625206384152,0.910551296093465,1.0568736915561758,0.9814136125654451
full,24,20,124371.39370803091,0.021434003429143145,0.02068308850925127,0.011908339763279072,0.1959565860075846,0.09443522667213428,0.22588783715452465,0.00022588783715452466,0.0005095400741057737,0.2038160296423095,1.407632059284619,0.9999999999999999,0.8152640461921692,0.815264118569238,7.23770687827141e-08,False,0.9346891641616821,0.8118606925803625,3.6030681133270264,43,-0.10639419193778721,0.5523351973720959,-0.09742183770452228,0.09556948606457027,0.45679914419140133,0.023744279784815636,0.07536792222942623,1.026091448048592,1.0093070419373205,1.0316766856435173,1.0105291576673865,1.057337610264635,0.9290194783757015,0.9554547879434515
full,24,21,123824.52353020816,-0.0036907913505020984,-0.0043970736478724515,-0.007286747614839041,0.19240553366147983,0.07471390537468572,0.22071773558855057,0.00022071773558855057,0.0004884323464440448,0.19537293857761795,1.390745877155236,0.9999999999999999,0.781491756439209,0.7814917543104718,2.1287371865241766e-09,False,0.9743899703025818,0.8463443746485695,3.972630262374878,44,-0.10958041224096504,0.5233692529478243,-0.08579252633665291,0.08106035020734581,0.39527896073247704,0.021566896034138527,0.17409747865583214,1.0424386351216453,1.004133253410209,1.0662471630729378,0.9422922789206518,1.0401971937808114,0.9470504619758351,0.9678950307091011
full,24,22,127018.42332442396,0.026484259519176323,0.025793757998484157,0.016654547319281406,0.21271263346904323,0.07305104976563989,0.19358746068818233,0.00019358746068818235,0.00047932482590632786,0.19172993036253114,1.383459860725062,1.0,0.766919732093811,0.7669197214501242,1.0643686820799303e-08,False,0.9570693373680115,0.8312998640354582,3.8085780143737793,45,-0.11081017420760225,0.4913642717791455,-0.08091975615492888,0.0991681305957692,0.4687657965613263,0.021893239979233065,0.11053849144705705,1.0524253138754247,1.054036194252693,1.0270848634564504,0.9872412815423873,1.0051039008384979,1.121575984990619,1.0374963945774445
full,24,23,128117.40619999016,0.009327931262752776,0.008652153339671287,0.002383031588749176,0.21946593389581381,0.0874053767604281,0.17415818944573408,0.00017415818944573408,0.0004955986168767725,0.198239446750709,1.396478893501418,1.0,0.7929577231407166,0.7929577870028361,6.386211959252819e-08,False,0.9434047937393188,0.8194309922441233,3.7098426818847656,46,-0.1077831430094583,0.5171206550938743,-0.09045630374125072,0.1450916337115424,0.4634233968598502,0.03426541707345418,0.03833834401198796,1.0054865027130322,0.9846774920370601,1.0193239990459473,1.0485353245261344,1.019949220166848,1.0441619270659084,1.0467055879899918
full,24,24,131941.92722982267,0.030438843746101174,0.029851689503161305,0.0185251653805137,0.2420908038896894,0.08199409226723765,0.08480685630014961,8.480685630014962e-05,0.00048516543582081793,0.19406617432832718,1.3881323486566544,1.0,0.7762646675109863,0.7762646973133087,2.9802322387695312e-08,False,0.9442692995071411,0.8201818924132008,3.6433663368225098,47,-0.10151119902729988,0.542522307485342,-0.0925549753010273,0.12477073445916176,0.4434395395219326,0.04270841181278229,0.040625181049108505,1.0222140006378042,1.054929753081416,0.9992198688185272,0.9627499315256095,1.0142247510668565,1.0807433514899072,0.9436918990703851
full,25,1,98246.10627956127,-0.015664664509658643,-0.01753893720438726,-0.023868887120911876,-0.017852043066704404,0.1203368810841494,1.3965287442718233,0.0013965287442718234,0.0005093861371278762,0.2037544548511505,1.407508909702301,1.0,0.8150177597999573,0.815017819404602,5.960464477539063e-08,False,0.9705629348754883,0.8430202539124996,4.165126323699951,25,-0.12670167535543442,0.24609007686376572,-0.0770527794957161,0.4068511351943016,0.4738945886492729,0.041808683425188065,0.03510997071862221,0.9819083802034764,0.9740025585719445,0.9828400247399243,0.9851351351351353,0.9754273504273504,1.0244708994708993,1.1078930617441118
full,25,2,98561.28340870791,0.004259101182747305,0.003208036848298068,-0.0008392769034904681,-0.014597177933713734,0.08188284072962275,0.5432359459144729,0.0005432359459144729,0.0005039188598415682,0.2015675439366273,1.4031350878732545,0.9999999999999999,0.8062700629234314,0.8062701757465089,1.1282307754711951e-07,False,0.926240861415863,0.8045225900524479,3.747302293777466,26,-0.10041519174618382,0.49142156621175154,-0.10115235219044347,0.20330035766320567,0.47072772761540754,0.015811786853841353,0.020306105592421103,1.0171811676906573,1.0045787328777878,1.0194502657857352,1.0099451303155005,1.0087623220153341,1.013557133634603,0.9675380637747775
full,25,3,100445.34801782481,0.019864286181650703,0.019115666354547978,0.014404914537397343,0.004433734628962349,0.0925199605055748,0.25124406388827736,0.00025124406388827734,0.00048306414724460676,0.1932256588978427,1.3864513177956854,0.9999999999999999,0.7729026079177856,0.7729026355913708,2.7673585201171136e-08,False,0.9686558246612549,0.8413637590276537,3.853703498840332,27,-0.1029702981135675,0.5337731282093695,-0.09025536078427521,0.1419390926935843,0.4090220670082739,0.02415017623986515,0.08434119474674973,1.0204317810759416,1.036630597940096,1.0048074160114426,1.0196943972835313,1.0007238508867176,1.024203821656051,0.9902019002375297
full,25,4,101029.3298367195,0.006692913376974641,0.00581392598481556,0.002469305890693281,0.010188425859926742,0.06570770680542223,0.38143228633063175,0.00038143228633063175,0.0004920926437314067,0.1968370574925627,1.3936741149851255,1.0,0.7873481512069702,0.787348229970251,7.876328078637584e-08,False,0.9919936656951904,0.8616347501888008,4.063380241394043,28,-0.10624975205532142,0.5562536021960633,-0.09058730543724128,0.08122639863618783,0.2826300164950746,0.02807228213974408,0.24865475802549294,1.034047030048888,1.0449943420211207,1.037165241936394,0.9783549783549785,0.9924050632911392,0.9950248756218906,0.9706146926536732
full,25,5,105579.40030720261,0.045730008117228715,0.04503712414837158,0.03962969101735005,0.05284553891164678,0.06054844068739994,0.15683399619800706,0.00015683399619800706,0.0005059696068721158,0.20238784274884636,1.4047756854976927,0.9999999999999999,0.809551477432251,0.8095513709953854,1.0643686554345777e-07,False,0.9758312702178955,0.8475962718485462,4.122711658477783,29,-0.11299575279865948,0.518536700201886,-0.08939208995018688,0.057908954364912835,0.31491632599915775,0.01743563104953083,0.2935902311333588,1.028589803182445,1.0354429604664128,1.0173620255284004,1.0408441116405716,1.0557580174927113,1.08125,1.0367624343527957
full,25,6,106703.9967270678,0.01144898755868784,0.010651665159993051,0.006826712136410109,0.06282798145055035,0.06311460804986918,0.2953523322939873,0.0002953523322939873,0.0004932557312505586,0.19730229250022346,1.394604585000447,0.9999999999999999,0.7892091274261475,0.7892091700008939,4.257474639501879e-08,False,1.0420112609863281,0.9050794814548231,4.4898600578308105,30,-0.11693289663110462,0.5328338689037732,-0.08036939586911884,0.08738560442413601,0.21139487091984066,0.11231528435434612,0.2533726638981274,1.0293303784225487,1.0479104071466634,1.0217829114307377,0.9565075212557227,0.9206075250258889,1.0710982658959536,1.0146007151370682
full,25,7,102651.67304572368,-0.03700143249257637,-0.037977243642610015,-0.04149769722490487,0.025831756726873434,0.09002945002455909,0.503597456429686,0.000503597456429686,0.0005102211662701198,0.20408846650804793,1.4081769330160958,1.0,0.8163538575172424,0.8163538660321916,8.514949190185916e-09,False,0.9475865364074707,0.8230632077751588,3.7057762145996094,31,-0.10753423454506056,0.5533329275037562,-0.09655423196298737,0.07631003377693038,0.43329587844865664,0.02310626847403388,0.11804335830467086,0.8883429458072976,0.9111819056684046,0.8713745250537601,0.9620512820512821,0.9591301087364079,1.0766324878575284,1.0555066079295152
full,25,8,95548.04741072889,-0.06865514096062453,-0.06920126505712831,-0.0767077265593015,-0.04659386256355047,0.085642145377552,0.12787093967199323,0.00012787093967199322,0.0004586833023599217,0.18347332094396868,1.3669466418879372,1.0,0.7338931560516357,0.7338932837758745,1.2772423874096717e-07,False,0.918850302696228,0.798103232312209,3.4102370738983154,32,-0.08712910594684739,0.5627435248877322,-0.09634421499712129,0.08571073678987365,0.45076010642307146,0.030151064374617148,0.05410788846867423,0.8748807130139254,0.8987705690454519,0.8625624855383022,0.9506041222459132,0.9378420641125881,0.8997493734335839,0.9897050639955481
full,25,9,100827.46062310055,0.05639156388255184,0.055254014660050865,0.049838726704744596,0.00820669902809168,0.09923669773795105,0.634723146046911,0.000634723146046911,0.0004426824035389083,0.17707296141556333,1.3541459228311266,0.9999999999999999,0.70829176902771,0.7082918456622531,7.663454315576246e-08,False,1.0438623428344727,0.9066873107192239,4.497877597808838,33,-0.07933767725314414,0.24677302102957452,-0.0977352841624192,0.2535456583968231,0.49777488570128164,0.051687268274171,0.127292128013713,1.1268440206437376,1.154471978877262,1.1108063488991609,1.0661682242990655,1.0220925385577322,1.1103064066852368,1.0447005903851563
full,25,10,99873.1329189555,-0.008604080260479874,-0.009464958239029597,-0.01449371917913757,-0.001270282380622323,0.10033475540847134,0.37028779728072014,0.00037028779728072014,0.00049843876223479,0.199375504893916,1.398751009787832,0.9999999999999999,0.7975020408630371,0.7975020195756639,2.1287373197509396e-08,False,1.0727918148040771,0.931815130800772,4.999556541442871,34,-0.11503099756581442,0.1946242143000875,-0.08434450732810159,0.3393596102084432,0.4367074061717306,0.13762643826859336,0.09105783594506126,1.0452818452385757,1.0675310126503827,1.0426107204951207,0.982468443197756,0.9755301794453507,1.0065228299046662,1.0306781485468246
full,25,11,104715.0198550577,0.049502270763319034,0.048480374997661,0.04166480978051025,0.045027159060696875,0.09265263321617888,0.4702460659401756,0.0004702460659401756,0.0005039239049490009,0.20156956197960038,1.4031391239592006,1.0,0.8062782287597656,0.8062782479184012,1.915863556689601e-08,False,1.0097362995147705,0.877045806113348,4.40444803237915,35,-0.11123749480715822,0.40998661651143004,-0.09033206717244216,0.22362819447049073,0.4450152529669659,0.024222380880798616,0.09871711714991502,1.0183883698313119,1.0599512631895773,1.0169313969075835,1.0549607423269096,1.023829431438127,1.175972083748754,1.0135770234986945
full,25,12,114951.54231820449,0.09868077193502822,0.09775600937970275,0.08005472361800443,0.1300682184569233,0.09972671556443959,0.34248905256390566,0.00034248905256390567,0.0004995680627013955,0.19982722508055825,1.3996544501611166,1.0,0.7993088960647583,0.7993089003222331,4.257474817137563e-09,False,1.0501006841659546,0.9121058651522072,4.669224262237549,36,-0.1179842469947679,0.4928054766995566,-0.08184297808579036,0.18907436302730016,0.31507131031581337,0.08580798230000905,0.11706809273787908,1.0551013292304916,1.0682486990147664,1.0238423367924046,1.11468200270636,1.0955492037566352,1.1479440440864774,1.0770221535291085
full,25,13,117848.78012208162,0.02621614435484876,0.0252039924428078,0.016333431260362883,0.15145494169385343,0.10106583953134511,0.5055615603923798,0.0005055615603923798,0.0004812202070440565,0.1924880828176226,1.3849761656352453,1.0,0.7699522972106934,0.7699523312704906,3.4059797204832876e-08,False,1.090768575668335,0.9474295468924551,5.468398094177246,37,-0.12485119381121229,0.4039385872227805,-0.06763688900641032,0.16653900912829808,0.18055972031184606,0.29024630359240944,0.15120446256228856,1.0700646851823017,1.0958744957492952,1.07574187376562,1.0303490136570561,1.039508013417816,0.9737813884785819,0.9787132265008371
full,25,14,112439.30492933726,-0.045017684333883534,-0.04590183442832918,-0.044352131778865815,0.11063128624954399,0.07056952669112755,0.44073250889778137,0.0004407325088977814,0.00048552509663360465,0.19421003865344186,1.3884200773068838,1.0,0.776840090751648,0.7768401546137675,6.386211959252819e-08,False,1.0728546380996704,0.9318696984219943,5.454035758972168,38,-0.13287660905293058,0.39018070272036964,-0.061333429600511274,0.2002654927117484,0.2472264575106757,0.0916633488876479,0.26487403682300026,0.9607720184563087,0.9483673729353325,0.9771948490503586,0.9664212076583212,0.9602007888131946,0.943875616230565,0.9630987292277614
full,25,15,110987.6633670385,-0.011592827097361313,-0.012910445890883415,-0.015184906640418525,0.09899896108905437,0.07105162959857811,0.8428929437484061,0.0008428929437484061,0.0004910692652421339,0.19642770609685356,1.3928554121937071,0.9999999999999999,0.7857107520103455,0.7857108243874142,7.23770687827141e-08,False,0.9558982849121094,0.8302827007962231,3.8386549949645996,39,-0.11127632270966259,0.4916776626237801,0.018087120992796746,0.07802268703069004,0.46615513254489216,-0.08515138338719097,0.1424851029046944,0.972334225393994,0.9770852563241543,0.9539229191567941,1.0146296860713198,1.00336071695295,1.0297308155885898,0.9807155544278103
full,25,16,119615.48923395164,0.07866150828982033,0.07773680069631461,0.06160032303790282,0.16398786946050448,0.06777170667094573,0.38271037595612656,0.00038271037595612655,0.0004749304841139487,0.1899721936455795,1.3799443872911588,0.9999999999999999,0.759888768196106,0.7598887745823175,6.38621155957253e-09,False,0.9209269285202026,0.7999069665848689,3.482104778289795,40,-0.10032256027417524,0.5640501968030418,-0.08964963337140425,0.0457807212535824,0.4409918479089226,0.022877507976123257,0.11627191970390932,1.1075456274694473,1.1179570958597118,1.1183717604729042,1.0432562331030337,1.0900632675846669,0.9914163090128755,0.9314359637774902
full,25,17,123046.06060656339,0.030034246123455732,0.02867999282184952,0.018857786840028708,0.18729620837072214,0.08901104140377909,0.8200393388313906,0.0008200393388313906,0.0004955910399023976,0.198236415960959,1.396472831921918,0.9999999999999999,0.7929456233978271,0.7929456638438359,4.0446008764405406e-08,False,1.0727605819702148,0.9317880023059708,5.648185729980469,41,-0.14056903815695215,0.3210841646151883,-0.05766737780400685,0.17021774553826877,0.31418468856385773,0.11189053260854312,0.280859284635101,1.03712146290818,1.0565291374240031,1.0326546656799105,1.0463576158940397,0.9351314441789006,1.1279024006296734,1.0611111111111111
full,25,18,120372.20521022653,-0.02065182754724415,-0.021730524188713685,-0.02223893122565592,0.1692434326898562,0.08372311089579963,0.5919837195958408,0.0005919837195958408,0.0005100667769355435,0.20402671077421738,1.4080534215484346,0.9999999999999998,0.816106915473938,0.8161068430968692,7.23770687827141e-08,False,1.0039634704589844,0.8720315905055507,4.196614742279053,42,-0.11658650104488649,0.5016165503433772,-0.08744020972933089,0.16022757972989762,0.40566162552152357,0.06499957825456346,0.07152137692485536,0.9888633335144615,1.0141533291379978,0.9796166893478648,1.0192625206384152,0.910551296093465,1.0568736915561758,0.9814136125654451
full,25,19,122872.83029110191,0.021528310235585657,0.02077410708317684,0.011971594372725044,0.18615043079021765,0.09870807455272805,0.22874044946261823,0.00022874044946261823,0.000509840850053089,0.20393634002123562,1.407872680042471,0.9999999999999999,0.8157451748847961,0.815745360084942,1.852001458857444e-07,False,0.9347103834152222,0.8118791233898076,3.604991912841797,43,-0.1065090157623802,0.551758929288813,-0.09742732425885542,0.09717968771500246,0.45722193936152117,0.023664360067674084,0.07411142358822481,1.026091448048592,1.0093070419373205,1.0316766856435173,1.0105291576673865,1.057337610264635,0.9290194783757015,0.9554547879434515
full,25,20,122329.72816159534,-0.003713930740314897,-0.004420034341358403,-0.0077644319713412,0.18253721721753657,0.08302436797320253,0.2201712727546692,0.00022017127275466918,0.0004888157958963088,0.19552631835852352,1.3910526367170468,0.9999999999999999,0.7821052074432373,0.7821052734340936,6.599085633496315e-08,False,0.9749627709388733,0.8468419029597136,3.9769866466522217,44,-0.10974080567913397,0.5227804138724292,-0.08578551267938955,0.08257802868528025,0.39596932674092905,0.021643300673791332,0.17255524838609354,1.0424386351216453,1.004133253410209,1.0662471630729378,0.9422922789206518,1.0401971937808114,0.9470504619758351,0.9678950307091011
full,25,21,125475.06650798034,0.026401141670106876,0.025711970374282744,0.016025395434769375,0.20302891416566893,0.08932603026725959,0.19194216760141503,0.00019194216760141502,0.00047972774931362704,0.19189109972545082,1.3837821994509016,0.9999999999999999,0.7675642371177673,0.7675643989018033,1.6178403594580004e-07,False,0.9575960636138916,0.8317573726395769,3.81386137008667,45,-0.11095020334635464,0.49064384241189274,-0.08094089637909618,0.10055534381951603,0.4688366784581116,0.021925101322787133,0.1099301337131432,1.0524253138754247,1.054036194252693,1.0270848634564504,0.9872412815423873,1.0051039008384979,1.121575984990619,1.0374963945774445
full,25,22,126567.60570996214,0.009383293588725028,0.008707221541200072,0.002678519573414675,0.20990841661999626,0.0840196576182532,0.1740821876696178,0.00017408218766961782,0.0004959294572472572,0.1983717828989029,1.3967435657978058,1.0,0.793487012386322,0.7934871315956116,1.1920928955078125e-07,False,0.9437997341156006,0.8197740330963232,3.715172529220581,46,-0.10787887498736382,0.5164843685925007,-0.09049290791153908,0.14640535786747932,0.46310992911458015,0.03420432657003403,0.0381678007543087,1.0054865027130322,0.9846774920370601,1.0193239990459473,1.0485353245261344,1.019949220166848,1.0441619270659084,1.0467055879899918
full,25,23,130337.90756769617,0.03037716042561933,0.029788837645976507,0.018756968841899244,0.23276350015009228,0.08196229376393552,0.08578448849064957,8.578448849064957e-05,0.0004853566682764462,0.1941426673105785,1.3882853346211568,0.9999999999999999,0.7765706181526184,0.7765706692423135,5.10896951411155e-08,False,0.9446859955787659,0.8205438300222756,3.6476263999938965,47,-0.1015848916556154,0.5422156426523412,-0.09255777565496309,0.12571349473936216,0.4429744157407965,0.04265887396676199,0.04058024021131651,1.0222140006378042,1.054929753081416,0.9992198688185272,0.9627499315256095,1.0142247510668565,1.0807433514899072,0.9436918990703851
full,25,24,128832.36329157266,-0.010955120282886477,-0.011551085207820555,-0.013089147845781956,0.22379751915533386,0.08246333702047057,0.1279698993478503,0.0001279698993478503,0.0004747778257089002,0.1899111302835601,1.3798222605671202,0.9999999999999999,0.7596444487571716,0.7596445211342404,7.23770687827141e-08,False,0.9446532726287842,0.8205154072290584,3.586029291152954,48,-0.09889963428889004,0.563230922711747,-0.09101149599467007,0.08954310257519993,0.4245140164026192,0.033304715795176354,0.07931837279881748,1.022748062827226,1.0116330078314992,1.0125485675873276,0.8998577524893313,0.9817671809256661,0.9866587607471095,1.0382775119617225
full,26,1,100202.83863375745,0.004002612510608516,0.002028386337574517,-0.0027333748323027894,0.0020242803150400945,0.09515310294685767,1.4657930726451531,0.001465793072645153,0.0005024983560932534,0.2009993424373014,1.4019986848746027,0.9999999999999998,0.8039973974227905,0.8039973697492053,2.7673585201171136e-08,False,0.9158197641372681,0.7954709399655063,3.6121151447296143,26,-0.10051967602755343,0.515790346743805,-0.10047966640974795,0.1668360416910478,0.4788415764591523,0.01631155769739831,0.0232198198458978,1.0171811676906573,1.0045787328777878,1.0194502657857352,1.0099451303155005,1.0087623220153341,1.013557133634603,0.9675380637747775
full,26,2,102081.13103837067,0.019516022435663416,0.018744902142726838,0.014786381693794173,0.020387029583247895,0.07152735148827255,0.27570578934890894,0.00027570578934890894,0.0004809395649603436,0.19237582598413744,1.3847516519682748,1.0,0.7695032954216003,0.7695033039365495,8.514949190185916e-09,False,0.9646444320678711,0.8378795076915454,3.7852044105529785,27,-0.1028921279524054,0.5489440586950098,-0.08948369803173203,0.10644019661205154,0.40375697878854616,0.02521147472517829,0.10802311716335158,1.0204317810759416,1.036630597940096,1.0048074160114426,1.0196943972835313,1.0007238508867176,1.024203821656051,0.9902019002375297
full,26,3,102642.36287576126,0.006391373510732379,0.005497899873186496,0.0023311028403973756,0.025743394849157775,0.06050524851025007,0.3979343867727687,0.0003979343867727687,0.0004902593206082071,0.19610372824328287,1.3922074564865656,0.9999999999999999,0.7844149470329285,0.7844149129731313,3.4059797204832876e-08,False,0.9796575307846069,0.8509197195494398,3.9671547412872314,28,-0.10555160737463407,0.562345274324928,-0.0905521208686488,0.0623949361698968,0.2525629481034619,0.0280587902026517,0.29074177944234436,1.034047030048888,1.0449943420211207,1.037165241936394,0.9783549783549785,0.9924050632911392,0.9950248756218906,0.9706146926536732
full,26,4,107205.94941881535,0.045130585244494315,0.044461043327479466,0.03834263180020125,0.06721594704286671,0.06259840787015378,0.13719170274479056,0.00013719170274479058,0.0005036435023482357,0.2014574009392943,1.4029148018785886,1.0,0.8058295249938965,0.8058296037571773,7.876328078637584e-08,False,0.9625615477561951,0.8360703373655379,4.01474666595459,29,-0.11194510624877047,0.5294486819101232,-0.08951229469052382,0.0443370094788926,0.2888269065214055,0.01681095681020192,0.32203384621867115,1.028589803182445,1.0354429604664128,1.0173620255284004,1.0408441116405716,1.0557580174927113,1.08125,1.0367624343527957
full,26,5,108715.62448820334,0.014875224459806935,0.01408200829872075,0.009597429024355751,0.0801690146125138,0.06711277090582682,0.28866064495274,0.00028866064495274,0.0004932347924581596,0.19729391698326385,1.3945878339665276,1.0,0.7891756892204285,0.7891756679330553,2.1287373197509396e-08,False,1.0292271375656128,0.8939753329396495,4.351197719573975,30,-0.11633762078625814,0.5419778291668211,-0.0809562961970057,0.07132775975125175,0.18860735637801032,0.11306538326399665,0.28231558842318394,1.0293303784225487,1.0479104071466634,1.0217829114307377,0.9565075212557227,0.9206075250258889,1.0710982658959536,1.0146007151370682
full,26,6,104761.53511883873,-0.03538274606044112,-0.036370939209328323,-0.03940328197074034,0.0454511774138987,0.0937088954425049,0.5143226917300903,0.0005143226917300903,0.0005106430793447154,0.2042572317378862,1.4085144634757722,0.9999999999999998,0.817028820514679,0.8170289269515445,1.0643686554345777e-07,False,0.9485715627670288,0.8239187908001295,3.7244303226470947,31,-0.10731188420738497,0.5572333240083285,-0.09694534753050124,0.06549133892570222,0.42148747082267485,0.02299476202045167,0.13705033596072877,0.8883429458072976,0.9111819056684046,0.8713745250537601,0.9620512820512821,0.9591301087364079,1.0766324878575284,1.0555066079295152
full,26,7,97498.43206643465,-0.06875738862681413,-0.06932986466993829,-0.07548802747472712,-0.02565751961899032,0.08758660883676177,0.15844760622297036,0.00015844760622297035,0.00045648567910705305,0.18259427164282122,1.3651885432856423,1.0,0.7303770780563354,0.7303770865712846,8.514949190185916e-09,False,0.9172788858413696,0.7967383169745395,3.390549659729004,32,-0.08685920121414323,0.5655472901250636,-0.09573507042867799,0.07812786368387084,0.4502606120492731,0.030831972935370017,0.05782653284924369,0.8748807130139254,0.8987705690454519,0.8625624855383022,0.9506041222459132,0.9378420641125881,0.8997493734335839,0.9897050639955481
full,26,8,102986.82125850569,0.05740953535035054,0.05629207645443257,0.05031970902599073,0.029001975417888848,0.08679572021776889,0.6160530767270498,0.0006160530767270498,0.0004412948420005186,0.17651793680020744,1.3530358736004149,0.9999999999999999,0.7060717344284058,0.7060717472008298,1.277242400732348e-08,False,1.0425642728805542,0.9055598214830016,4.477192401885986,33,-0.07932513739381519,0.2589784807392529,-0.09719279940639225,0.24062029485191616,0.49966200653995785,0.05109907154526028,0.12615808312382015,1.1268440206437376,1.154471978877262,1.1108063488991609,1.0661682242990655,1.0220925385577322,1.1103064066852368,1.0447005903851563
full,26,9,102163.24514899481,-0.0071415265700435215,-0.007996907754280858,-0.012917838858605958,0.021174397366097164,0.1018052161362855,0.3667685197932379,0.00036676851979323787,0.0004951366649142333,0.19805466596569335,1.3961093319313866,0.9999999999999999,0.7922186255455017,0.7922186638627733,3.831727157788123e-08,False,1.0773706436157227,0.9357922509737265,5.067303657531738,34,-0.11450529204947607,0.20913423491375785,-0.08354937391621728,0.324807553419045,0.433342276939324,0.13665264738457542,0.094117953308991,1.0452818452385757,1.0675310126503827,1.0426107204951207,0.982468443197756,0.9755301794453507,1.0065228299046662,1.0306781485468246
full,26,10,107098.55761783982,0.049325525948086035,0.04830810201503821,0.04111487184684475,0.06628060896179033,0.07982679497696836,0.467270763857024,0.000467270763857024,0.0005027976020106248,0.20111904080424992,1.4022380816084998,1.0,0.8044761419296265,0.8044761632169997,2.1287373197509396e-08,False,1.0087950229644775,0.8762282236898737,4.383577346801758,35,-0.11095224586980684,0.42061918707830565,-0.09016679493444307,0.21092495056135313,0.44193908306104795,0.023517289331981106,0.10411853077156202,1.0183883698313119,1.0599512631895773,1.0169313969075835,1.0549607423269096,1.023829431438127,1.175972083748754,1.0135770234986945
full,26,11,117520.94491625564,0.09823798786489824,0.09731585121441189,0.07834580972541232,0.14908784922330998,0.08922861072214654,0.34114272786038263,0.00034114272786038265,0.0004988609999418259,0.19954439997673035,1.3990887999534607,1.0,0.7981775403022766,0.7981775999069214,5.960464477539063e-08,False,1.0510703325271606,0.9129480910175238,4.663136959075928,36,-0.11781249940395355,0.49845629930496216,-0.0817319005727768,0.1817922741174698,0.3073606491088867,0.08628122508525848,0.1256539523601532,1.0551013292304916,1.0682486990147664,1.0238423367924046,1.11468200270636,1.0955492037566352,1.1479440440864774,1.0770221535291085
full,26,12,120465.73837652116,0.02606639017717649,0.025057605368676628,0.01568338663703905,0.16988845668761476,0.10234441654531475,0.5033657614673888,0.0005033657614673888,0.0004802752978035382,0.1921101191214153,1.3842202382428306,1.0,0.7684404850006104,0.7684404764856612,8.514949190185916e-09,False,1.0891337394714355,0.9460095462141968,5.435891151428223,37,-0.12475372744458063,0.4085924412522997,-0.06735639167683466,0.16129670398575918,0.17297842460019247,0.2901513661657061,0.1590911831174578,1.0700646851823017,1.0958744957492952,1.07574187376562,1.0303490136570561,1.039508013417816,0.9737813884785819,0.9787132265008371
full,26,13,114931.86681595004,-0.04505083762305229,-0.04593730661638207,-0.043927024093552904,0.1299192924435978,0.07915719699071859,0.44401588078056053,0.00044401588078056054,0.00048470444578145236,0.19388177831258094,1.3877635566251618,0.9999999999999999,0.7755271196365356,0.7755271132503236,6.38621200366174e-09,False,1.0697658061981201,0.9291867731212542,5.406885623931885,38,-0.13292700531227247,0.39477027473705156,-0.060954773000308465,0.19398979363696914,0.2401358586336885,0.09013887015836577,0.27484698114650585,0.9607720184563087,0.9483673729353325,0.9771948490503586,0.9664212076583212,0.9602007888131946,0.943875616230565,0.9630987292277614
full,26,14,113430.11365660235,-0.011747639416361033,-0.013066464514603027,-0.014961939814815467,0.11839989596819578,0.06885086678826914,0.8450524705861295,0.0008450524705861295,0.0004903411213308573,0.1961364485323429,1.3922728970646858,1.0,0.7845457792282104,0.7845457941293716,1.4901161193847656e-08,False,0.9560777544975281,0.8304385860974568,3.8420217037200928,39,-0.1107658352702856,0.4910482782870531,0.018204454332590103,0.07465496100485325,0.46506369300186634,-0.0853706132620573,0.1471650619059801,0.972334225393994,0.9770852563241543,0.9539229191567941,1.0146296860713198,1.00336071695295,1.0297308155885898,0.9807155544278103
full,26,15,122199.5323519595,0.07823432089273408,0.07731120434125316,0.05889995849151173,0.1816662627482103,0.08732816577005577,0.3830631252910409,0.00038306312529104094,0.000473440805716174,0.1893763222864696,1.378752644572939,0.9999999999999999,0.7575051784515381,0.757505289145878,1.1069433991650612e-07,False,0.9211515188217163,0.8001020432421417,3.4856884479522705,40,-0.10016139862792833,0.5639290112469877,-0.08921492365854128,0.044357792607375546,0.43882944168789045,0.022675779781171246,0.11958429696304457,1.1075456274694473,1.1179570958597118,1.1183717604729042,1.0432562331030337,1.0900632675846669,0.9914163090128755,0.9314359637774902
full,26,16,125725.74616540245,0.030217481922353295,0.028856197283036567,0.018849950681168768,0.20461796370298035,0.08203500547202582,0.8275892947401319,0.0008275892947401319,0.000494641037657857,0.19785641506314278,1.3957128301262856,1.0,0.7914256453514099,0.7914256602525711,1.4901161193847656e-08,False,1.0700640678405762,0.9294458398922184,5.641458988189697,41,-0.1413872428238392,0.3171144686639309,-0.05646917223930359,0.16792189702391624,0.3130751810967922,0.11197838559746742,0.287766482681036,1.03712146290818,1.0565291374240031,1.0326546656799105,1.0463576158940397,0.9351314441789006,1.1279024006296734,1.0611111111111111
full,26,17,122986.71645548576,-0.020697789961814372,-0.021785750281515748,-0.02259632258725168,0.1869040585680296,0.09764834904601863,0.6017875320145061,0.0006017875320145061,0.0005097846607012409,0.20391386428049638,1.4078277285609926,0.9999999999999998,0.8156554102897644,0.8156554571219852,4.6832220768067145e-08,False,1.0041825771331787,0.8722219041446522,4.200628280639648,42,-0.11684773330177584,0.5009872296026774,-0.08706613097872054,0.16035038019929612,0.4055566766432353,0.0645380743912288,0.07248150344405854,0.9888633335144615,1.0141533291379978,0.9796166893478648,1.0192625206384152,0.910551296093465,1.0568736915561758,0.9814136125654451
full,26,18,125543.67826085915,0.02154528362254915,0.02079055266345664,0.010750555292545413,0.20346447240285237,0.116197170845547,0.22964163124561313,0.00022964163124561312,0.0005094444485647338,0.20377777942589353,1.407555558851787,0.9999999999999998,0.8151111006736755,0.8151111177035739,1.7029898380371833e-08,False,0.9345120191574097,0.8117068263846581,3.6038639545440674,43,-0.1065284668334893,0.5514395252934523,-0.09724931259240424,0.09680264602814401,0.45758539597902975,0.023448174553258067,0.07450203757200921,1.026091448048592,1.0093070419373205,1.0316766856435173,1.0105291576673865,1.057337610264635,0.9290194783757015,0.9554547879434515
full,26,19,124996.36042022618,-0.003652884363922193,-0.004359581049519168,-0.008080873645455688,0.19997670601120487,0.09186214507616385,0.22137692144938861,0.00022137692144938862,0.00048816237332565435,0.19526494933026176,1.3905298986605235,1.0,0.7810598015785217,0.7810597973210469,4.257474817137563e-09,False,0.9746980667114258,0.8466119837890798,3.9790687561035156,44,-0.10995666256972719,0.5212224764483315,-0.08530828676053456,0.08242776670626231,0.3970267815249307,0.021338452185903273,0.17324947246483394,1.0424386351216453,1.004133253410209,1.0662471630729378,0.9422922789206518,1.0401971937808114,0.9470504619758351,0.9678950307091011
full,26,20,126957.33573449877,0.016580262627373887,0.015688259303550778,0.008560993040698434,0.21233381732957646,0.07592236555346299,0.3984941265412739,0.00039849412654127393,0.00047934595362416347,0.19173838144966537,1.3834767628993307,0.9999999999999999,0.7669535279273987,0.7669535257986615,2.1287371865241766e-09,False,0.9584413766860962,0.8324916022450553,3.819844961166382,45,-0.11087407145117012,0.48820156630660805,0.022229163242237893,0.10097896334316048,0.470185198155897,-0.08086430999849525,0.11014349040176186,1.0524253138754247,1.054036194252693,1.0270848634564504,0.9872412815423873,1.0051039008384979,1.121575984990619,1.0374963945774445
full,26,21,128046.85345789541,0.00946704683136712,0.008581762661395986,0.0027654337246442538,0.2190358661731413,0.07873230237841182,0.38156821046556744,0.00038156821046556744,0.0004957983057413782,0.19831932229655128,1.3966386445931025,1.0,0.7932773232460022,0.793277289186205,3.4059797204832876e-08,False,0.9437460899353027,0.819727438353344,3.718348741531372,46,-0.10816310665437151,0.5148066324847085,-0.09015621564217977,0.1476094467299325,0.46406674810818266,0.033973280872617445,0.03786321410111018,1.0054865027130322,0.9846774920370601,1.0193239990459473,1.0485353245261344,1.019949220166848,1.0441619270659084,1.0467055879899918
full,26,22,131852.88665686361,0.030312964200679637,0.029723754205484676,0.01867418877576292,0.2415789859781997,0.07737862058590973,0.08657882149730411,8.657882149730411e-05,0.00048545953684619504,0.194183814738478,1.388367629476956,0.9999999999999999,0.7767351865768433,0.776735258953912,7.23770687827141e-08,False,0.9441924095153809,0.8201151066149307,3.64713454246521,47,-0.1017935813537666,0.541221132768052,-0.09239023338471142,0.12640825499381336,0.44421254683818134,0.042315533650772896,0.04002634648765835,1.0222140006378042,1.054929753081416,0.9992198688185272,0.9627499315256095,1.0142247510668565,1.0807433514899072,0.9436918990703851
full,26,23,130318.2329977041,-0.01104310842560463,-0.011639135843520276,-0.013118766542184346,0.23264766794557612,0.08374897019121506,0.12807634579283858,0.0001280763457928386,0.00047478825119989256,0.18991530047995703,1.3798306009599142,1.0,0.7596611380577087,0.7596612019198283,6.386211959252819e-08,False,0.9436310529708862,0.8196275185156221,3.5806312561035156,48,-0.09904601850679942,0.5627710776669639,-0.0908692819731576,0.08966961822339467,0.4262659507138388,0.032962593649114885,0.07824606022664479,1.022748062827226,1.0116330078314992,1.0125485675873276,0.8998577524893313,0.9817671809256661,0.9866587607471095,1.0382775119617225
full,26,24,139344.5802128481,0.0699538788520977,0.06926388585473697,0.045033468844761254,0.2823545785042335,0.09346883427792275,0.15974734351038933,0.00015974734351038934,0.00048534174715834,0.194136698863336,1.3882733977266721,1.0,0.7765467762947083,0.7765467954533443,1.915863601098522e-08,False,0.9109439849853516,0.7912358920041939,3.4591751098632812,49,-0.09732979775539466,0.5413817739380258,-0.09680690110794135,0.11425319074520043,0.47983982919582296,0.019403609846319475,0.039258295137967386,1.028990413717977,1.0399761864870785,1.0121727778274432,0.9920961112867532,1.1142857142857145,0.933293269230769,0.9915966386554621
full,27,1,101739.60778461528,0.019232552048865204,0.017396077846152824,0.013256551680917453,0.01709862876902446,0.07684154176214016,1.3195050656795502,0.0013195050656795502,0.0004839407599398068,0.19357630397592274,1.3871526079518453,0.9999999999999999,0.7743051052093506,0.7743052159036905,1.1069433991650612e-07,False,0.9680054187774658,0.8407988236549998,3.815377950668335,27,-0.10341472817318781,0.5522392253790582,-0.09016157580273493,0.09598577874047415,0.3932275931750025,0.025457189551421566,0.12666651712996618,1.0204317810759416,1.036630597940096,1.0048074160114426,1.0196943972835313,1.0007238508867176,1.024203821656051,0.9902019002375297
full,27,2,102246.90866585186,0.0058869083168886505,0.004986267317941273,0.0019304762718155154,0.02197532126076185,0.058924324398437464,0.4040398608360972,0.00040403986083609726,0.0004917312599718571,0.19669250398874283,1.3933850079774857,1.0,0.7867701053619385,0.7867700159549713,8.940696716308594e-08,False,0.9737780094146729,0.8458128321750505,3.9279351234436035,28,-0.10596975684165955,0.5624861866235733,-0.09072274714708328,0.05723549798130989,0.2330741435289383,0.027548227459192276,0.31634844839572906,1.034047030048888,1.0449943420211207,1.037165241936394,0.9783549783549785,0.9924050632911392,0.9950248756218906,0.9706146926536732
full,27,3,106758.39057767412,0.0447931272747808,0.04412340647447843,0.03826797127198254,0.0633054745496272,0.06124364033765635,0.1364331937261992,0.00013643319372619919,0.0005047803851110596,0.20191215404442384,1.4038243080888475,0.9999999999999999,0.8076485991477966,0.807648616177695,1.7029898380371833e-08,False,0.9580417275428772,0.8321444714098605,3.9883391857147217,29,-0.1125254764088563,0.528271736311061,-0.08938667763556754,0.04092184986386979,0.2725187854043075,0.016415448593241816,0.3437843338719436,1.028589803182445,1.0354429604664128,1.0173620255284004,1.0408441116405716,1.0557580174927113,1.08125,1.0367624343527957
full,27,4,108381.21204542062,0.015995310386301975,0.015200879846214876,0.010725838211369817,0.07733085732523637,0.06599089128478693,0.2889204078486989,0.0002889204078486989,0.0004933088858212743,0.19732355432850976,1.3946471086570196,1.0,0.7892941236495972,0.7892942173140391,9.36644419802235e-08,False,1.0241169929504395,0.8895367177234547,4.312168598175049,30,-0.11696900853088926,0.5414615156395095,-0.0803545457976205,0.06758642515965871,0.17812021395989827,0.11198916605540685,0.2981662335140365,1.0293303784225487,1.0479104071466634,1.0217829114307377,0.9565075212557227,0.9206075250258889,1.0710982658959536,1.0146007151370682
full,27,5,104509.12800604974,-0.03472314159450374,-0.0357265246097096,-0.039047391581635955,0.04314578154157711,0.09724631595953395,0.5289285922689098,0.0005289285922689098,0.0005110889580100774,0.204435583204031,1.408871166408062,1.0,0.8177422881126404,0.817742332816124,4.470348358154297e-08,False,0.9493550062179565,0.8245992811353718,3.7386908531188965,31,-0.10759931989014149,0.5569724421948195,-0.0968362633138895,0.0629539992660284,0.4177038948982954,0.02262621745467186,0.14417902939021587,0.8883429458072976,0.9111819056684046,0.8713745250537601,0.9620512820512821,0.9591301087364079,1.0766324878575284,1.0555066079295152
full,27,6,97264.72477559115,-0.06873513251874797,-0.06931837791278117,-0.07598006756864621,-0.028121965396187276,0.09424641261763649,0.17068695489849364,0.00017068695489849364,0.00045580302897308566,0.18232121158923426,1.3646424231784684,1.0,0.7292848229408264,0.7292848463569368,2.3416110384033573e-08,False,0.9171965718269348,0.7966668199300347,3.388428211212158,32,-0.08698914865297933,0.565500677430204,-0.09533206293625493,0.07693871190505366,0.45035702069955214,0.030689249613455344,0.05883555194096904,0.8748807130139254,0.8987705690454519,0.8625624855383022,0.9506041222459132,0.9378420641125881,0.8997493734335839,0.9897050639955481
full,27,7,102686.1096689942,0.05686507454413281,0.055738448917747485,0.049614661107262654,0.026158451981994513,0.09331512541838272,0.6257423109241895,0.0006257423109241896,0.00044083333441189364,0.17633333376475746,1.352666667529515,0.9999999999999999,0.7053332924842834,0.7053333350590298,4.257474639501879e-08,False,1.0437413454055786,0.9065822136878376,4.481212615966797,33,-0.07942551161561695,0.25420528118099484,-0.09690782214914051,0.23909733657326016,0.5012046045490673,0.051655056221144524,0.1301710552402905,1.1268440206437376,1.154471978877262,1.1108063488991609,1.0661682242990655,1.0220925385577322,1.1103064066852368,1.0447005903851563
full,27,8,101823.33025082157,-0.007538388764801618,-0.008402104441913139,-0.013623092472643953,0.01790680236376241,0.10742885708823698,0.37565170654228763,0.00037565170654228763,0.0004950033607227463,0.19800134428909852,1.3960026885781969,0.9999999999999999,0.7920053005218506,0.7920053771563937,7.663454315576246e-08,False,1.0770516395568848,0.9355151675688105,5.062250137329102,34,-0.11501054678644457,0.20324811871562684,-0.08299079750265395,0.32600926394973484,0.43466599817786894,0.1386519574693271,0.09542600597654069,1.0452818452385757,1.0675310126503827,1.0426107204951207,0.982468443197756,0.9755301794453507,1.0065228299046662,1.0306781485468246
full,27,9,106741.37041097024,0.04931798447960256,0.04829973786983843,0.04071946729045844,0.06315611636814245,0.09059693427843198,0.46831853049142036,0.0004683185304914204,0.0005025415827653237,0.20101663310612952,1.402033266212259,1.0,0.8040664196014404,0.804066532424518,1.1282307754711951e-07,False,1.008715033531189,0.8761587457508981,4.3856987953186035,35,-0.11112117314977304,0.4171867266829525,-0.08989545995635648,0.21380508398371081,0.44375984823065145,0.023601534643343497,0.10266343956547122,1.0183883698313119,1.0599512631895773,1.0169313969075835,1.0549607423269096,1.023829431438127,1.175972083748754,1.0135770234986945
full,27,10,117149.75729786152,0.09843014856620025,0.09751033593458125,0.0792813726379045,0.14639174415237632,0.0790851029265878,0.3389581841017519,0.0003389581841017519,0.0004987809913499016,0.19951239653996064,1.3990247930799211,0.9999999999999999,0.7980496287345886,0.7980495861598422,4.257474639501879e-08,False,1.050649881362915,0.9125828917764405,4.6674041748046875,36,-0.11809082542146959,0.49587530429874144,-0.08142157111849105,0.18444146748100007,0.3106140249541828,0.08656146164451325,0.12202013816152299,1.0551013292304916,1.0682486990147664,1.0238423367924046,1.11468200270636,1.0955492037566352,1.1479440440864774,1.0770221535291085
full,27,11,120073.90092975728,0.025972062290711584,0.024960731454704677,0.015717122055163468,0.16717955171207788,0.10141371009076174,0.5059359818696976,0.0005059359818696976,0.0004802795792264599,0.19211183169058396,1.3842236633811678,0.9999999999999999,0.7684473395347595,0.7684473267623355,1.277242400732348e-08,False,1.0896512269973755,0.9464590301681358,5.455185413360596,37,-0.1250018424221448,0.40525284941707335,-0.06710998926843917,0.16394147809062684,0.17567949529205049,0.29118049676929203,0.15605751212154115,1.0700646851823017,1.0958744957492952,1.07574187376562,1.0303490136570561,1.039508013417816,0.9737813884785819,0.9787132265008371
full,27,12,114562.46348297382,-0.04501385242240552,-0.04590037805141045,-0.043747075977705156,0.1271137424968004,0.07362533524855377,0.44396139787776123,0.0004439613978777612,0.0004847823043486902,0.19391292173947608,1.3878258434789519,0.9999999999999998,0.7756516337394714,0.7756516869579038,5.3218432327639675e-08,False,1.0706133842468262,0.929922970060325,5.429880619049072,38,-0.13315006079418318,0.39191168067710735,-0.0607628609452929,0.1970181268240724,0.24283873555915694,0.09068918494241576,0.27145519373672344,0.9607720184563087,0.9483673729353325,0.9771948490503586,0.9664212076583212,0.9602007888131946,0.943875616230565,0.9630987292277614
full,27,13,113074.78385122168,-0.011664452387425306,-0.01298575106123867,-0.015718952933470698,0.11562952769757096,0.08469476268482487,0.847550027604614,0.000847550027604614,0.0004902372070189034,0.19609488280756135,1.3921897656151225,1.0,0.7843795418739319,0.7843795312302451,1.0643686820799303e-08,False,0.9560871124267578,0.8304467142915098,3.838981866836548,39,-0.11077079043856691,0.490621895928468,0.01830796844192914,0.07614755018481187,0.466453434367265,-0.08532409236899444,0.1445640338850873,0.972334225393994,0.9770852563241543,0.9539229191567941,1.0146296860713198,1.00336071695295,1.0297308155885898,0.9807155544278103
full,27,14,121849.82653697538,0.07852780875236198,0.0776038864447397,0.060029024179677405,0.17931766632712476,0.073182288997528,0.3837687697793756,0.0003837687697793756,0.000473249719611236,0.18929988784449442,1.3785997756889887,1.0,0.7571995258331299,0.7571995513779775,2.554484757055775e-08,False,0.9205163717269897,0.7995503614852685,3.479724645614624,40,-0.10011121204921178,0.5638210741536958,-0.08918867579528264,0.04479095020464488,0.44040479936770033,0.022701535906110487,0.11758152821234294,1.1075456274694473,1.1179570958597118,1.1183717604729042,1.0432562331030337,1.0900632675846669,0.9914163090128755,0.9314359637774902
full,27,15,125339.17594021371,0.0299989905282243,0.028636474112496924,0.019387066749077142,0.20216485189196076,0.0692023763151772,0.8291340981210982,0.0008291340981210982,0.0004945743855621134,0.19782975422484536,1.3956595084496908,1.0,0.7913191318511963,0.7913190168993816,1.1495181473364369e-07,False,1.0704600811004639,0.9297898126392778,5.6480631828308105,41,-0.14137106069496702,0.3162003862006324,-0.05645869352987834,0.16959298721381597,0.3147182869059699,0.11212300083466939,0.28519509306975777,1.03712146290818,1.0565291374240031,1.0326546656799105,1.0463576158940397,0.9351314441789006,1.1279024006296734,1.0611111111111111
full,27,16,122605.79276503621,-0.020721432447872945,-0.02180789170403763,-0.022566771971321762,0.18437785242625793,0.09559545011237855,0.6002148262092045,0.0006002148262092045,0.0005098496883043221,0.20393987532172886,1.4078797506434575,0.9999999999999999,0.8157594203948975,0.815759501286915,8.089201752881081e-08,False,1.004037857055664,0.8720962018824817,4.2006916999816895,42,-0.11685567242758615,0.5005770261798586,-0.0870842028941427,0.16101295607430594,0.40593367176396505,0.06442478405577795,0.07199143724782125,0.9888633335144615,1.0141533291379978,0.9796166893478648,1.0192625206384152,0.910551296093465,1.0568736915561758,0.9814136125654451
full,27,17,125157.57573138313,0.02156822181372342,0.020812907031539707,0.012208318715055708,0.20100721497975527,0.0884208767688326,0.23017900543553493,0.00023017900543553495,0.0005094623924898251,0.20378495699593002,1.40756991399186,0.9999999999999999,0.8151397705078125,0.8151398279837201,5.747590758886645e-08,False,0.9344657063484192,0.8116665995898861,3.603793144226074,43,-0.10652588281248299,0.5513465332665614,-0.09725907418344704,0.0970871972718409,0.45770820256854805,0.023435911429779854,0.07420711245919975,1.026091448048592,1.0093070419373205,1.0316766856435173,1.0105291576673865,1.057337610264635,0.9290194783757015,0.9554547879434515
full,27,18,124612.45964539118,-0.003648933187920367,-0.004355438197060413,-0.007366311462912127,0.19751202821476033,0.07742249395834376,0.22119833422558643,0.00022119833422558645,0.00048814563080668444,0.1952582523226738,1.3905165046453476,1.0,0.7810329794883728,0.7810330092906952,2.9802322387695312e-08,False,0.9747424125671387,0.8466505021099425,3.978898286819458,44,-0.1099393367767334,0.5212246775627136,-0.0853189155459404,0.0826495811343193,0.3971608281135559,0.021357044577598572,0.1728661209344864,1.0424386351216453,1.004133253410209,1.0662471630729378,0.9422922789206518,1.0401971937808114,0.9470504619758351,0.9678950307091011
full,27,19,126568.00156558694,0.016584111213995945,0.01569298869278901,0.008346524225222866,0.20991088772006505,0.08104670560163721,0.39759717668805805,0.0003975971766880581,0.000479372384558831,0.1917489538235324,1.3834979076470648,0.9999999999999999,0.766995906829834,0.7669958152941296,9.153570434961011e-08,False,0.9584318399429321,0.8324833187351922,3.819986343383789,45,-0.11089071977351395,0.48828000974442276,0.022201238466160622,0.10100368809487137,0.4700851554849318,-0.08085823405001846,0.11017886203314575,1.0524253138754247,1.054036194252693,1.0270848634564504,0.9872412815423873,1.0051039008384979,1.121575984990619,1.0374963945774445
full,27,20,127653.71447619796,0.009463276234412676,0.008578099497355218,0.0018371505921018234,0.21663070745469148,0.09765338285049215,0.3814469182065555,0.0003814469182065555,0.0004958163574337959,0.19832654297351837,1.3966530859470367,1.0,0.7933061718940735,0.7933061718940735,0.0,False,0.9437748193740845,0.8197523924268063,3.7183632850646973,46,-0.1081586442887783,0.5149046815931797,-0.09016789868474007,0.14754559472203255,0.4639817215502262,0.03396657109260559,0.03792797401547432,1.0054865027130322,0.9846774920370601,1.0193239990459473,1.0485353245261344,1.019949220166848,1.0441619270659084,1.0467055879899918
full,27,21,131447.85907992802,0.030311448199167756,0.029722163740386165,0.018184386157115404,0.23924207895090843,0.08853970678203084,0.08664707626615245,8.664707626615245e-05,0.00048546443826385914,0.19418577530554365,1.3883715506110872,0.9999999999999998,0.7767431735992432,0.7767431012221744,7.23770687827141e-08,False,0.9442667365074158,0.8201796662199251,3.6473846435546875,47,-0.10179602195109641,0.5413019151559897,-0.09238975335444724,0.1263405324092933,0.4440851003995963,0.042315115886075144,0.040143111454589014,1.0222140006378042,1.054929753081416,0.9992198688185272,0.9627499315256095,1.0142247510668565,1.0807433514899072,0.9436918990703851
full,27,22,129920.29871652831,-0.011024870842493595,-0.011621036463369538,-0.012621041537248774,0.23029733622927606,0.07352597631232809,0.12818400774683278,0.0001281840077468328,0.0004748092964291573,0.1899237185716629,1.3798474371433258,1.0,0.7596948146820068,0.7596948742866516,5.960464477539063e-08,False,0.9437481164932251,0.81972919859919,3.581387519836426,48,-0.09905334934592247,0.5628041513264179,-0.09087036922574043,0.08961008116602898,0.42607491090893745,0.03296375274658203,0.07847082242369652,1.022748062827226,1.0116330078314992,1.0125485675873276,0.8998577524893313,0.9817671809256661,0.9866587607471095,1.0382775119617225
full,27,23,138918.68281813842,0.06995111091366368,0.06926080212641428,0.045998829694571065,0.2801544186039234,0.07716505360152602,0.16001695341297564,0.00016001695341297565,0.00048536914134664195,0.1941476565386568,1.3882953130773135,1.0,0.7765907049179077,0.7765906261546269,7.876328078637584e-08,False,0.910974383354187,0.791262295691882,3.459230899810791,49,-0.09734181447752885,0.5414292948054416,-0.09680584206112794,0.11417627201548644,0.4798056618975742,0.019410625632320128,0.03932580218783446,1.028990413717977,1.0399761864870785,1.0121727778274432,0.9920961112867532,1.1142857142857145,0.933293269230769,0.9915966386554621
full,27,24,135565.27260821068,-0.02346092723853932,-0.024139375222249737,-0.0228863951543503,0.26234795920778176,0.10159871516417256,0.2244048916867801,0.0002244048916867801,0.00047058395908347204,0.18823358363338882,1.3764671672667776,0.9999999999999999,0.7529343366622925,0.7529343345335553,2.1287371865241766e-09,False,0.9895484447479248,0.8595108582599373,3.9869818687438965,50,-0.10032504025314537,0.527548134593027,-0.08790854338024345,0.131213352350252,0.3844676020422152,0.030273346496479836,0.11473114815141472,0.9524308174608502,0.9468745137780623,0.9571047153564893,1.0296367112810707,0.9903846153846152,1.0135222150676113,0.9600874794969929
full,28,1,100366.14866712675,0.005534610818237251,0.003661486671267422,0.0006664139865587611,0.003648129095210284,0.05963430217303045,1.371838363153594,0.001371838363153594,0.0004927130282989571,0.19708521131958284,1.3941704226391656,0.9999999999999999,0.7883408665657043,0.7883408452783311,2.1287373197509396e-08,False,0.9681561589241028,0.8409297548827712,3.8672916889190674,28,-0.10485441344124932,0.5654593099440848,-0.09223079787833352,0.05346489591257911,0.2076847989644323,0.029129705258778144,0.34134650123970844,1.034047030048888,1.0449943420211207,1.037165241936394,0.9783549783549785,0.9924050632911392,0.9950248756218906,0.9706146926536732
full,28,2,104740.23322550139,0.044248697884496924,0.04358127333232331,0.038982310603219994,0.045257042871919784,0.052532063469790065,0.1329362078436784,0.00013293620784367841,0.0005064114249710525,0.202564569988421,1.405129139976842,1.0,0.8102582097053528,0.8102582799536839,7.024833115210072e-08,False,0.9515480995178223,0.8265041777722332,3.916898488998413,29,-0.11160984768399168,0.533598838906203,-0.09095472230442933,0.037996659587536535,0.24287545547953673,0.016745742942605696,0.371347873072539,1.028589803182445,1.0354429604664128,1.0173620255284004,1.0408441116405716,1.0557580174927113,1.08125,1.0367624343527957
full,28,3,106623.40474439679,0.018759576607658257,0.017979447447295627,0.013777004538247793,0.06211961398414123,0.06171133147947309,0.27305427140423233,0.0002730542714042323,0.0004930028319358826,0.19720113277435303,1.394402265548706,1.0,0.7888045310974121,0.7888045310974121,0.0,False,1.0122087001800537,0.8791933060453209,4.187433242797852,30,-0.11562952026724815,0.5450156964361668,-0.08157161250710487,0.060916557908058167,0.15274548903107643,0.109553012996912,0.32897037640213966,1.0293303784225487,1.0479104071466634,1.0217829114307377,0.9565075212557227,0.9206075250258889,1.0710982658959536,1.0146007151370682
full,28,4,103063.39552791175,-0.032377441268796936,-0.03338862818177002,-0.036327602269300506,0.029723409676349344,0.0786279592301724,0.5325146136539323,0.0005325146136539322,0.0005130538557256971,0.20522154229027886,1.4104430845805578,1.0,0.8208861947059631,0.8208861691611156,2.554484757055775e-08,False,0.9547333717346191,0.8292708700664624,3.8011314868927,31,-0.10776168533733915,0.5580439599496978,-0.09745985695293971,0.057876321886266985,0.39810669741460253,0.02239599398204259,0.16879856905766896,0.8883429458072976,0.9111819056684046,0.8713745250537601,0.9620512820512821,0.9591301087364079,1.0766324878575284,1.0555066079295152
full,28,5,95934.53236609668,-0.068551928303206,-0.06916969041529808,-0.07568627230443042,-0.042377520728292595,0.07170683799576968,0.20906349324754298,0.000209063493247543,0.00045438418563987533,0.18175367425595013,1.3635073485119,0.9999999999999999,0.7270147800445557,0.7270146970238001,8.302075560351341e-08,False,0.9212117195129395,0.8001543328981516,3.407546043395996,32,-0.08689350714640959,0.5663645408515419,-0.09486016710954054,0.07584686497492449,0.4443434915904488,0.030931954405137463,0.06426682243389742,0.8748807130139254,0.8987705690454519,0.8625624855383022,0.9506041222459132,0.9378420641125881,0.8997493734335839,0.9897050639955481
full,28,6,101143.46847758685,0.05544983181387164,0.054296779095271974,0.04866497968757641,0.011305410965219642,0.10035904011871646,0.6537020557693071,0.0006537020557693071,0.0004393702851874488,0.17574811407497953,1.351496228149959,0.9999999999999998,0.7029924988746643,0.7029924562999179,4.257474639501879e-08,False,1.0478687286376953,0.9101672132126543,4.515307426452637,33,-0.0793663694390229,0.24103509049330438,-0.09638174463595664,0.23640962104712213,0.5012905017605849,0.052424398916108256,0.14458850185785974,1.1268440206437376,1.154471978877262,1.1108063488991609,1.0661682242990655,1.0220925385577322,1.1103064066852368,1.0447005903851563
full,28,7,100226.25815266659,-0.008191628253942596,-0.009068408852554999,-0.014424095083755707,0.0022574738081306833,0.10752315853333495,0.38956712399210247,0.00038956712399210245,0.0004948460337306772,0.1979384134922709,1.3958768269845419,1.0,0.7917535901069641,0.7917536539690837,6.386211959252819e-08,False,1.0789145231246948,0.9371332476766668,5.0833258628845215,34,-0.11589030602148603,0.18956346384116582,-0.08204810747078486,0.3276691692216056,0.434588577066149,0.14161477557250432,0.10450242779084615,1.0452818452385757,1.0675310126503827,1.0426107204951207,0.982468443197756,0.9755301794453507,1.0065228299046662,1.0306781485468246
full,28,8,105033.79809853224,0.048991463518265554,0.047966870503563186,0.041069859583328296,0.04792550769048676,0.09196348598055551,0.47474055417946415,0.00047474055417946417,0.0005024778097867965,0.20099112391471863,1.4019822478294373,1.0,0.8039644956588745,0.8039644956588745,0.0,False,1.0124818086624146,0.8794305250590214,4.430689811706543,35,-0.11165052652359009,0.4085164964199066,-0.08934059739112854,0.21563075482845306,0.4442407786846161,0.023575402796268463,0.1090276911854744,1.0183883698313119,1.0599512631895773,1.0169313969075835,1.0549607423269096,1.023829431438127,1.175972083748754,1.0135770234986945
full,28,9,115282.52217535593,0.09849497500933269,0.09757548772262203,0.07996608295844633,0.13256582079380363,0.093484602897411,0.3387164920568466,0.00033871649205684663,0.0004986768029630184,0.19947072118520737,1.3989414423704147,1.0,0.7978827953338623,0.7978828847408295,8.940696716308594e-08,False,1.051640272140503,0.913443134275709,4.695260047912598,36,-0.11885873228311539,0.49193500727415085,-0.08061198890209198,0.1872628703713417,0.31045862287282944,0.0859002023935318,0.12391401827335358,1.0551013292304916,1.0682486990147664,1.0238423367924046,1.11468200270636,1.0955492037566352,1.1479440440864774,1.0770221535291085
full,28,10,118105.68756692678,0.025500071592488682,0.024489101542005898,0.01589517374755071,0.153300725307296,0.09679461531883293,0.5059386832373484,0.0005059386832373484,0.00048037885023014893,0.19215154009205956,1.3843030801841192,1.0,0.7686061263084412,0.7686061603682384,3.4059797204832876e-08,False,1.0906479358673096,0.9473247604926885,5.501974105834961,37,-0.12589228578976225,0.3987306611878531,-0.06625925430229732,0.16781237295695714,0.17717767826148442,0.29118123224803383,0.15724959543773107,1.0700646851823017,1.0958744957492952,1.07574187376562,1.0303490136570561,1.039508013417816,0.9737813884785819,0.9787132265008371
full,28,11,112697.85373208462,-0.04490154893020604,-0.0457880898561952,-0.04403671498391938,0.1126716553295779,0.06815290012402585,0.4436852538159915,0.00044368525381599153,0.0004849652240851096,0.19398608963404385,1.3879721792680877,1.0,0.7759443521499634,0.7759443585361754,6.38621200366174e-09,False,1.0708154439926147,0.9300984769255465,5.463765621185303,38,-0.13391035316245897,0.38530672075492994,-0.06007573647158487,0.20089363040668623,0.24545094849807875,0.09078061314565794,0.27155417682869093,0.9607720184563087,0.9483673729353325,0.9771948490503586,0.9664212076583212,0.9602007888131946,0.943875616230565,0.9630987292277614
full,28,12,111242.27030016783,-0.011588643397073994,-0.012915804371724238,-0.01554791802404562,0.10106113683074358,0.07874799050422597,0.8534896820783615,0.0008534896820783615,0.0004901338687964849,0.19605354751859394,1.3921070950371879,1.0,0.7842142581939697,0.7842141900743758,6.811959396557654e-08,False,0.957416296005249,0.8316012284786601,3.8483617305755615,39,-0.11071213600890978,0.488100384495088,0.01854841517550604,0.07759037347776548,0.4675797569964613,-0.08534141150968416,0.14423461737377302,0.972334225393994,0.9770852563241543,0.9539229191567941,1.0146296860713198,1.00336071695295,1.0297308155885898,0.9807155544278103
full,28,13,119896.11475292197,0.07872050427935018,0.07779277094402381,0.0612724685313826,0.16594461625318913,0.07222021782125884,0.38759872423751013,0.00038759872423751014,0.00047280255705118174,0.18912102282047272,1.3782420456409454,1.0,0.7564840316772461,0.7564840912818909,5.960464477539063e-08,False,0.9199908971786499,0.7990939400918192,3.475555181503296,40,-0.10012685135006905,0.563413854688406,-0.08899417147040367,0.04514620825648308,0.4416899345815182,0.02255919575691223,0.11631182953715324,1.1075456274694473,1.1179570958597118,1.1183717604729042,1.0432562331030337,1.0900632675846669,0.9914163090128755,0.9314359637774902
full,28,14,123284.38083583431,0.02962848857804734,0.028260015680197537,0.018937460407665196,0.18886724074836236,0.07970328175016085,0.835538269153663,0.000835538269153663,0.0004944396152028016,0.19777584608112064,1.3955516921622413,1.0,0.7911034822463989,0.7911033843244826,9.792191635327185e-08,False,1.0701818466186523,0.929548141239026,5.659937858581543,41,-0.14176511658089502,0.31155954407794134,-0.05601072950022562,0.1727540950689997,0.31741337584597723,0.11208844291312353,0.2839603881750788,1.03712146290818,1.0565291374240031,1.0326546656799105,1.0463576158940397,0.9351314441789006,1.1279024006296734,1.0611111111111111
full,28,15,120587.54547559736,-0.020784676736227303,-0.021874915069963752,-0.02279755133667594,0.1707269635052282,0.09314548187083553,0.6040835444416319,0.0006040835444416319,0.0005099162911730154,0.20396651646920616,1.4079330329384123,0.9999999999999999,0.8158661127090454,0.8158660658768246,4.6832220768067145e-08,False,1.003852128982544,0.8719348805279006,4.202186107635498,42,-0.11696313108716694,0.49966029290642056,-0.08700338538203922,0.16222404901470455,0.40655241374458584,0.06397053067173275,0.07155923013176235,0.9888633335144615,1.0141533291379978,0.9796166893478648,1.0192625206384152,0.910551296093465,1.0568736915561758,0.9814136125654451
full,28,16,123103.3494132475,0.0216189541890075,0.020862883706006308,0.01303111907989439,0.18767441766098103,0.07832670151716876,0.2308783850499562,0.0002308783850499562,0.0005094665262315954,0.2037866104926382,1.4075732209852763,1.0,0.8151463866233826,0.8151464419705525,5.534716995825306e-08,False,0.9343564510345459,0.8115717016300185,3.603893756866455,43,-0.10656769520470075,0.5510207345443112,-0.09721891528793744,0.09764656477740832,0.4580459823565824,0.02332435228994914,0.07374897652438708,1.026091448048592,1.0093070419373205,1.0316766856435173,1.0105291576673865,1.057337610264635,0.9290194783757015,0.9554547879434515
full,28,17,122566.06438460501,-0.003657297127267256,-0.004364503737740555,-0.007666548847814442,0.1841134778856408,0.08211218144948441,0.2219746166041919,0.0002219746166041919,0.0004880799818783998,0.19523199275135994,1.3904639855027199,1.0,0.7809280157089233,0.7809279710054398,4.470348358154297e-08,False,0.9749035835266113,0.8467904934266266,3.980862617492676,44,-0.1099912989884615,0.5208244379609823,-0.08524069376289845,0.08301818929612637,0.39731243811547756,0.021318864077329636,0.17275806330144405,1.0424386351216453,1.004133253410209,1.0662471630729378,0.9422922789206518,1.0401971937808114,0.9470504619758351,0.9678950307091011
full,28,18,124487.60816740144,0.01656785991899068,0.0156776167403625,0.008268469612601463,0.19670719461869945,0.08650494240914368,0.39679007498281343,0.0003967900749828134,0.0004793277422764472,0.19173109691057888,1.3834621938211578,1.0,0.7669243216514587,0.7669243876423155,6.599085677905236e-08,False,0.958770751953125,0.8327776939669472,3.8229010105133057,45,-0.11088631754474981,0.48785408878965036,0.02222899826509611,0.10126685643834726,0.4699891164366688,-0.08084477936582907,0.11039203698081629,1.0524253138754247,1.054036194252693,1.0270848634564504,0.9872412815423873,1.0051039008384979,1.121575984990619,1.0374963945774445
full,28,19,125556.60446168981,0.009472528009667691,0.008587170321811222,0.0026663365135524255,0.20354647667688175,0.08345891089259737,0.3815732247063092,0.00038157322470630924,0.0004958614174808775,0.198344566992351,1.396689133984702,1.0,0.7933781743049622,0.7933782679694041,9.36644419802235e-08,False,0.9438536763191223,0.8198208866989857,3.7192935943603516,46,-0.10820936464837622,0.5148090640349048,-0.09013520234397479,0.1476931194109576,0.46392025745340754,0.033883641873087206,0.03803848421999387,1.0054865027130322,0.9846774920370601,1.0193239990459473,1.0485353245261344,1.019949220166848,1.0441619270659084,1.0467055879899918
full,28,20,129285.30090073851,0.030286845472331958,0.02969733416282705,0.018577456459725163,0.22651686384071545,0.08785861408217085,0.08685081132820671,8.685081132820671e-05,0.00048549467697739596,0.1941978707909584,1.3883957415819168,1.0,0.7767913341522217,0.7767914831638336,1.4901161193847656e-07,False,0.9443896412849426,0.8202864199532841,3.648322820663452,47,-0.10185428336262703,0.5412528924643993,-0.09234358742833138,0.12641726061701775,0.44397909566760063,0.04223395138978958,0.04031467065215111,1.0222140006378042,1.054929753081416,0.9992198688185272,0.9627499315256095,1.0142247510668565,1.0807433514899072,0.9436918990703851
full,28,21,127784.86689464489,-0.011009132167372537,-0.01160560400633337,-0.013394957311259923,0.21743472110475148,0.08625629150591904,0.128387444785663,0.000128387444785663,0.00047490607414926803,0.18996242965970722,1.3799248593194142,0.9999999999999999,0.7598497867584229,0.7598497186388284,6.811959440966575e-08,False,0.9438419342041016,0.8198106876274669,3.5823886394500732,48,-0.09911812362926348,0.5627649548862661,-0.09084430603044374,0.08957660677177565,0.42597229512674467,0.03288768338305609,0.0787608894918646,1.022748062827226,1.0116330078314992,1.0125485675873276,0.8998577524893313,0.9817671809256661,0.9866587607471095,1.0382775119617225
full,28,22,136635.46258359027,0.06995218814286619,0.06926168883708628,0.04657650918466763,0.26812557948620097,0.08228698393563712,0.1601569753672395,0.0001601569753672395,0.0004854066470371826,0.19416265881487305,1.388325317629746,0.9999999999999999,0.7766506671905518,0.7766506352594922,3.193105957421949e-08,False,0.9109980463981628,0.7912828491507294,3.4592761993408203,49,-0.09738442647669998,0.5414511601307562,-0.09677823233817306,0.11408342075135025,0.4798102716782263,0.019401612026350823,0.039416194228189316,1.028990413717977,1.0399761864870785,1.0121727778274432,0.9920961112867532,1.1142857142857145,0.933293269230769,0.9915966386554621
full,28,23,133332.56038003197,-0.023493402528447338,-0.024173096362429813,-0.023612627226808968,0.24999565211247443,0.10965399706164855,0.22563220879861293,0.00022563220879861292,0.00047065647452005326,0.1882625898080213,1.3765251796160425,0.9999999999999999,0.7530503869056702,0.753050359232085,2.7673585201171136e-08,False,0.9898110032081604,0.859738913640852,3.98984956741333,50,-0.1004146451928786,0.5274657641670533,-0.0878479446151427,0.1309543584606477,0.3840097819588014,0.030232446002108698,0.11560023921941007,0.9524308174608502,0.9468745137780623,0.9571047153564893,1.0296367112810707,0.9903846153846152,1.0135222150676113,0.9600874794969929
full,28,24,134256.23059306658,0.007617727390872853,0.0069275667579016265,0.0016682066041841422,0.25515561133917064,0.06983505245024134,0.20681748166680336,0.00020681748166680338,0.00047836012340017733,0.19134404936007093,1.3826880987201418,0.9999999999999999,0.7653762698173523,0.7653761974402835,7.23770687827141e-08,False,0.981110692024231,0.8521819193648086,3.8631508350372314,51,-0.09528552953686034,0.569741731243474,-0.09605851982321059,0.07740773792777741,0.34235823686633793,0.0360896342567035,0.1657467090657779,1.0691438500861281,1.0726581795633896,1.0583749337868538,1.0225936242649336,0.9190938511326862,1.0320838627700126,1.019362186788155
full,29,1,104293.08488642848,0.04494475313328694,0.042930848864284776,0.03807890811067893,0.041163658080528465,0.06169499939699066,1.4221415854990482,0.0014221415854990484,0.0005070010240056685,0.20280040960226742,1.4056008192045346,0.9999999999999999,0.8112017512321472,0.8112016384090692,1.1282307799120872e-07,False,0.9637466073036194,0.8370996670098843,4.023217678070068,29,-0.1121390097375427,0.5292419932250465,-0.09066139986472471,0.04687551329178469,0.2784643910293068,0.01628267498953001,0.3319358370665993,1.028589803182445,1.0354429604664128,1.0173620255284004,1.0408441116405716,1.0557580174927113,1.08125,1.0367624343527957
full,29,2,105735.4783501157,0.014613141159693477,0.013830192723304213,0.00952925670951825,0.05424365066117298,0.07101471742252537,0.27704643937093876,0.00027704643937093875,0.0004949233388262136,0.19796933553048546,1.395938671060971,0.9999999999999999,0.7918773889541626,0.7918773421219418,4.6832220768067145e-08,False,1.0281999111175537,0.8930830953835353,4.3500590324401855,30,-0.11721066917691914,0.5391693136521748,-0.08075866635356632,0.07661409888948711,0.18230606828417095,0.10523725513901028,0.2946425995656422,1.0293303784225487,1.0479104071466634,1.0217829114307377,0.9565075212557227,0.9206075250258889,1.0710982658959536,1.0146007151370682
full,29,3,101942.55687204853,-0.03487561816553375,-0.03587179570425636,-0.0397469495287087,0.019055406609888248,0.09117410954847929,0.5206317374748844,0.0005206317374748845,0.000512076612295849,0.2048306449183396,1.4096612898366792,1.0,0.8193225860595703,0.8193225796733583,6.38621200366174e-09,False,0.9519030451774597,0.8268124796549452,3.7579121589660645,31,-0.10787350604576723,0.5554384671683823,-0.09695713887257237,0.06825433006244044,0.4170156203742538,0.022013346531561423,0.1421088807817016,0.8883429458072976,0.9111819056684046,0.8713745250537601,0.9620512820512821,0.9591301087364079,1.0766324878575284,1.0555066079295152
full,29,4,94892.90231781709,-0.06857237964330809,-0.06915320520241308,-0.0770357165617078,-0.05381959617040821,0.0832142756282268,0.1666579752096106,0.0001666579752096106,0.0004571228953344482,0.18284915813377928,1.3656983162675584,0.9999999999999998,0.731396496295929,0.7313966325351169,1.3623918793115308e-07,False,0.9185580611228943,0.7978493945068459,3.402028799057007,32,-0.0871924332209996,0.5645847746304102,-0.09565672491277968,0.08064777191196168,0.4493361243179866,0.029500594096524363,0.05877989317689622,0.8748807130139254,0.8987705690454519,0.8625624855383022,0.9506041222459132,0.9378420641125881,0.8997493734335839,0.9897050639955481
full,29,5,100112.29913655588,0.056141727291153964,0.05500302647776434,0.04993821695977075,0.0011217316705782743,0.10006221762431469,0.6374092655522483,0.0006374092655522483,0.0004413428397050927,0.17653713588203707,1.353074271764074,0.9999999999999999,0.7061485052108765,0.706148543528148,3.831727157788123e-08,False,1.0434584617614746,0.9063365040765275,4.4884514808654785,33,-0.07942914696676392,0.24733140585677962,-0.09710798891527314,0.24672001121299605,0.4999459039952074,0.049408926495483924,0.13313088832156997,1.1268440206437376,1.154471978877262,1.1108063488991609,1.0661682242990655,1.0220925385577322,1.1103064066852368,1.0447005903851563
full,29,6,99178.47510583483,-0.008463057905855442,-0.009327765307310387,-0.014294037816271931,-0.008283298299238018,0.09778015692911275,0.37688550991671427,0.0003768855099167143,0.0004955829121172428,0.19823316484689713,1.3964663296937943,1.0,0.7929326891899109,0.7929326593875885,2.9802322387695312e-08,False,1.0728282928466797,0.9318468152259979,4.998383522033691,34,-0.11534089595079422,0.19387291371822357,-0.0828922688961029,0.3379170298576355,0.43741360306739807,0.13243894279003143,0.09659067541360855,1.0452818452385757,1.0675310126503827,1.0426107204951207,0.982468443197756,0.9755301794453507,1.0065228299046662,1.0306781485468246
full,29,7,103955.57234865133,0.04917946542309881,0.048166673642832114,0.041906442209447996,0.03805060430416318,0.08854920787906408,0.46326581495148794,0.00046326581495148794,0.0005025183635630778,0.20100734542523113,1.4020146908504623,1.0,0.8040292859077454,0.8040293817009245,9.579317916674768e-08,False,1.0103212594985962,0.8775538958995674,4.414963245391846,35,-0.11138388221817358,0.40810494417590754,-0.08962346320705755,0.22233982676906244,0.44462763065738337,0.023114432713815136,0.1028205111090626,1.0183883698313119,1.0599512631895773,1.0169313969075835,1.0549607423269096,1.023829431438127,1.175972083748754,1.0135770234986945
full,29,8,114106.42690354731,0.09856059522035965,0.09764608404878516,0.08154117602437896,0.12362517420224972,0.0806678774741516,0.3345041812530586,0.0003345041812530586,0.000498305620359523,0.1993222481438092,1.3986444962876183,0.9999999999999999,0.7972888946533203,0.7972889925752367,9.792191635327185e-08,False,1.0501363277435303,0.91213682477032,4.687434196472168,36,-0.11865189777953283,0.4898149584020887,-0.08067035036427636,0.19396742326872687,0.31301595909254887,0.08235514802592139,0.12016875935452323,1.0551013292304916,1.0682486990147664,1.0238423367924046,1.11468200270636,1.0955492037566352,1.1479440440864774,1.0770221535291085
full,29,9,116936.41462872803,0.025811524619325565,0.02480129999665026,0.01575765245837749,0.1448343929690421,0.10903132616829785,0.5048961830990655,0.0005048961830990654,0.0004803943527596338,0.19215774110385353,1.384315482207707,0.9999999999999999,0.768630862236023,0.7686309644154141,1.0217939117040942e-07,False,1.0922976732254028,0.9487577041551076,5.535503387451172,37,-0.12595860447202412,0.3962665966578892,-0.06619913663182941,0.17394793246473583,0.18144242678369793,0.28625767145838055,0.1542431137391499,1.0700646851823017,1.0958744957492952,1.07574187376562,1.0303490136570561,1.039508013417816,0.9737813884785819,0.9787132265008371
full,29,10,111592.04078518704,-0.044823839909694296,-0.04570324702112105,-0.044756929281697125,0.10387874174199874,0.07602556109307525,0.4366869905165264,0.00043668699051652637,0.0004844124056398868,0.19376496225595474,1.3875299245119095,1.0,0.7750598192214966,0.775059849023819,2.9802322387695312e-08,False,1.0714893341064453,0.930683810441238,5.483822822570801,38,-0.1338680163025856,0.38227155059576035,-0.05989694595336914,0.20757024735212326,0.24893619865179062,0.08981863409280777,0.26516833156347275,0.9607720184563087,0.9483673729353325,0.9771948490503586,0.9664212076583212,0.9602007888131946,0.943875616230565,0.9630987292277614
full,29,11,110165.59923580335,-0.011453162982342224,-0.01278264596065204,-0.015854438511667387,0.09227562239319786,0.08502638325733029,0.8558560258575848,0.0008558560258575848,0.0004899353241281851,0.19597412965127403,1.391948259302548,0.9999999999999999,0.7838966250419617,0.7838965186050961,1.0643686554345777e-07,False,0.9571512341499329,0.8313709986764064,3.8410556316375732,39,-0.11070457260523525,0.4890143706330231,0.018496448440211144,0.08088241357888493,0.46856455345238957,-0.08526955704603878,0.13901634354676518,0.972334225393994,0.9770852563241543,0.9539229191567941,1.0146296860713198,1.00336071695295,1.0297308155885898,0.9807155544278103
full,29,12,118784.95386137164,0.07916765016636251,0.07823998312866287,0.062033035143840946,0.15814253616072182,0.07667757247366032,0.3864772596529551,0.0003864772596529551,0.00047350587988538405,0.1894023519541536,1.3788047039083071,1.0,0.7576093077659607,0.7576094078166142,1.0005065353979603e-07,False,0.9195061922073364,0.7986729307030342,3.4695253372192383,40,-0.10010092093476228,0.5637231306838137,-0.08930143101939134,0.046448307644043646,0.44352368877402376,0.022656661059175215,0.11305056379309722,1.1075456274694473,1.1179570958597118,1.1183717604729042,1.0432562331030337,1.0900632675846669,0.9914163090128755,0.9314359637774902
full,29,13,122105.20426343587,0.029314751561742902,0.02795177582793129,0.018687751115798314,0.18103408775063345,0.08407600948226632,0.8305181248911789,0.0008305181248911789,0.0004945177079311439,0.19780708317245757,1.3956141663449149,0.9999999999999998,0.791228175163269,0.7912283326898297,1.5752656068457327e-07,False,1.071122169494629,0.930364895311514,5.662142753601074,41,-0.14138667391879217,0.3148653943623815,-0.0564204092536654,0.17709675324814658,0.31840811563389637,0.1104148317660604,0.27702198816197254,1.03712146290818,1.0565291374240031,1.0326546656799105,1.0463576158940397,0.9351314441789006,1.1279024006296734,1.0611111111111111
full,29,14,119432.81013741005,-0.020806345723412445,-0.021885996933105778,-0.02259544398670235,0.16270914261376068,0.08540997699659154,0.5932165512016842,0.0005932165512016842,0.0005099838732608727,0.2039935493043491,1.4079870986086982,1.0,0.8159741759300232,0.8159741972173964,2.1287373197509396e-08,False,1.0033326148986816,0.8714836363281158,4.203562259674072,42,-0.11698454512017115,0.4982402260814394,-0.08700900418417795,0.165531330874988,0.40723943071705954,0.06328778075320379,0.06969478087765829,0.9888633335144615,1.0141533291379978,0.9796166893478648,1.0192625206384152,0.910551296093465,1.0568736915561758,0.9814136125654451
full,29,15,121942.96232077303,0.021775490885290294,0.021017274737779257,0.011434640734676484,0.1799444748853296,0.11601383073784884,0.23277581589562552,0.0002327758158956255,0.0005095571266221149,0.20382285064884598,1.407645701297692,0.9999999999999999,0.8152914047241211,0.8152914025953839,2.1287371865241766e-09,False,0.9338886737823486,0.8111653954712402,3.6024296283721924,43,-0.10655658665512291,0.5505577328481844,-0.09726626399372307,0.09948683556701454,0.458828240899103,0.023201627922909585,0.0717484134116343,1.026091448048592,1.0093070419373205,1.0316766856435173,1.0105291576673865,1.057337610264635,0.9290194783757015,0.9554547879434515
full,29,16,121425.09155510606,-0.0035461778623602225,-0.0042468278268056325,-0.007603974462501543,0.17644698703301165,0.08212973220367166,0.2155281741704259,0.00021552817417042593,0.0004878625832498073,0.19514503329992294,1.3902900665998459,1.0,0.7805801630020142,0.7805801331996918,2.9802322387695312e-08,False,0.9747697114944458,0.8466742136569253,3.973379611968994,44,-0.10983506590127945,0.5212741568684578,-0.0853099673986435,0.08546546846628189,0.399447537958622,0.02140166610479355,0.16755620390176773,1.0424386351216453,1.004133253410209,1.0662471630729378,0.9422922789206518,1.0401971937808114,0.9470504619758351,0.9678950307091011
full,29,17,123315.55684864975,0.01645499028603581,0.015568983884074239,0.008070950085487093,0.18907230721315949,0.09108740189321485,0.3926682450941631,0.0003926682450941631,0.00047937506676784585,0.19175002670713837,1.3835000534142767,0.9999999999999999,0.7670000791549683,0.7670001068285535,2.7673585201171136e-08,False,0.9579284191131592,0.8320460529583011,3.815634250640869,45,-0.11085828367088524,0.48884823944951805,0.022031424833195534,0.10361853268529686,0.4702872040548495,-0.08089174303625313,0.10696462568427834,1.0524253138754247,1.054036194252693,1.0270848634564504,0.9872412815423873,1.0051039008384979,1.121575984990619,1.0374963945774445
full,29,18,124381.45663339943,0.009525130828539785,0.008643676531890465,0.002916932546538518,0.19602163612909818,0.08064792738800344,0.3774375500423567,0.0003774375500423567,0.0004960814038557666,0.19843256154230668,1.3968651230846132,0.9999999999999998,0.7937300801277161,0.7937302461692264,1.660415103188484e-07,False,0.943855881690979,0.8198228022606414,3.723062515258789,46,-0.10811168168272295,0.5141811796597071,-0.09032087985958373,0.14970037128244126,0.4636073836258479,0.03366565118942941,0.03727797578488076,1.0054865027130322,0.9846774920370601,1.0193239990459473,1.0485353245261344,1.019949220166848,1.0441619270659084,1.0467055879899918
full,29,19,128068.64725697803,0.030234486738693223,0.02964421484824853,0.01877198648536453,0.21916876501909544,0.0875028480926546,0.0875755367534502,8.75755367534502e-05,0.0004855377306895597,0.1942150922758239,1.3884301845516478,0.9999999999999999,0.776860237121582,0.7768603691032956,1.3198171355810473e-07,False,0.9442732334136963,0.8201853093610193,3.650026559829712,47,-0.10173733692084042,0.5409333540924958,-0.09247775535498348,0.12789466817464146,0.4437821938523224,0.04199451420988354,0.0396103619464806,1.0222140006378042,1.054929753081416,0.9992198688185272,0.9627499315256095,1.0142247510668565,1.0807433514899072,0.9436918990703851
full,29,20,126561.66710881915,-0.01117076154413743,-0.011766971701786089,-0.014242869682181927,0.2098713434770192,0.09890896280211363,0.1279697226626532,0.00012796972266265318,0.00047515764034220155,0.19006305613688063,1.3801261122737611,0.9999999999999998,0.7602522373199463,0.7602522245475223,1.277242400732348e-08,False,0.9437375664710999,0.8197200349664041,3.5823843479156494,48,-0.09905181665505683,0.5627275721303053,-0.0910112394818238,0.09073445360575402,0.42614987652216635,0.03280218477760041,0.07764896910105432,1.022748062827226,1.0116330078314992,1.0125485675873276,0.8998577524893313,0.9817671809256661,0.9866587607471095,1.0382775119617225
full,29,21,135322.10984305,0.06990718750504699,0.06921876848144337,0.046587833711080474,0.2610224588134008,0.09126563250602278,0.15807593241333961,0.0001580759324133396,0.0004855692399931806,0.19422769599727224,1.3884553919945444,0.9999999999999998,0.7769107222557068,0.7769107839890887,6.17333819619148e-08,False,0.9111317992210388,0.7913990253765575,3.461172580718994,49,-0.0973313975014857,0.5414640826306172,-0.09689629849578654,0.11477305713508809,0.47942882004593096,0.019379725413663035,0.03918201077197278,1.028990413717977,1.0399761864870785,1.0121727778274432,0.9920961112867532,1.1142857142857145,0.933293269230769,0.9915966386554621
full,29,22,132059.19060567272,-0.02343492273417691,-0.024112240351275238,-0.023446240384374935,0.2427637974959358,0.1037515813381985,0.22310203047735333,0.00022310203047735334,0.00047071001093302467,0.18828400437320986,1.3765680087464196,0.9999999999999999,0.7531360387802124,0.7531360174928392,2.1287373197509396e-08,False,0.9893168210983276,0.8593096725141406,3.9843075275421143,50,-0.10020211072904725,0.528312693216971,-0.0880818936441626,0.13205852625625472,0.38389990744846203,0.030178821512630988,0.11383405593889098,0.9524308174608502,0.9468745137780623,0.9571047153564893,1.0296367112810707,0.9903846153846152,1.0135222150676113,0.9600874794969929
full,29,23,132981.87586998902,0.007678940403990087,0.006986906856573327,0.0017161850924942677,0.24801782689720864,0.07075688617557148,0.20807998946734826,0.00020807998946734826,0.00047891589679888326,0.1915663587195533,1.3831327174391066,0.9999999999999999,0.7662655115127563,0.7662654348782132,7.663454315576246e-08,False,0.9814836978912354,0.8525059081443237,3.8652050495147705,51,-0.09526615749512402,0.5700931607612542,-0.09630020122442928,0.07824238230075153,0.34189436425055775,0.0362263045140675,0.16511014689292225,1.0691438500861281,1.0726581795633896,1.0583749337868538,1.0225936242649336,0.9190938511326862,1.0320838627700126,1.019362186788155
full,29,24,132449.67825399994,-0.003352829996141282,-0.004002031197915867,-0.0071017583134579025,0.24499627844901894,0.0816041973053642,0.13831882391657144,0.00013831882391657143,0.000513278605150325,0.20531144206013002,1.41062288412026,1.0,0.8212457299232483,0.8212457682405199,3.831727157788123e-08,False,0.9682402014732361,0.8410027533134385,3.832303524017334,52,-0.1037868458245482,0.5610013556267535,-0.10152459623558183,0.09123154995696883,0.3980646085526262,0.029352097639015723,0.12566183028476577,0.9916662901143084,1.0025358571630094,0.9627064136965677,0.9576271186440679,0.9838028169014084,1.0421668205601724,0.9972067039106144
full,30,1,101596.86055453338,0.017687022153899612,0.015968605545333858,0.012798980187652303,0.015717617117472327,0.05837273859640048,1.1944030395575933,0.0011944030395575932,0.0004955753364733287,0.1982301345893315,1.396460269178663,1.0,0.7929205894470215,0.7929205383573259,5.108969558520471e-08,False,1.016836404800415,0.8832128792063231,4.225122928619385,30,-0.11560104148728506,0.5460505549396788,-0.08262909310204644,0.06433952493327003,0.16146851224558692,0.10811766130583625,0.31825388116495945,1.0293303784225487,1.0479104071466634,1.0217829114307377,0.9565075212557227,0.9206075250258889,1.0710982658959536,1.0146007151370682
full,30,2,98105.98992687039,-0.03335806945457798,-0.03436002459730758,-0.0389211235753101,-0.019305753650123103,0.07795505615429345,0.5252085205699715,0.0005252085205699715,0.0005118608940392732,0.2047443576157093,1.4094887152314186,1.0,0.8189773559570312,0.8189774304628372,7.450580596923828e-08,False,0.9537901878356934,0.8284516309410155,3.783355474472046,31,-0.10741712711751461,0.5578761640936136,-0.0973272304981947,0.06154683418571949,0.4040632490068674,0.022124934941530228,0.15913317538797855,0.8883429458072976,0.9111819056684046,0.8713745250537601,0.9620512820512821,0.9591301087364079,1.0766324878575284,1.0555066079295152
full,30,3,91317.40060823187,-0.0685903529889349,-0.0691964815165601,-0.0803909740907838,-0.09508154342914388,0.09230368623526053,0.19499092655522485,0.00019499092655522485,0.000455985621416143,0.1823942485664572,1.3647884971329145,1.0,0.729576826095581,0.729576994265829,1.6817024794946178e-07,False,0.9182494878768921,0.7975813711908424,3.3945960998535156,32,-0.08720035717955657,0.5661099342895406,-0.09519389138690063,0.07632120086678437,0.44837749882468153,0.02994790247508458,0.061637712110366144,0.8748807130139254,0.8987705690454519,0.8625624855383022,0.9506041222459132,0.9378420641125881,0.8997493734335839,0.9897050639955481
full,30,4,96429.16486731847,0.05709817525742822,0.05597798694486489,0.05334893400789686,-0.03703065496413682,0.09403908914220398,0.6194745227694511,0.0006194745227694512,0.000440769719758204,0.1763078879032816,1.3526157758065633,1.0,0.7052315473556519,0.7052315516131267,4.257474817137563e-09,False,1.0406897068023682,0.9039315940755631,4.456119537353516,33,-0.07946877234748431,0.2580178970737117,-0.0968391155557973,0.24032171017357282,0.5019694561404842,0.04867671749421529,0.12732210702129773,1.1268440206437376,1.154471978877262,1.1108063488991609,1.0661682242990655,1.0220925385577322,1.1103064066852368,1.0447005903851563
full,30,5,95557.40437362445,-0.008168819709023611,-0.009040423557473698,-0.014232711595487776,-0.0464913802912148,0.09543972536819592,0.3845509652580533,0.00038455096525805333,0.000494617854378053,0.19784714175122123,1.3956942835024424,1.0,0.7913886308670044,0.7913885670048848,6.386211959252819e-08,False,1.0725526809692383,0.9316074217909582,4.996291637420654,34,-0.11500282159873415,0.19863224455288478,-0.08284432015248708,0.334636811699186,0.43813696929386686,0.1326423031943185,0.09379881301096507,1.0452818452385757,1.0675310126503827,1.0426107204951207,0.982468443197756,0.9755301794453507,1.0065228299046662,1.0306781485468246
full,30,6,100171.09925405882,0.04928629470922874,0.04828191923668279,0.04365727381862795,0.00170807004548168,0.09084353036137074,0.45532454337392525,0.00045532454337392523,0.0005023325593875987,0.20093302375503952,1.401866047510079,0.9999999999999999,0.8037320971488953,0.8037320950201581,2.1287371865241766e-09,False,1.0080573558807373,0.8755874942019736,4.391684532165527,35,-0.1111739684960672,0.409475837168949,-0.08975905525897232,0.223571900544422,0.4462705294468573,0.02295967776860508,0.09865507882620606,1.0183883698313119,1.0599512631895773,1.0169313969075835,1.0549607423269096,1.023829431438127,1.175972083748754,1.0135770234986945
full,30,7,109966.00805648133,0.09869109125441211,0.0977817841209887,0.08423028792092443,0.09062807891837399,0.09379441903935762,0.3298563409064497,0.0003298563409064497,0.0004981139887656485,0.1992455955062594,1.3984911910125188,1.0,0.7969823479652405,0.7969823820250377,3.4059797204832876e-08,False,1.0491089820861816,0.9112444836703324,4.677826881408691,36,-0.11844876089266371,0.4889089124543326,-0.08079683461359569,0.1964108603341239,0.3157781916005271,0.08203194609710149,0.1161156850201743,1.0551013292304916,1.0682486990147664,1.0238423367924046,1.11468200270636,1.0955492037566352,1.1479440440864774,1.0770221535291085
full,30,8,112703.87669148695,0.025909073146919814,0.024897408602841953,0.017167918195435537,0.11271907466202125,0.0984615509642344,0.5058935305901936,0.0005058935305901936,0.00048070821378912247,0.192283285515649,1.384566571031298,1.0,0.7691332101821899,0.769133142062596,6.811959396557654e-08,False,1.093104600906372,0.9494585926333875,5.549053192138672,37,-0.12589009744780405,0.3944538916860308,-0.06639318806784494,0.1772658314023699,0.18387281256062643,0.28556410329682486,0.15112664656979696,1.0700646851823017,1.0958744957492952,1.07574187376562,1.0303490136570561,1.039508013417816,0.9737813884785819,0.9787132265008371
full,30,9,107555.68000652434,-0.04480177211063385,-0.04567896718455533,-0.04617127492206786,0.07024900968564385,0.07402419891380924,0.43414905347994404,0.00043414905347994405,0.0004846111325813192,0.1938444530325277,1.3876889060650555,1.0,0.7753778696060181,0.7753778121301109,5.747590714477724e-08,False,1.0720975399017334,0.9312120912827484,5.4910407066345215,38,-0.13375132371272364,0.3814570696226188,-0.06009312931980407,0.21061548005257333,0.25102929185543743,0.08934762488518441,0.2613949866167137,0.9607720184563087,0.9483673729353325,0.9771948490503586,0.9664212076583212,0.9602007888131946,0.943875616230565,0.9630987292277614
full,30,10,106192.1610412053,-0.01134560842953547,-0.012677331083177923,-0.016080897663835025,0.05831090525413252,0.08285586464647388,0.8581716737576893,0.0008581716737576893,0.0004897416010499,0.19589664041996002,1.39179328083992,1.0,0.7835866212844849,0.7835865616798401,5.960464477539063e-08,False,0.956326961517334,0.8306550445645633,3.8301186561584473,39,-0.11061322316527367,0.48966391012072563,0.018425218760967255,0.08298302069306374,0.470251839607954,-0.08528341725468636,0.13457265123724937,0.972334225393994,0.9770852563241543,0.9539229191567941,1.0146296860713198,1.00336071695295,1.0297308155885898,0.9807155544278103
full,30,11,114539.99340073651,0.07953721121707602,0.07861062697737209,0.06453673495434795,0.1269425025184523,0.08189724619943654,0.3851887658238411,0.0003851887658238411,0.000473495963960886,0.1893983855843544,1.3787967711687088,1.0,0.7575934529304504,0.7575935423374176,8.940696716308594e-08,False,0.9186946153640747,0.7979680040136962,3.462217330932617,40,-0.09997713938355446,0.5636856444180012,-0.08942124620079994,0.047108184546232224,0.4454374499619007,0.02265314757823944,0.11051395907998085,1.1075456274694473,1.1179570958597118,1.1183717604729042,1.0432562331030337,1.0900632675846669,0.9914163090128755,0.9314359637774902
full,30,12,117696.6795960373,0.02891458351122078,0.027559685500038622,0.018761173456556833,0.15035835893396876,0.09309365917919267,0.8236250653862953,0.0008236250653862954,0.0004940653406083584,0.19762613624334335,1.3952522724866867,1.0,0.790504515171051,0.7905045449733734,2.9802322387695312e-08,False,1.071541428565979,0.9307290591138645,5.651940822601318,41,-0.14080055058002472,0.317690372467041,-0.056825585663318634,0.1785639226436615,0.32044360041618347,0.10881855338811874,0.2721096873283386,1.03712146290818,1.0565291374240031,1.0326546656799105,1.0463576158940397,0.9351314441789006,1.1279024006296734,1.0611111111111111
full,30,13,115114.3920608823,-0.02087061512239352,-0.021940190190734565,-0.023407534990360825,0.13129889139221207,0.08696134897208266,0.5829612229551588,0.0005829612229551589,0.0005100094287523202,0.20400377150092808,1.4080075430018562,1.0,0.8160150647163391,0.8160150860037123,2.1287373197509396e-08,False,1.0029867887496948,0.8711832555517101,4.201598644256592,42,-0.11691751224654062,0.4978834624801363,-0.08708625925438745,0.1661717529807772,0.40784808354718344,0.06283275889498846,0.06926771359784262,0.9888633335144615,1.0141533291379978,0.9796166893478648,1.0192625206384152,0.910551296093465,1.0568736915561758,0.9814136125654451
full,30,14,117537.4399510127,0.021807121000973595,0.021049043883660357,0.012977520809997629,0.14920726500697945,0.09861705609539503,0.2326449645417076,0.0002326449645417076,0.000509528826389994,0.2038115305559976,1.407623061111995,0.9999999999999998,0.815246045589447,0.8152461222239902,7.663454315576246e-08,False,0.9337794780731201,0.8110705492833092,3.6020824909210205,43,-0.10652839977826392,0.5503902376762457,-0.09728313077773368,0.0997510121337005,0.459058368312461,0.023127888994557505,0.07148402343903268,1.026091448048592,1.0093070419373205,1.0316766856435173,1.0105291576673865,1.057337610264635,0.9290194783757015,0.9554547879434515
full,30,15,117044.69700176852,-0.003493605899762442,-0.004192221214359804,-0.007539464576363237,0.14562553826348046,0.0791547566572849,0.2137914427689143,0.0002137914427689143,0.00048751897577728546,0.1950075903109142,1.3900151806218282,0.9999999999999999,0.7800303101539612,0.7800303612436563,5.10896951411155e-08,False,0.9744936227798462,0.8464344060463925,3.9690189361572266,44,-0.10967529086130007,0.521566559693643,-0.08533229944961412,0.08567350091678755,0.3999605971787657,0.02137801902634756,0.1664289134953703,1.0424386351216453,1.004133253410209,1.0662471630729378,0.9422922789206518,1.0401971937808114,0.9470504619758351,0.9678950307091011
full,30,16,118870.84548967637,0.0164856837511409,0.015602146314072307,0.009109454427015943,0.15875083088657982,0.08031676392166834,0.39055882926498137,0.0003905588292649814,0.0004790271007056748,0.1916108402822699,1.3832216805645396,1.0,0.7664433717727661,0.7664433611290793,1.0643686820799303e-08,False,0.9572917222976685,0.8314930251310751,3.809699535369873,45,-0.11075010390153955,0.48978040127881933,0.02191860920616559,0.10350637643464974,0.4701562276376145,-0.08086073638073035,0.10624922572502069,1.0524253138754247,1.054036194252693,1.0270848634564504,0.9872412815423873,1.0051039008384979,1.121575984990619,1.0374963945774445
full,30,17,119895.77979184243,0.009500736440706259,0.008622251300930417,0.002458205308019004,0.16594228609534523,0.09466499801492805,0.3747250214219094,0.0003747250214219094,0.000495871270873717,0.19834850834948678,1.3966970166989736,1.0,0.7933940887451172,0.7933940333979472,5.534716995825306e-08,False,0.9436463117599487,0.8196407721314029,3.720405340194702,46,-0.10807995178869795,0.514418903206076,-0.09026855656078883,0.14906604907342366,0.46382525882550646,0.033633447651352205,0.03740484959312848,1.0054865027130322,0.9846774920370601,1.0193239990459473,1.0485353245261344,1.019949220166848,1.0441619270659084,1.0467055879899918
full,30,18,123451.97029288567,0.030250169863524246,0.029660681195095684,0.02008403986650384,0.18996837585699655,0.07884099790294974,0.086880186838763,8.6880186838763e-05,0.0004854636932057994,0.19418547728231977,1.3883709545646394,0.9999999999999998,0.7767418026924133,0.7767419091292789,1.0643686554345777e-07,False,0.9440097212791443,0.8199564256291183,3.6477279663085938,47,-0.1017665027507714,0.5409680546394415,-0.09241897453154838,0.12738717507038796,0.4442144573799201,0.04192178483520234,0.03969400535736764,1.0222140006378042,1.054929753081416,0.9992198688185272,0.9627499315256095,1.0142247510668565,1.0807433514899072,0.9436918990703851
full,30,19,122002.7809793878,-0.011143234291521753,-0.011738891733033663,-0.014017922559101368,0.1803465527814906,0.08792198967190806,0.12744356266089849,0.00012744356266089848,0.0004751077241131238,0.19004308964524952,1.3800861792904988,0.9999999999999999,0.7601722478866577,0.7601723585809976,1.1069433991650612e-07,False,0.9433174133300781,0.819355094585004,3.57966947555542,48,-0.09908619789140566,0.5626898828361715,-0.09095689175384386,0.09031656118375914,0.4267516556595053,0.03273341911179678,0.0775515708540167,1.022748062827226,1.0116330078314992,1.0125485675873276,0.8998577524893313,0.9817671809256661,0.9866587607471095,1.0382775119617225
full,30,20,130452.61199889975,0.06994713163633093,0.06925933123556871,0.0485588896196975,0.233438116203887,0.09065347605397801,0.15762735956481524,0.00015762735956481526,0.0004854152231876339,0.19416608927505358,1.388332178550107,1.0,0.7766643762588501,0.7766643571002141,1.915863601098522e-08,False,0.9108327031135559,0.7911392337984804,3.458895206451416,49,-0.09733992575534753,0.5415553474532706,-0.09682616351970605,0.1144294837223632,0.47970614076725077,0.019370258386645994,0.039104858945522986,1.028990413717977,1.0399761864870785,1.0121727778274432,0.9920961112867532,1.1142857142857145,0.933293269230769,0.9915966386554621
full,30,21,127305.04813719576,-0.023454506516315865,-0.024128024831963857,-0.024643080594345876,0.21448519549491318,0.11380319770744132,0.21970357639448979,0.0002197035763944898,0.00047022913848715166,0.18809165539486067,1.3761833107897214,1.0,0.7523666024208069,0.7523666215794429,1.915863601098522e-08,False,0.9881232976913452,0.858272991254791,3.972393751144409,50,-0.10009650007954665,0.5289574874831098,-0.08799515531531402,0.13142308725842408,0.3852087868643659,0.03007668203541211,0.1124256117535489,0.9524308174608502,0.9468745137780623,0.9571047153564893,1.0296367112810707,0.9903846153846152,1.0135222150676113,0.9600874794969929
full,30,22,128161.29018269497,0.007414391609805948,0.006725908029793448,0.0012602119849305536,0.21973319824223703,0.07975581524786579,0.20502242712037902,0.000205022427120379,0.0004786276710884913,0.1914510684353965,1.382902136870793,0.9999999999999999,0.7658042311668396,0.765804273741586,4.257474639501879e-08,False,0.9802801609039307,0.8514605291996179,3.855217456817627,51,-0.09526436935578075,0.570182202649968,-0.09618669907961575,0.07772976745452198,0.3445824368723801,0.036019856376307335,0.16293680508221897,1.0691438500861281,1.0726581795633896,1.0583749337868538,1.0225936242649336,0.9190938511326862,1.0320838627700126,1.019362186788155
full,30,23,127649.21991000893,-0.003350334202865346,-0.003995514339439565,-0.007716530481604452,0.21660312479387867,0.0917291406649218,0.13461561501026154,0.00013461561501026153,0.0005129429777818068,0.2051771911127227,1.4103543822254454,0.9999999999999999,0.8207088708877563,0.8207087644508908,1.0643686554345777e-07,False,0.9676883220672607,0.8405233969520562,3.8273234367370605,52,-0.1037311867943832,0.5611328019627503,-0.1014460043183395,0.09083708961095127,0.3987829222210816,0.029326090855257836,0.12509828646268162,0.9916662901143084,1.0025358571630094,0.9627064136965677,0.9576271186440679,0.9838028169014084,1.0421668205601724,0.9972067039106144
full,30,24,128418.95879607434,0.006711105000239526,0.006030110380682796,0.0011890165583678153,0.22129877910942142,0.07013275514349873,0.17041572023715293,0.00017041572023715295,0.0005062680385474648,0.20250721541898592,1.4050144308379717,0.9999999999999999,0.8100289702415466,0.8100288616759435,1.0856560317407116e-07,False,0.9710025787353516,0.843402123717182,3.864563465118408,53,-0.10049532859453134,0.5758847171174628,-0.10201188682445458,0.06301004679075309,0.3419679874288184,0.029619947608028135,0.1920245164739234,1.0436129187650538,1.0069045203783964,1.0537813804467038,1.0290771175726925,1.0293486041517539,0.9503839338452451,1.0114845938375352
full,31,1,96797.4335236914,-0.03017077618073216,-0.03202566476308599,-0.03694151437104011,-0.03308524161980775,0.07712545502464722,1.401964206780706,0.0014019642067807062,0.0005124601322625365,0.2049840529050146,1.409968105810029,0.9999999999999999,0.8199361562728882,0.8199362116200581,5.534716995825306e-08,False,0.9582797288894653,0.832351196752878,3.8430862426757812,31,-0.1069957720381873,0.5611215201871735,-0.09798828086682729,0.05292420142463275,0.3751090435045106,0.022506319518600187,0.19332296827009746,0.8883429458072976,0.9111819056684046,0.8713745250537601,0.9620512820512821,0.9591301087364079,1.0766324878575284,1.0555066079295152
full,31,2,90111.01891655508,-0.06842284259754927,-0.0690763624998364,-0.08076022694854638,-0.1097421958196072,0.0820654549749386,0.24676000433308745,0.00024676000433308744,0.00045500606298446653,0.18200242519378662,1.3640048503875732,1.0,0.7280097007751465,0.7280097007751465,0.0,False,0.9221460223197937,0.8009658580050387,3.410294771194458,32,-0.08686855435371399,0.5691922903060913,-0.09513387084007263,0.07107449322938919,0.4405210316181183,0.031271643936634064,0.06994296610355377,0.8748807130139254,0.8987705690454519,0.8625624855383022,0.9506041222459132,0.9378420641125881,0.8997493734335839,0.9897050639955481
full,31,3,95181.68834486626,0.057385646472371876,0.056271358256493986,0.054379808908459136,-0.0506222545420274,0.09480264738241331,0.6148542293480465,0.0006148542293480465,0.00043951581897480146,0.1758063275899206,1.351612655179841,0.9999999999999999,0.7032253742218018,0.7032253103596822,6.386211959252819e-08,False,1.0419549942016602,0.9050306087466317,4.464646339416504,33,-0.07952621525951795,0.2629114171223981,-0.09628011233040265,0.22882031702569552,0.50177795493177,0.048076864864145,0.1342197736459119,1.1268440206437376,1.154471978877262,1.1108063488991609,1.0661682242990655,1.0220925385577322,1.1103064066852368,1.0447005903851563
full,31,4,94412.75190445309,-0.007202648578437443,-0.008078617366263918,-0.013800366284366858,-0.05917895605035706,0.10487329552074402,0.38989782759121483,0.00038989782759121485,0.0004928155057132244,0.19712620228528976,1.3942524045705795,1.0,0.7885048389434814,0.7885048091411591,2.9802322387695312e-08,False,1.078033208847046,0.9363677478214558,5.072137355804443,34,-0.11471764743328094,0.2051885649561882,-0.08240855485200882,0.3240988627076149,0.4338403716683388,0.13387567549943924,0.10012272745370865,1.0452818452385757,1.0675310126503827,1.0426107204951207,0.982468443197756,0.9755301794453507,1.0065228299046662,1.0306781485468246
full,31,5,98960.96336083529,0.04916893475137396,0.048173698622671735,0.04419644485489467,-0.010499459624055296,0.08966103142814173,0.44729543583733694,0.00044729543583733693,0.0005017495008983782,0.2006998003593513,1.4013996007187026,1.0,0.8027991652488708,0.8027992014374052,3.618853439135705e-08,False,1.009135127067566,0.8765236343603615,4.398173809051514,35,-0.11108648856835707,0.4120129934911217,-0.08961331179099424,0.21865585366530077,0.4444319001798119,0.022875723562070294,0.10272332946104662,1.0183883698313119,1.0599512631895773,1.0169313969075835,1.0549607423269096,1.023829431438127,1.175972083748754,1.0135770234986945
full,31,6,108640.77030404792,0.09871486870269086,0.09781439685381543,0.08570352844319154,0.07953524519262334,0.08662352746974186,0.32187517998473986,0.00032187517998473984,0.0004980291239917278,0.19921164959669113,1.3984232991933823,1.0,0.7968465685844421,0.7968465983867645,2.9802322387695312e-08,False,1.0502232313156128,0.9122123082539462,4.69089937210083,36,-0.11861066520214081,0.4887147843837738,-0.08060098439455032,0.19637882709503174,0.31329551339149475,0.08310557156801224,0.1177169531583786,1.0551013292304916,1.0682486990147664,1.0238423367924046,1.11468200270636,1.0955492037566352,1.1479440440864774,1.0770221535291085
full,31,7,111307.39486396375,0.025555123640530697,0.02454533921706248,0.016631482235336538,0.1015870947099542,0.10840734563988641,0.5043178626469204,0.0005043178626469204,0.0004807894756751402,0.19231579027005608,1.3846315805401122,0.9999999999999999,0.7692631483078003,0.7692631610802243,1.277242400732348e-08,False,1.093470811843872,0.9497766794121253,5.568325996398926,37,-0.1262219005397388,0.3906583732792309,-0.06609388973031727,0.1797795093485287,0.18340354625667843,0.2874413675495556,0.15103299383606228,1.0700646851823017,1.0958744957492952,1.07574187376562,1.0303490136570561,1.039508013417816,0.9737813884785819,0.9787132265008371
full,31,8,106230.50354234233,-0.044730265504530076,-0.04561144682099727,-0.046158843343037353,0.058650795530296285,0.06445088326758883,0.4381854268057006,0.0004381854268057006,0.0004846826954079527,0.19387307816318108,1.3877461563263622,1.0,0.7754923701286316,0.7754923126527244,5.747590714477724e-08,False,1.0729365348815918,0.9319408330629425,5.519607067108154,38,-0.13409275401915827,0.37674398134861675,-0.05978032414402282,0.2153166921011039,0.2522827179304191,0.09013389955673898,0.2593957872263023,0.9607720184563087,0.9483673729353325,0.9771948490503586,0.9664212076583212,0.9602007888131946,0.943875616230565,0.9630987292277614
full,31,9,104894.86142167734,-0.011234137294425128,-0.012573056477442113,-0.015469203193108844,0.04666445386681051,0.06965723059246133,0.8653288850826877,0.0008653288850826876,0.0004897204640188388,0.19588818560753551,1.391776371215071,1.0,0.7835526466369629,0.7835527424301421,9.579317916674768e-08,False,0.9568139314651489,0.8310780212869407,3.831970691680908,39,-0.11060552751379354,0.4886174082223858,0.018456001899072094,0.08544960165662424,0.47135018104953424,-0.08528265809374197,0.13201499277991907,0.972334225393994,0.9770852563241543,0.9539229191567941,1.0146296860713198,1.00336071695295,1.0297308155885898,0.9807155544278103
full,31,10,113175.15285966785,0.07986805417301701,0.0789389616017866,0.06558907700739224,0.11641382871383843,0.08320595679271373,0.3870585406465189,0.0003870585406465189,0.0004736878084284919,0.18947512337139677,1.3789502467427934,0.9999999999999998,0.7579004764556885,0.7579004934855869,1.7029898380371833e-08,False,0.9181307554244995,0.7974782414930486,3.4569499492645264,40,-0.09995323632444655,0.5635865309408732,-0.08952188704695022,0.04800840254340852,0.44710770036493025,0.022625198321683054,0.10814729120050157,1.1075456274694473,1.1179570958597118,1.1183717604729042,1.0432562331030337,1.0900632675846669,0.9914163090128755,0.9314359637774902
full,31,11,116250.35165067774,0.028531115720763278,0.02717203125692258,0.018769814559078068,0.13978754833799245,0.09207810130151908,0.8280976680772644,0.0008280976680772644,0.0004941600361572845,0.19766401446291382,1.3953280289258276,0.9999999999999999,0.7906562089920044,0.7906560578516553,1.5114034912500074e-07,False,1.0725253820419312,0.9315837102439756,5.669389247894287,41,-0.14082558612738338,0.3145969941147736,-0.05683842833553043,0.1843833162316254,0.3229207529553345,0.10880836684788975,0.26695458431329044,1.03712146290818,1.0565291374240031,1.0326546656799105,1.0463576158940397,0.9351314441789006,1.1279024006296734,1.0611111111111111
full,31,12,113698.54667821691,-0.020882955961410432,-0.021950944115238347,-0.023378090120366086,0.12048128211335674,0.08143647791460742,0.5811922922730446,0.0005811922922730446,0.0005101696109133108,0.20406784436532432,1.4081356887306486,0.9999999999999999,0.8162713646888733,0.8162713774612973,1.277242400732348e-08,False,1.0029091835021973,0.8711158484902002,4.207989692687988,42,-0.11698970730815617,0.49571481559957775,-0.08707813705716816,0.16975268934454235,0.40856319878782543,0.06249287937368664,0.06754426125969204,0.9888633335144615,1.0141533291379978,0.9796166893478648,1.0192625206384152,0.910551296093465,1.0568736915561758,0.9814136125654451
full,31,13,116110.41204940071,0.021973277099352817,0.021212807389787702,0.013265649498852526,0.1387507956008831,0.10007727977347683,0.234829632299287,0.000234829632299287,0.0005095663387328386,0.20382653549313545,1.407653070986271,1.0,0.8153060674667358,0.8153061419725418,7.450580596923828e-08,False,0.9334604740142822,0.8107934658783932,3.602320671081543,43,-0.10652613826096058,0.5495859291404486,-0.09730039723217487,0.10208186320960522,0.45982505939900875,0.022971149533987045,0.06936253421008587,1.026091448048592,1.0093070419373205,1.0316766856435173,1.0105291576673865,1.057337610264635,0.9290194783757015,0.9554547879434515
full,31,14,115631.71461907633,-0.003429518200439685,-0.004122777810147693,-0.007692267136492605,0.1351853569807525,0.0825365703272403,0.2086274006537029,0.0002086274006537029,0.000487260010891727,0.19490400435669084,1.3898080087133817,1.0,0.7796160578727722,0.7796160174267635,4.0446008764405406e-08,False,0.9747903943061829,0.8466921785189406,3.9667251110076904,44,-0.10955533624759745,0.5211406475199121,-0.08534866810909339,0.08855349331029824,0.4020076221121209,0.021477736000503816,0.16172450541385583,1.0424386351216453,1.004133253410209,1.0662471630729378,0.9422922789206518,1.0401971937808114,0.9470504619758351,0.9678950307091011
full,31,15,118564.99921209647,0.026045083575969796,0.02536747468186573,0.017265959227661082,0.15658077287114247,0.08258913325457747,0.18154352956584524,0.00018154352956584524,0.0004790831357240677,0.19163325428962708,1.3832665085792542,1.0,0.7665329575538635,0.7665330171585083,5.960464477539063e-08,False,0.957241415977478,0.831449329616548,3.8097169399261475,45,-0.11074535548686981,0.48956310003995895,-0.08088789880275726,0.10614416003227234,0.4703926369547844,0.021813049912452698,0.10372030735015869,1.0524253138754247,1.054036194252693,1.0270848634564504,0.9872412815423873,1.0051039008384979,1.121575984990619,1.0374963945774445
full,31,16,119617.45680148363,0.009545644367980888,0.008876629666268121,0.003221908472131195,0.16400162088415438,0.0839787908176142,0.1667940680469786,0.00016679406804697862,0.0004961145163646766,0.19844580654587066,1.3968916130917413,1.0,0.7937832474708557,0.7937832261834825,2.1287373197509396e-08,False,0.9438046216964722,0.8197782783951281,3.7243812084198,46,-0.1079666960452284,0.5139509466077601,-0.09047911050064225,0.15071799127118926,0.46340123085039003,0.03346974668758254,0.03690589112894874,1.0054865027130322,0.9846774920370601,1.0193239990459473,1.0485353245261344,1.019949220166848,1.0441619270659084,1.0467055879899918
full,31,17,123158.71321966696,0.030194850496782832,0.029604846256348516,0.01968954822515065,0.18803958416129984,0.08696830103989636,0.08748938356127045,8.748938356127045e-05,0.00048538598631109515,0.19415439452443806,1.388308789048876,0.9999999999999999,0.7766174077987671,0.7766175780977518,1.7029898469189675e-07,False,0.9441795945167542,0.8201039756485523,3.650616407394409,47,-0.10163567481296404,0.5406899872635091,-0.09251871971147402,0.12870445581419127,0.4437096837375845,0.04178589688880102,0.039264370820352,1.0222140006378042,1.054929753081416,0.9992198688185272,0.9627499315256095,1.0142247510668565,1.0807433514899072,0.9436918990703851
full,31,18,121697.14659421412,-0.01127175116042356,-0.011867342449786489,-0.014133730673135711,0.17828804702020573,0.08764387064083194,0.12730449863842555,0.00012730449863842557,0.000475258185927357,0.19010327437094282,1.3802065487418855,0.9999999999999998,0.7604131102561951,0.7604130974837711,1.277242400732348e-08,False,0.9435712695121765,0.8195755912631687,3.5819098949432373,48,-0.09902218197073256,0.5626063921621867,-0.09108109240021026,0.09142160947833741,0.4264466741255351,0.032679503517491465,0.07694909508739198,1.022748062827226,1.0116330078314992,1.0125485675873276,0.8998577524893313,0.9817671809256661,0.9866587607471095,1.0382775119617225
full,31,19,130117.82532579299,0.0698807272861941,0.0691937236594109,0.04859650784601806,0.23146579071993445,0.09162471707421328,0.15676142328551837,0.00015676142328551837,0.00048557587367083346,0.1942303494683334,1.3884606989366666,0.9999999999999999,0.7769213914871216,0.7769213978733331,6.38621155957253e-09,False,0.9112103581428528,0.7914672607890537,3.46242618560791,49,-0.09731710409479483,0.5413488700453724,-0.09691324537353857,0.11530085200709955,0.47924306536359446,0.01935478033764021,0.03898278171462671,1.028990413717977,1.0399761864870785,1.0121727778274432,0.9920961112867532,1.1142857142857145,0.933293269230769,0.9915966386554621
full,31,20,126988.10457556139,-0.023379297637444396,-0.024052974620466627,-0.024165718580405376,0.21252466650923763,0.10449188739417102,0.2196494245103426,0.0002196494245103426,0.00047039271864507886,0.18815708745803156,1.376314174916063,0.9999999999999999,0.7526284456253052,0.752628349832126,9.579317916674768e-08,False,0.988464891910553,0.858569696223695,3.975902795791626,50,-0.10000831181449552,0.5288636208112751,-0.08814877564353604,0.13277958040790896,0.38459481006222107,0.03004756835954528,0.11187150781708102,0.9524308174608502,0.9468745137780623,0.9571047153564893,1.0296367112810707,0.9903846153846152,1.0135222150676113,0.9600874794969929
full,31,21,127857.12238809945,0.007534506711934563,0.006843300917378281,0.0017744028025162817,0.2178769697595846,0.07155800895661373,0.20713699981570244,0.00020713699981570244,0.000479135276483638,0.19165411059345522,1.3833082211869103,0.9999999999999999,0.7666162848472595,0.7666164423738207,1.5752656112866248e-07,False,0.9810317754745483,0.8521133733206926,3.861396074295044,51,-0.09529216321451325,0.570192257740668,-0.09636194737894196,0.0786772843982492,0.34334177789943554,0.036046511360577155,0.1633962791945253,1.0691438500861281,1.0726581795633896,1.0583749337868538,1.0225936242649336,0.9190938511326862,1.0320838627700126,1.019362186788155
full,31,22,127342.87923250375,-0.003376042557131642,-0.004022014151349063,-0.007499795626108552,0.21471855668176687,0.08682765096581657,0.13550202122756427,0.00013550202122756427,0.0005128679344696658,0.20514717378786634,1.4102943475757326,0.9999999999999998,0.8205886483192444,0.8205886951514652,4.6832220768067145e-08,False,0.9682362675666809,0.8409993363656201,3.8313546180725098,52,-0.10369570393647468,0.5610137523284979,-0.10145146985139167,0.09173765193138803,0.3980324209800788,0.02933762009654725,0.12502572845135415,0.9916662901143084,1.0025358571630094,0.9627064136965677,0.9576271186440679,0.9838028169014084,1.0421668205601724,0.9972067039106144
full,31,23,128109.37225308898,0.006701548417974212,0.006019127454985229,0.0010707679298934151,0.21941698533622478,0.07255321449128987,0.17167945578694338,0.0001716794557869434,0.0005064285373581307,0.20257141494325231,1.4051428298865045,0.9999999999999999,0.8102855086326599,0.810285659773009,1.5114034912500074e-07,False,0.9714364409446716,0.8437789716440102,3.867968797683716,53,-0.10050490152622973,0.5758582835218735,-0.10206651341702258,0.06345740306590283,0.34108798551772324,0.029607007013899928,0.19256073582385266,1.0436129187650538,1.0069045203783964,1.0537813804467038,1.0290771175726925,1.0293486041517539,0.9503839338452451,1.0114845938375352
full,31,24,118538.43205477178,-0.07380526857131042,-0.07470913353169151,-0.06561184498815989,0.1563917434491281,0.05173206202126401,0.46155048587492525,0.0004615504858749253,0.0005148168520203659,0.20592674080814638,1.4118534816162926,1.0,0.8237069249153137,0.8237069632325853,3.831727157788123e-08,False,0.9435375928878784,0.8195463401189651,3.7038559913635254,54,-0.10548834236604829,0.5600304555680071,-0.10043839844209809,0.048571891018322516,0.14989667651908736,0.025719853916338492,0.42170786378639086,0.9298536593307981,0.8801916899722919,0.9556161965613983,0.9324324324324325,0.9551460361613352,0.8760099440646364,0.9872611464968152
full,32,1,92981.03757998347,-0.06840013178131676,-0.07018962420016528,-0.07927095483243836,-0.07548810599127509,0.07565697682326548,1.4622614000524794,0.0014622614000524795,0.00046046678509031034,0.18418671403612413,1.3683734280722482,1.0,0.7367468476295471,0.7367468561444963,8.514949190185916e-09,False,0.9146831035614014,0.7944836491337146,3.401901960372925,32,-0.08808589833123345,0.5581011761512076,-0.09610081570489068,0.09102059049265723,0.4587438095893179,0.02597543118255477,0.05034570662038665,0.8748807130139254,0.8987705690454519,0.8625624855383022,0.9506041222459132,0.9378420641125881,0.8997493734335839,0.9897050639955481
full,32,2,97943.66421463893,0.054533806424601705,0.05337245920047451,0.04956901140100309,-0.020995087347913666,0.09848014484716665,0.6578050085476468,0.0006578050085476468,0.0004440915611173425,0.177636624446937,1.3552732488938741,1.0,0.7105463743209839,0.7105464977877483,1.234667643679188e-07,False,1.0393431186676025,0.902761962482913,4.457791805267334,33,-0.07973250427416392,0.23100197634526662,-0.09790412017277308,0.269554007266249,0.5011207344276565,0.04633754811116628,0.1296223582965987,1.1268440206437376,1.154471978877262,1.1108063488991609,1.0661682242990655,1.0220925385577322,1.1103064066852368,1.0447005903851563
full,32,3,96753.82598058472,-0.01128004762806889,-0.012148189917080776,-0.018197150009213098,-0.033550859477812,0.11282755758629524,0.38095033594540184,0.00038095033594540183,0.000497482070433242,0.1989928281732968,1.3979856563465936,0.9999999999999999,0.7959712147712708,0.7959713126931871,9.792191635327185e-08,False,1.0562629699707031,0.9174583585940332,4.7703399658203125,34,-0.11622691260916845,0.1684871081795011,-0.08276591556412835,0.3709507797445569,0.4477717195238386,0.12027773899691444,0.09150548172848563,1.0452818452385757,1.0675310126503827,1.0426107204951207,0.982468443197756,0.9755301794453507,1.0065228299046662,1.0306781485468246
full,32,4,101412.90051796687,0.049144472792697735,0.048153904924825186,0.043538810824497676,0.013932157652039145,0.07888412610706948,0.44231127202510834,0.00044231127202510836,0.0005023020000330039,0.2009208000132016,1.4018416000264031,0.9999999999999999,0.8036830425262451,0.8036832000528062,1.5752656112866248e-07,False,1.0107659101486206,0.877940114546928,4.449678897857666,35,-0.11171462493283407,0.3791123468961034,-0.08920617508036752,0.2537689645375524,0.4513754685010229,0.02274417770760398,0.0939198423709188,1.0183883698313119,1.0599512631895773,1.0169313969075835,1.0549607423269096,1.023829431438127,1.175972083748754,1.0135770234986945
full,32,5,111388.94061922074,0.0992784189486513,0.09837052337820129,0.08330066912935169,0.10224480595567775,0.10023958348573847,0.3299962580204011,0.0003299962580204011,0.0004962463730147907,0.19849854920591628,1.3969970984118325,0.9999999999999999,0.793994128704071,0.793994196823665,6.811959396557654e-08,False,1.0463112592697144,0.9088144125081593,4.714766979217529,36,-0.11943063991410391,0.46965511781828745,-0.07906790929181237,0.22011960191386085,0.32774271709578373,0.07320943368332725,0.1077716786946569,1.0551013292304916,1.0682486990147664,1.0238423367924046,1.11468200270636,1.0955492037566352,1.1479440440864774,1.0770221535291085
full,32,6,114148.6062220426,0.025783279933719205,0.024775041287587785,0.016333077253668032,0.12394900551409826,0.1074224460950496,0.5032584539481572,0.0005032584539481572,0.0004801212597106183,0.19204850388424735,1.3840970077684946,1.0,0.7681939601898193,0.7681940155369893,5.534716995825306e-08,False,1.0976126194000244,0.9533742077456095,5.701033592224121,37,-0.12735785863229204,0.3746040133493287,-0.06469064525195531,0.19997903385332652,0.1992323813693864,0.2729654280202729,0.14526764729193278,1.0700646851823017,1.0958744957492952,1.07574187376562,1.0303490136570561,1.039508013417816,0.9737813884785819,0.9787132265008371
full,32,7,108985.04101193848,-0.04437454052734979,-0.04523546437404513,-0.04463654145173767,0.08244288324811677,0.06260838371512348,0.4180527063352721,0.0004180527063352721,0.0004832542594522238,0.1933017037808895,1.386603407561779,1.0,0.7732068300247192,0.773206815123558,1.4901161193847656e-08,False,1.0727201700210571,0.9317529009329265,5.580171585083008,38,-0.13493672385811806,0.3586326204240322,-0.058364979922771454,0.23243800923228264,0.26633286103606224,0.08748933300375938,0.24840888008475304,0.9607720184563087,0.9483673729353325,0.9771948490503586,0.9664212076583212,0.9602007888131946,0.943875616230565,0.9630987292277614
full,32,8,107648.98168186368,-0.01092432145382971,-0.012259107467128882,-0.0153780406648427,0.07105484475894819,0.07980004351348234,0.8612708092800208,0.0008612708092800207,0.0004891693232847113,0.19566772931388451,1.3913354586277689,0.9999999999999998,0.7826710343360901,0.7826709172555377,1.1708055236425707e-07,False,0.9612027406692505,0.8348900925258758,3.866914987564087,39,-0.11078833070184507,0.4822476950607129,0.01884015809212411,0.09314488592956746,0.4719996598682233,-0.08487939861203944,0.12943533036325658,0.972334225393994,0.9770852563241543,0.9539229191567941,1.0146296860713198,1.00336071695295,1.0297308155885898,0.9807155544278103
full,32,9,116180.43794824596,0.08019169773009671,0.07925254965806738,0.06462555561213701,0.13926989976964754,0.07178998797124678,0.3960774812315191,0.0003960774812315191,0.0004737279165003981,0.18949116660015924,1.3789823332003184,1.0,0.7579647898674011,0.7579646664006368,1.234667643679188e-07,False,0.9181663990020752,0.7975092011111614,3.4563541412353516,40,-0.10023071936198644,0.5626189825790269,-0.08926044723817281,0.05026481726339885,0.44884429552725386,0.02223044314554759,0.10553262808493205,1.1075456274694473,1.1179570958597118,1.1183717604729042,1.0432562331030337,1.0900632675846669,0.9914163090128755,0.9314359637774902
full,32,10,119241.99268318,0.02772605815165008,0.026351723138604788,0.01776210685923011,0.16136926472123791,0.08674516184720524,0.8444246362362589,0.0008444246362362589,0.0004937284080577749,0.19749136322310998,1.39498272644622,1.0,0.7899655103683472,0.78996545289244,5.747590714477724e-08,False,1.0714497566223145,0.9306494338753067,5.688578128814697,41,-0.14157081235732355,0.3036077113023826,-0.05592055086578643,0.195483425366027,0.32698334168110577,0.10623917888317788,0.2651777059904167,1.03712146290818,1.0565291374240031,1.0326546656799105,1.0463576158940397,0.9351314441789006,1.1279024006296734,1.0611111111111111
full,32,11,116596.64326717658,-0.021105422975127297,-0.02218471325812188,-0.023398946927069515,0.14234237626503565,0.08744116941734506,0.5932695823056358,0.0005932695823056358,0.0005098989685731276,0.20395958742925102,1.407919174858502,0.9999999999999999,0.8158381581306458,0.8158383497170041,1.9158635833349535e-07,False,1.001783013343811,0.8701376695192578,4.210742473602295,42,-0.11730028848562923,0.49198879141892704,-0.08665929894362179,0.1748587175139359,0.41096652884568485,0.060897814376013604,0.06524773527468952,0.9888633335144615,1.0141533291379978,0.9796166893478648,1.0192625206384152,0.910551296093465,1.0568736915561758,0.9814136125654451
full,32,12,119089.16883677874,0.022141206274783,0.021377335571236333,0.013036210727367981,0.1602930730244828,0.09828972064158358,0.23823737033775885,0.00023823737033775886,0.0005093660631350109,0.20374642525400438,1.4074928505080087,1.0,0.8149856925010681,0.8149857010160173,8.514949190185916e-09,False,0.9330970644950867,0.8104778123806777,3.6029491424560547,43,-0.10662768887622018,0.5485762347068106,-0.0971187363777842,0.10447113109486442,0.46056043995278223,0.02262615306036811,0.06751246643917899,1.026091448048592,1.0093070419373205,1.0316766856435173,1.0105291576673865,1.057337610264635,0.9290194783757015,0.9554547879434515
full,32,13,118591.92079163356,-0.0034830652783037763,-0.0041754262793344266,-0.007399192089369129,0.15677223766616988,0.07756713462112388,0.2080191767641477,0.0002080191767641477,0.0004870032638843571,0.19480130555374284,1.3896026111074857,1.0,0.7792051434516907,0.7792052222149715,7.876328078637584e-08,False,0.9757080674171448,0.8474892592555041,3.9745864868164062,44,-0.10968464479914736,0.5196623144937413,-0.08511666075459548,0.09136609866150788,0.402811252911176,0.02144166028925351,0.15951997919806413,1.0424386351216453,1.004133253410209,1.0662471630729378,0.9422922789206518,1.0401971937808114,0.9470504619758351,0.9678950307091011
full,32,14,121577.33103197081,0.025849399033220033,0.02517380796608082,0.017110979378161778,0.1774782424389354,0.07190050789207483,0.17981046863964628,0.0001798104686396463,0.00047897397540509697,0.1915895901620388,1.3831791803240776,1.0,0.7663582563400269,0.7663583606481552,1.043081283569336e-07,False,0.9588994979858398,0.8328895213500973,3.825601577758789,45,-0.11082609184086323,0.4871691670268774,-0.08076349832117558,0.10944065265357494,0.4699458684772253,0.02178456261754036,0.1032493393868208,1.0524253138754247,1.054036194252693,1.0270848634564504,0.9872412815423873,1.0051039008384979,1.121575984990619,1.0374963945774445
full,32,15,122676.4868062445,0.009711935513499359,0.009040795392889933,0.0034083320677830197,0.1848478660956422,0.07922583177847543,0.1684870597507273,0.0001684870597507273,0.0004964186863175461,0.19856747452701842,1.3971349490540368,1.0,0.794269859790802,0.7942698981080736,3.831727157788123e-08,False,0.9446637630462646,0.8205245190899076,3.7381434440612793,46,-0.10800492497427122,0.5118669223572527,-0.0905625495527472,0.15492651877658706,0.462492043950728,0.03302330417292457,0.03625868526952605,1.0054865027130322,0.9846774920370601,1.0193239990459473,1.0485353245261344,1.019949220166848,1.0441619270659084,1.0467055879899918
full,32,16,126280.2812853479,0.02996769681177791,0.029376407597938803,0.01912220903237845,0.20811072811885756,0.08281305981673841,0.08924024339233114,8.924024339233114e-05,0.0004850098091576781,0.19400392366307123,1.3880078473261424,1.0,0.7760156989097595,0.7760156946522847,4.257474817137563e-09,False,0.9449289441108704,0.8207548524360345,3.6605899333953857,47,-0.10150774142571858,0.5394046870725495,-0.09249618223735265,0.13223506190947124,0.4424970118062837,0.04122238659432956,0.03864477628043719,1.0222140006378042,1.054929753081416,0.9992198688185272,0.9627499315256095,1.0142247510668565,1.0807433514899072,0.9436918990703851
full,32,17,124748.14407822819,-0.011536715449057988,-0.012132830173680387,-0.014355151366988908,0.19838486785590093,0.09258582208064553,0.12755606323480606,0.00012755606323480606,0.00047569805490119116,0.19027922196047647,1.3805584439209528,1.0,0.7611168026924133,0.7611168878419057,8.514949234594837e-08,False,0.944131076335907,0.8200618332921246,3.587902784347534,48,-0.09905137813517026,0.5620989134269101,-0.09122784382530622,0.09373291635087558,0.4260424604373319,0.03240105190447398,0.07600387984088489,1.022748062827226,1.0116330078314992,1.0125485675873276,0.8998577524893313,0.9817671809256661,0.9866587607471095,1.0382775119617225
full,32,18,133361.92960192612,0.06973450657570512,0.06904940820840055,0.04680815550517785,0.25016081951954816,0.09935592316938767,0.1546174186680997,0.0001546174186680997,0.0004860255055661712,0.1944102022264685,1.388820404452937,1.0,0.7776408791542053,0.7776408089058742,7.024833115210072e-08,False,0.9122334718704224,0.7923559260815395,3.471329689025879,49,-0.09735518560877868,0.5407182066036123,-0.09705501661768981,0.1170952705932515,0.47829262300261427,0.0192802692098277,0.03902383281716279,1.028990413717977,1.0399761864870785,1.0121727778274432,0.9920961112867532,1.1142857142857145,0.933293269230769,0.9915966386554621
full,32,19,130167.6557028304,-0.02327043874313517,-0.023951917227280406,-0.023331528064354786,0.231759998595215,0.09861414280043274,0.2266766695039613,0.00022667666950396129,0.0004712814558297395,0.18851258233189583,1.3770251646637917,1.0,0.7540503740310669,0.7540503293275833,4.470348358154297e-08,False,0.9911677241325378,0.8609173464627315,4.0044169425964355,50,-0.10018224827945232,0.5271349642425776,-0.0883303340524435,0.13546025194227695,0.38136459328234196,0.029964711517095566,0.1145880613476038,0.9524308174608502,0.9468745137780623,0.9571047153564893,1.0296367112810707,0.9903846153846152,1.0135222150676113,0.9600874794969929
full,32,20,131139.87268016636,0.00817039779274964,0.007468959720343449,0.0020730990128642857,0.23745541339751475,0.07244631578870901,0.21590473449655942,0.0002159047344965594,0.0004800909039165292,0.1920363615666117,1.3840727231332235,1.0,0.7681453227996826,0.768145446266447,1.234667643679188e-07,False,0.9839140176773071,0.8546168570890262,3.887847900390625,51,-0.09542437323502131,0.5696954014045852,-0.09661198833159038,0.08053637615271977,0.33661775610276634,0.035928125892366686,0.16925870201417378,1.0691438500861281,1.0726581795633896,1.0583749337868538,1.0225936242649336,0.9190938511326862,1.0320838627700126,1.019362186788155
full,32,21,130605.48214547508,-0.003420432758974412,-0.004074966093604471,-0.0071137349134491,0.23433535593387356,0.07987354899615819,0.14384556668145326,0.00014384556668145326,0.0005131500134510654,0.20526000538042616,1.4105200107608522,0.9999999999999998,0.8210399746894836,0.8210400215217044,4.6832220768067145e-08,False,0.9698148965835571,0.8423705161076235,3.846054792404175,52,-0.10377020229186332,0.560302549707038,-0.10148980308856284,0.09326017807636941,0.3958167375198432,0.029075761990887766,0.12680477808628762,0.9916662901143084,1.0025358571630094,0.9627064136965677,0.9576271186440679,0.9838028169014084,1.0421668205601724,0.9972067039106144
full,32,22,131388.32175191207,0.00667977533422337,0.005993926086234502,0.0013379463163393016,0.23889734896819526,0.06448093435964794,0.17483857007963333,0.00017483857007963334,0.0005066919473132918,0.20267677892531671,1.4053535578506333,0.9999999999999999,0.8107072710990906,0.8107071157012666,1.553978239421383e-07,False,0.9722343683242798,0.8444720425598569,3.8769776821136475,53,-0.10055241281432767,0.5755081371005093,-0.10212436611098905,0.06397436266498904,0.33831783091383316,0.029263506510428,0.19561294173555713,1.0436129187650538,1.0069045203783964,1.0537813804467038,1.0290771175726925,1.0293486041517539,0.9503839338452451,1.0114845938375352
full,32,23,121606.1965383684,-0.0735428505377721,-0.07445201432753146,-0.06367103703718657,0.17767348337016153,0.04894342878305687,0.46692256203719557,0.0004669225620371956,0.0005148931419742959,0.20595725678971838,1.4119145135794366,0.9999999999999998,0.8238291144371033,0.8238290271588733,8.727822997656176e-08,False,0.9416447877883911,0.8179022704989137,3.6882498264312744,54,-0.10554856088544642,0.55908043655966,-0.10040869590427196,0.04908799353454793,0.1449621764144727,0.025468097733599787,0.42735855254743776,0.9298536593307981,0.8801916899722919,0.9556161965613983,0.9324324324324325,0.9551460361613352,0.8760099440646364,0.9872611464968152
full,32,24,126322.69967730156,0.03964967846519385,0.03878505596912607,0.027701562400858807,0.2083766397056458,0.06003187869250908,0.3149223157337734,0.0003149223157337734,0.0005170716185654913,0.2068286474261965,1.413657294852393,1.0,0.8273146152496338,0.8273145897047862,2.554484757055775e-08,False,0.9680296182632446,0.840819843061277,4.012368679046631,55,-0.10471741535833903,0.4077677162630217,-0.10211123206785747,0.050682234976972856,0.21727919897862844,0.021022196326936998,0.5100773008806365,0.9869331771848514,0.9986076251350232,0.9760156672096543,1.0082345191040842,1.0462322533673099,0.9882937211777227,1.0513323983169707
full,33,1,104963.94386890125,0.0512830853205537,0.04963943868901244,0.04188108513516091,0.047291895539873674,0.10821620809425524,1.1179716672216142,0.0011179716672216143,0.00044671903231314255,0.17868761292525703,1.357375225850514,0.9999999999999999,0.7147504687309265,0.7147504517010281,1.7029898380371833e-08,False,1.043042778968811,0.9059754465903757,4.482356071472168,33,-0.07996011312518803,0.20088118527616772,-0.09872749980006901,0.2732120475598744,0.5045139214822224,0.04827320788587841,0.151807250721114,1.1268440206437376,1.154471978877262,1.1108063488991609,1.0661682242990655,1.0220925385577322,1.1103064066852368,1.0447005903851563
full,33,2,103488.21379497314,-0.013168113031445605,-0.01405940001426853,-0.018842820163797208,0.03370638710494955,0.10514623457746172,0.403809062072209,0.000403809062072209,0.0004997792121555125,0.19991168486220498,1.39982336972441,1.0,0.7996469140052795,0.79964673944882,1.745564595090343e-07,False,1.0512832403182983,0.9131330203752144,4.705686092376709,34,-0.11831278779676985,0.14060446939298085,-0.08159889706543513,0.3835798384887832,0.4509825589401381,0.1226813452584403,0.10206347278186254,1.0452818452385757,1.0675310126503827,1.0426107204951207,0.982468443197756,0.9755301794453507,1.0065228299046662,1.0306781485468246
full,33,3,108421.95817743015,0.04867228398354717,0.047674456844250424,0.03956735158267143,0.07767760626171127,0.0880773514818057,0.449468945818288,0.000449468945818288,0.0005024987751884121,0.20099951007536485,1.4019990201507295,0.9999999999999999,0.8039980530738831,0.803998040301459,1.277242400732348e-08,False,1.0147476196289062,0.8813985834585879,4.499785900115967,35,-0.11260074962462702,0.3539668635598251,-0.08839876045073783,0.2687729613057205,0.456642599510295,0.02287070240293229,0.09874638329659188,1.0183883698313119,1.0599512631895773,1.0169313969075835,1.0549607423269096,1.023829431438127,1.175972083748754,1.0135770234986945
full,33,4,119150.85330614637,0.09986477694392959,0.09895500237284605,0.07885479990198128,0.16072778981229896,0.08390767297212813,0.331662570791585,0.00033166257079158504,0.0004958491985286986,0.19833967941147942,1.396679358822959,1.0,0.7933586835861206,0.7933587176459178,3.4059797204832876e-08,False,1.0462595224380493,0.9087694744671527,4.762396812438965,36,-0.12078247645071577,0.4547308938843863,-0.07755720296076365,0.23366063407489232,0.33410536817141945,0.07149335316249303,0.10434943011828832,1.0551013292304916,1.0682486990147664,1.0238423367924046,1.11468200270636,1.0955492037566352,1.1479440440864774,1.0770221535291085
full,33,5,121998.30141284634,0.02490772754058823,0.023897840659048653,0.014145634076350987,0.18031645652510642,0.10886065272912938,0.5059386300189155,0.0005059386300189154,0.00047989133745431897,0.1919565349817276,1.3839130699634552,1.0,0.7678261399269104,0.7678261399269104,0.0,False,1.0986988544464111,0.9543176995190009,5.782671928405762,37,-0.12861208617687225,0.3572158217430115,-0.06334444880485535,0.21343661844730377,0.2067047506570816,0.2736848294734955,0.14091451466083527,1.0700646851823017,1.0958744957492952,1.07574187376562,1.0303490136570561,1.039508013417816,0.9737813884785819,0.9787132265008371
full,33,6,116511.76872982562,-0.044113705021007754,-0.0449722055100924,-0.04279249530586637,0.14171760423716584,0.08387286035851578,0.41543958868299213,0.00041543958868299214,0.00048308384737798157,0.19323353895119263,1.386467077902385,1.0,0.7729341983795166,0.7729341558047702,4.257474639501879e-08,False,1.0726594924926758,0.9317001971014235,5.6317596435546875,38,-0.13605683509792604,0.3424009137919971,-0.05717670385326659,0.24520394738231385,0.27527523572955814,0.08822469200406755,0.24212875004325593,0.9607720184563087,0.9483673729353325,0.9771948490503586,0.9664212076583212,0.9602007888131946,0.943875616230565,0.9630987292277614
full,33,7,115115.60143006241,-0.010635170649265557,-0.011983058149264925,-0.014206036109324858,0.1313080176994582,0.07592899143234463,0.8743706116718906,0.0008743706116718906,0.0004889348748006991,0.19557394992027965,1.3911478998405593,1.0,0.7822956442832947,0.7822957996811186,1.553978239421383e-07,False,0.962870717048645,0.8363388784009078,3.8764193058013916,39,-0.11066288580851896,0.47753412941736834,0.019209970853158398,0.09916678736252443,0.4755467019443001,-0.08491106411176069,0.12411636034292833,0.972334225393994,0.9770852563241543,0.9539229191567941,1.0146296860713198,1.00336071695295,1.0297308155885898,0.9807155544278103
full,33,8,124332.55349984072,0.08101460495447288,0.08006692364264811,0.06088392407376563,0.19570541113250672,0.07026938718565762,0.4043292131807123,0.0004043292131807123,0.00047271439672580797,0.18908575869032318,1.3781715173806464,0.9999999999999999,0.7563430070877075,0.7563430347612927,2.7673585201171136e-08,False,0.9161369800567627,0.7957464702123231,3.4390721321105957,40,-0.0999989581427404,0.561996639040964,-0.08908680054758278,0.05194430079843315,0.45315697815801415,0.02212710518922123,0.09986073550369057,1.1075456274694473,1.1179570958597118,1.1183717604729042,1.0432562331030337,1.0900632675846669,0.9914163090128755,0.9314359637774902
full,33,9,127521.77303533841,0.0270372510518484,0.025650720151112916,0.016031484116398216,0.21582018803731395,0.08166585576818026,0.857555263276611,0.0008575552632766111,0.0004933866539171763,0.19735466156687057,1.3947093231337409,0.9999999999999998,0.789418637752533,0.7894186462674817,8.514948746096707e-09,False,1.071946620941162,0.931081004739167,5.7070088386535645,41,-0.1417811225567545,0.29586467040436604,-0.05557353901011605,0.20353869987385612,0.3322934795703206,0.10726261777537208,0.2583951939429555,1.03712146290818,1.0565291374240031,1.0326546656799105,1.0463576158940397,0.9351314441789006,1.1279024006296734,1.0611111111111111
full,33,10,124682.22196366872,-0.02118467304965399,-0.022267186254403826,-0.02291844230190978,0.19796103706638224,0.1011858266195613,0.5966538744313375,0.0005966538744313376,0.0005099003602351462,0.20396014409405847,1.4079202881881168,1.0,0.8158405423164368,0.8158405763762335,3.4059796760743666e-08,False,1.0012056827545166,0.8696362065409287,4.2129902839660645,42,-0.1173203406589372,0.4895675214273589,-0.08663980343512126,0.17830936930009297,0.4124567838651793,0.06056923738547734,0.06305723211594991,0.9888633335144615,1.0141533291379978,0.9796166893478648,1.0192625206384152,0.910551296093465,1.0568736915561758,0.9814136125654451
full,33,11,127366.36888017411,0.02229469263888406,0.021527904092754513,0.011786231312018444,0.21486338285988438,0.10232228962967391,0.24119840136596152,0.00024119840136596152,0.0005091490929148028,0.20365963716592111,1.4073192743318421,1.0,0.8146384954452515,0.8146385486636842,5.3218432771728885e-08,False,0.9325741529464722,0.8100236171805042,3.601043462753296,43,-0.10651867384357114,0.5479598612125431,-0.09714096332234998,0.10622349833803515,0.4613685876663242,0.022557067551783133,0.06555062239723544,1.026091448048592,1.0093070419373205,1.0316766856435173,1.0105291576673865,1.057337610264635,0.9290194783757015,0.9554547879434515
full,33,12,126843.3638816252,-0.0034166396034494007,-0.00410630375308052,-0.007723157156217902,0.21162608007366002,0.08971708739987082,0.20560017760310864,0.00020560017760310864,0.0004866679465132101,0.19466717860528404,1.389334357210568,0.9999999999999999,0.7786686420440674,0.7786687144211362,7.23770687827141e-08,False,0.9757049083709717,0.847486515342862,3.9709391593933105,44,-0.10950257788811413,0.5194204433688095,-0.08516460071716991,0.09300048489655766,0.4043349309691361,0.021536970777170983,0.15637434859360966,1.0424386351216453,1.004133253410209,1.0662471630729378,0.9422922789206518,1.0401971937808114,0.9470504619758351,0.9678950307091011
full,33,13,130024.96914658004,0.025756049319165752,0.02508294614390727,0.015309854249865381,0.23091694882643832,0.07962029005825838,0.17733958629625185,0.00017733958629625185,0.00047907781255032337,0.19163112502012936,1.3832622500402587,1.0,0.7665244936943054,0.7665245000805174,6.38621200366174e-09,False,0.9590534567832947,0.8330232482624474,3.8258612155914307,45,-0.11067136829452856,0.4866837292377438,-0.0809597567256008,0.11101522589368479,0.4704635172550167,0.021858592650720043,0.10161005998296396,1.0524253138754247,1.054036194252693,1.0270848634564504,0.9872412815423873,1.0051039008384979,1.121575984990619,1.0374963945774445
full,33,14,131206.76742334655,0.009759331858900877,0.009089010245672435,0.0028203332658101746,0.23784419078519048,0.08213817385883973,0.16765259153076578,0.0001676525915307658,0.0004964107993457998,0.19856431973831992,1.3971286394766398,1.0,0.7942572236061096,0.7942572789532796,5.534716995825306e-08,False,0.9448176026344299,0.8206581424583845,3.7414722442626953,46,-0.10783952048846651,0.5111774174230439,-0.09072479924985341,0.15633064189127513,0.46232437768152784,0.03304393642715045,0.0356879463153226,1.0054865027130322,0.9846774920370601,1.0193239990459473,1.0485353245261344,1.019949220166848,1.0441619270659084,1.0467055879899918
full,33,15,135057.21264294596,0.02993755383894947,0.029346391921810877,0.016986488679958976,0.2595730502422523,0.09484741554205692,0.08943944105080193,8.943944105080193e-05,0.0004847037552722863,0.19388150210891453,1.3877630042178288,0.9999999999999999,0.7755259871482849,0.7755260084356577,2.1287372753420186e-08,False,0.9449059963226318,0.8207349202404268,3.6621909141540527,47,-0.10126776886837824,0.5389164696846689,-0.09261373324053629,0.13348358975989477,0.44234064327819006,0.04121570395571844,0.03792509543044226,1.0222140006378042,1.054929753081416,0.9992198688185272,0.9627499315256095,1.0142247510668565,1.0807433514899072,0.9436918990703851
full,33,16,133399.2865733959,-0.011679979643085758,-0.012275731426008019,-0.013527466771709448,0.2503708035576314,0.08650440174177128,0.1275627974952971,0.00012756279749529708,0.00047541134059429167,0.19016453623771667,1.3803290724754333,1.0,0.7606581449508667,0.7606581449508667,0.0,False,0.9441560506820679,0.8200835257335781,3.5879061222076416,48,-0.09884193167090416,0.5619331561028957,-0.09132260456681252,0.09478216990828514,0.4260287247598171,0.03244764357805252,0.07497284188866615,1.022748062827226,1.0116330078314992,1.0125485675873276,0.8998577524893313,0.9817671809256661,0.9866587607471095,1.0382775119617225
full,33,17,142603.58150779866,0.06968207982925789,0.06899808215494918,0.04401087599086907,0.2987553402048936,0.08747321312786184,0.15357834739344467,0.00015357834739344468,0.0004860663360783032,0.1944265344313213,1.3888530688626424,0.9999999999999999,0.7777060866355896,0.7777061377252847,5.10896951411155e-08,False,0.9125526547431946,0.7926331648022655,3.4746041297912598,49,-0.09726695237415178,0.5403280827615942,-0.09715958205716951,0.11802561315042631,0.47799947591764586,0.019266535661050244,0.03880682694060461,1.028990413717977,1.0399761864870785,1.0121727778274432,0.9920961112867532,1.1142857142857145,0.933293269230769,0.9915966386554621
full,33,18,139205.61880561625,-0.0231464042352304,-0.02382803199088357,-0.022273125541935255,0.28163819206437457,0.10311954802832485,0.22663519318614675,0.00022663519318614675,0.000471387194203479,0.18855487768139162,1.3771097553627831,0.9999999999999999,0.7542194724082947,0.7542195107255663,3.831727157788123e-08,False,0.9916198253631592,0.8613100366021726,4.009268760681152,50,-0.1000602852020945,0.5264077771987234,-0.08849459247929711,0.13702936364071708,0.38139551771538593,0.03005459053175788,0.1136676285948072,0.9524308174608502,0.9468745137780623,0.9571047153564893,1.0296367112810707,0.9903846153846152,1.0135222150676113,0.9600874794969929
full,33,19,140253.76732463978,0.008232707725748245,0.007529498651107858,0.0017668598733111187,0.2870066743481192,0.07203244820867055,0.2177057308810097,0.0002177057308810097,0.00048000464481966833,0.19200185792786734,1.3840037158557348,1.0,0.7680074572563171,0.7680074317114696,2.554484757055775e-08,False,0.9846618175506592,0.8552663878061557,3.891725778579712,51,-0.09522270837000438,0.5696415933115142,-0.09677914955786296,0.08177426031657628,0.3360823126775878,0.036240327571119585,0.16826336405106954,1.0691438500861281,1.0726581795633896,1.0583749337868538,1.0225936242649336,0.9190938511326862,1.0320838627700126,1.019362186788155
full,33,20,139677.04999433845,-0.0034567040528228343,-0.004111956072926137,-0.007222656696097528,0.2840627719152623,0.08557508526481225,0.14461866446903782,0.00014461866446903782,0.000513122488877603,0.2052489955510412,1.4104979911020823,1.0,0.8209958672523499,0.8209959822041646,1.1495181473364369e-07,False,0.9701233506202698,0.8426384358797536,3.8476204872131348,52,-0.10369167423674039,0.5601741527872426,-0.10155732131430081,0.09436982923320361,0.39579607599547934,0.029212799455438337,0.1256961380796773,0.9916662901143084,1.0025358571630094,0.9627064136965677,0.9576271186440679,0.9838028169014084,1.0421668205601724,0.9972067039106144
full,33,21,140515.2248730971,0.0066870004656995885,0.00600080599348729,0.0008891498292208358,0.28833334544130307,0.0676284739363986,0.17519094741770205,0.00017519094741770205,0.0005066778417676687,0.2026711367070675,1.405342273414135,1.0,0.8106845021247864,0.81068454682827,4.470348358154297e-08,False,0.9725795984268188,0.8447719056168961,3.8779213428497314,53,-0.1004642304033041,0.5755361262708902,-0.10220690630376339,0.06465100683271885,0.33856900967657566,0.029400650411844254,0.1945143435150385,1.0436129187650538,1.0069045203783964,1.0537813804467038,1.0290771175726925,1.0293486041517539,0.9503839338452451,1.0114845938375352
full,33,22,130053.64555959351,-0.07353932397199414,-0.07445157151441562,-0.05976282981982369,0.23108652918016248,0.050320271173662105,0.47028906962701256,0.0004702890696270126,0.0005148547009697983,0.20594188038791933,1.4118837607758385,1.0,0.8237674236297607,0.8237675215516771,9.792191635327185e-08,False,0.9417446851730347,0.8179890402647283,3.6873562335968018,54,-0.10547435390097756,0.5589765225137984,-0.10046752648694177,0.04953521756189208,0.1439134691442762,0.025597172656229544,0.4279194985117231,0.9298536593307981,0.8801916899722919,0.9556161965613983,0.9324324324324325,0.9551460361613352,0.8760099440646364,0.9872611464968152
full,33,23,135108.55692140193,0.03973823011753286,0.038867894398947556,0.026134071677311882,0.25985442907088396,0.05267656426819201,0.3202538011329516,0.0003202538011329516,0.0005171686996306692,0.20686747985226767,1.4137349597045354,1.0,0.8274699449539185,0.8274699194090709,2.554484757055775e-08,False,0.9692797064781189,0.8419056558885014,4.018191814422607,55,-0.10464248486927577,0.4047942789537566,-0.1022249949829919,0.051798913095678606,0.21716015360185079,0.02140998414584569,0.511704150055136,0.9869331771848514,0.9986076251350232,0.9760156672096543,1.0082345191040842,1.0462322533673099,0.9882937211777227,1.0513323983169707
full,33,24,137408.3591299009,0.01787657569214174,0.01702188418633499,0.009872329252633866,0.27224223742120657,0.05030958195377477,0.3287731845464025,0.0003287731845464025,0.0005112604317920549,0.20450417271682197,1.409008345433644,0.9999999999999999,0.8180166482925415,0.8180166908672879,4.257474639501879e-08,False,0.8860499858856201,0.7696132391211581,3.3010168075561523,56,-0.10113049830709187,0.5354140422173909,-0.10337367440973011,0.04089658547724995,0.06482456837381634,0.027446983648197976,0.5359219930001667,1.0357733081792009,1.0341142880338432,1.0231835256931106,0.9411956876837635,1.048016701461378,0.9239052404881549,1.0130736392742796
full,34,1,99326.66368100478,-0.0051933050381347545,-0.006733363189952213,-0.011857362496745877,-0.006779008717716417,0.10156707558058921,1.0553878332887376,0.0010553878332887376,0.0004939096048474312,0.19756384193897247,1.395127683877945,1.0,0.7902553677558899,0.7902553677558899,0.0,False,1.0875152349472046,0.9446037310465789,5.202406883239746,34,-0.1131424531340599,0.22218121588230133,-0.08442138880491257,0.31138554215431213,0.42269858717918396,0.12738525867462158,0.11391323804855347,1.0452818452385757,1.0675310126503827,1.0426107204951207,0.982468443197756,0.9755301794453507,1.0065228299046662,1.0306781485468246
full,34,2,104075.65761054176,0.048803378829630484,0.047811874007857025,0.04191537062500263,0.0391605271022466,0.08048330389920767,0.4434363714286259,0.00044343637142862593,0.0005023784549640758,0.20095138198563034,1.4019027639712607,0.9999999999999999,0.803805410861969,0.8038055279425214,1.1708055236425707e-07,False,1.0136131048202515,0.8804131564165153,4.43433141708374,35,-0.11033851254199234,0.4255624304392508,-0.090612869443638,0.20123307806040558,0.43148826461817535,0.02201101769294056,0.12065659117485794,1.0183883698313119,1.0599512631895773,1.0169313969075835,1.0549607423269096,1.023829431438127,1.175972083748754,1.0135770234986945
full,34,3,114154.65676741493,0.09774008699328962,0.09684300237226906,0.0805829713105483,0.12399543889176956,0.08503880957949322,0.31953297608665066,0.00031953297608665066,0.0004980115273169109,0.19920461092676436,1.3984092218535287,1.0,0.7968183755874634,0.7968184437070573,6.811959396557654e-08,False,1.052859902381897,0.9145024916433085,4.679259777069092,36,-0.11726001011473791,0.5004950080599104,-0.08194460081202645,0.18379305941717963,0.2960832927908216,0.0814078663076673,0.13742538435118537,1.0551013292304916,1.0682486990147664,1.0238423367924046,1.11468200270636,1.0955492037566352,1.1479440440864774,1.0770221535291085
full,34,4,117032.65177757264,0.026202055085485343,0.025211367557448794,0.0163913128993973,0.14553760441098262,0.10301705239631521,0.48551997542381287,0.00048551997542381286,0.0004803385825029442,0.19213543300117766,1.3842708660023553,0.9999999999999999,0.768541693687439,0.7685417320047105,3.831727157788123e-08,False,1.091294765472412,0.947886589549144,5.46255350112915,37,-0.12446978049618856,0.4092144955481802,-0.0676656525049891,0.1670145381774221,0.16859210921185355,0.282391040452889,0.16492324961083274,1.0700646851823017,1.0958744957492952,1.07574187376562,1.0303490136570561,1.039508013417816,0.9737813884785819,0.9787132265008371
full,34,5,111672.86159429194,-0.044913649576710624,-0.045797391598605186,-0.04437909839874356,0.10452729004742001,0.0673756807036188,0.44197096356323795,0.00044197096356323796,0.0004837580424334322,0.1935032169733729,1.3870064339467458,1.0,0.7740129232406616,0.7740128678934917,5.534716995825306e-08,False,1.0701602697372437,0.929529399797961,5.420520305633545,38,-0.132630002285753,0.39125120959111626,-0.060873214687619887,0.2024203421814101,0.23782043478318624,0.08752906641789845,0.2744821639997619,0.9607720184563087,0.9483673729353325,0.9771948490503586,0.9664212076583212,0.9602007888131946,0.943875616230565,0.9630987292277614
full,34,6,110226.81511435575,-0.01161954590480907,-0.012948951601058578,-0.015184714974493077,0.09277973879355805,0.06874327441262244,0.8554538163755623,0.0008554538163755623,0.0004904859393302883,0.19619437573211532,1.3923887514642308,1.0,0.7847774028778076,0.7847775029284616,1.0005065398388524e-07,False,0.9568026661872864,0.8310682363909152,3.845066785812378,39,-0.1107087968183415,0.4917566092418773,0.017775327499423704,0.07874397055378982,0.4644721956657512,-0.08548557891377381,0.14344627277127334,0.972334225393994,0.9770852563241543,0.9539229191567941,1.0146296860713198,1.00336071695295,1.0297308155885898,0.9807155544278103
full,34,7,118773.62332252652,0.07846521767142489,0.07753837575098044,0.061462596037034,0.1580622262532756,0.0763978284536708,0.3841501692576067,0.0003841501692576067,0.0004756275976874999,0.19025103907499996,1.3805020781499997,0.9999999999999999,0.7610040903091431,0.7610041562999994,6.599085633496315e-08,False,0.9220128655433655,0.800850199498577,3.4889540672302246,40,-0.10010549878435476,0.5649288251463855,-0.0901455402906452,0.046303897297808094,0.4387199237410511,0.02281399177653448,0.11748440111322062,1.1075456274694473,1.1179570958597118,1.1183717604729042,1.0432562331030337,1.0900632675846669,0.9914163090128755,0.9314359637774902
full,34,8,122223.62166946083,0.03039789592246711,0.029046839276477554,0.02000384502407712,0.1818275499114399,0.07522957268174364,0.8173687420785427,0.0008173687420785428,0.000494690588010209,0.1978762352040836,1.3957524704081672,1.0,0.7915049195289612,0.7915049408163344,2.1287373197509396e-08,False,1.0733180046081543,0.9322721734574609,5.6463141441345215,41,-0.1399174172963415,0.3264766644154276,-0.0579588179077421,0.1763035516653742,0.3082996319447245,0.1080589901123728,0.27873739706618444,1.03712146290818,1.0565291374240031,1.0326546656799105,1.0463576158940397,0.9351314441789006,1.1279024006296734,1.0611111111111111
full,34,9,119589.54416043575,-0.020478454884705677,-0.02155129649282228,-0.022258162357120602,0.16380649577654827,0.08474216444457931,0.5860116162470408,0.0005860116162470408,0.0005098596986915384,0.20394387947661538,1.4078877589532308,1.0,0.8157755732536316,0.8157755179064616,5.534716995825306e-08,False,1.0040242671966553,0.8720843978809271,4.205708026885986,42,-0.11645009049347471,0.5000826822859901,-0.08749378898314067,0.16647123864718846,0.4042320953948157,0.06347377917596272,0.06968408397265843,0.9888633335144615,1.0141533291379978,0.9796166893478648,1.0192625206384152,0.910551296093465,1.0568736915561758,0.9814136125654451
full,34,10,122096.176468625,0.021718086524297853,0.020960296535844858,0.012238119113017754,0.1809735333874526,0.09857836995773138,0.23224200734070372,0.00023224200734070372,0.0005097152478992939,0.20388609915971756,1.4077721983194351,1.0,0.8155443668365479,0.8155443966388702,2.9802322387695312e-08,False,0.9344524145126343,0.8116550544480146,3.6059603691101074,43,-0.10628510639071465,0.5511850081384182,-0.09760099276900291,0.10065451636910439,0.457383718341589,0.02327670156955719,0.07138615474104881,1.026091448048592,1.0093070419373205,1.0316766856435173,1.0105291576673865,1.057337610264635,0.9290194783757015,0.9554547879434515
full,34,11,121563.29368910498,-0.003669312729190466,-0.004364451000289593,-0.007532563599469453,0.1773832629465646,0.07884586317162907,0.20989837391035915,0.00020989837391035917,0.00048804347536393584,0.19521739014557435,1.3904347802911485,0.9999999999999998,0.7808696031570435,0.7808695605822971,4.257474639501879e-08,False,0.9755430221557617,0.8473459027629382,3.9712047576904297,44,-0.10921486679996767,0.5234226637652941,-0.08600252334560668,0.08766072775636399,0.3978031032851764,0.021594023065907603,0.16473687227283204,1.0424386351216453,1.004133253410209,1.0662471630729378,0.9422922789206518,1.0401971937808114,0.9470504619758351,0.9678950307091011
full,34,12,124657.7366348424,0.026140525309612084,0.025455405590205427,0.016276441164433178,0.19780350021171844,0.08287592201441342,0.18830344879201472,0.00018830344879201472,0.00047958610446325375,0.1918344417853015,1.383668883570603,0.9999999999999999,0.7673377394676208,0.767337767141206,2.7673585201171136e-08,False,0.9576072692871094,0.831767105763666,3.8096654415130615,45,-0.11030161726687637,0.49141994517828735,-0.08153282451842514,0.10615974318768295,0.4687712232449225,0.021808913243668404,0.1036746169307402,1.0524253138754247,1.054036194252693,1.0270848634564504,0.9872412815423873,1.0051039008384979,1.121575984990619,1.0374963945774445
full,34,13,125766.94620998406,0.009567921774640942,0.008898040387102846,0.0027314118149472663,0.20487852322471778,0.08687222396104143,0.16716130982552257,0.00016716130982552259,0.0004965916834771633,0.19863667339086533,1.3972733467817307,1.0,0.7945467233657837,0.7945466935634613,2.9802322387695312e-08,False,0.9443774223327637,0.8202758067062722,3.730224847793579,46,-0.10769014433026314,0.5143328346312046,-0.09094652906060219,0.15242447331547737,0.4618398882448673,0.03360047563910484,0.03643900156021118,1.0054865027130322,0.9846774920370601,1.0193239990459473,1.0485353245261344,1.019949220166848,1.0441619270659084,1.0467055879899918
full,34,14,129487.46641102688,0.0301723418537021,0.029582655166254357,0.018411237563374334,0.2277244835220268,0.0886944546786935,0.0872807587896074,8.728075878960739e-05,0.00048529870275940216,0.19411948110376087,1.3882389622075215,0.9999999999999999,0.7764778137207031,0.776477924415043,1.1069433991650612e-07,False,0.944807231426239,0.8206491341414085,3.65615177154541,47,-0.10125465957181795,0.5409080210540975,-0.09286482153194292,0.130556476435491,0.44198579820139067,0.04199627520782606,0.0386729102049555,1.0222140006378042,1.054929753081416,0.9992198688185272,0.9627499315256095,1.0142247510668565,1.0807433514899072,0.9436918990703851
full,34,15,127931.14998508079,-0.011423124131507034,-0.012019050716506663,-0.013375040778894355,0.21832954670022198,0.07960207914179086,0.1275284258382661,0.0001275284258382661,0.00047546592674085073,0.1901863706963403,1.3803727413926805,0.9999999999999998,0.7607455253601074,0.760745482785361,4.257474639501879e-08,False,0.94464111328125,0.8205048457539831,3.588512897491455,48,-0.09876482401575362,0.5629136019519396,-0.09142154668058669,0.09308833416019166,0.42472592528377257,0.03296007748161042,0.07649843181882585,1.022748062827226,1.0116330078314992,1.0125485675873276,0.8998577524893313,0.9817671809256661,0.9866587607471095,1.0382775119617225
full,34,16,136762.49837684663,0.06972140301460028,0.0690320410063987,0.04586291163386996,0.2688054021618429,0.0922588765550192,0.15845412015914917,0.00015845412015914916,0.0004861849652869361,0.19447398611477446,1.3889479722295488,0.9999999999999998,0.7778959274291992,0.7778959444590976,1.7029898380371833e-08,False,0.9121379852294922,0.7922729874390366,3.4711790084838867,49,-0.09719556782926833,0.5409359910658427,-0.09727841828550612,0.11734527136598313,0.4781267919710704,0.01936244379196847,0.0387034879199096,1.028990413717977,1.0399761864870785,1.0121727778274432,0.9920961112867532,1.1142857142857145,0.933293269230769,0.9915966386554621
full,34,17,133501.02356757107,-0.023171094519763513,-0.023847727615275205,-0.02290484742071837,0.25094207274459324,0.10083036006937411,0.22193026915192599,0.000221930269151926,0.00047099307312497077,0.1883972292499883,1.3767944584999765,0.9999999999999999,0.7535889148712158,0.753588916999953,2.1287371865241766e-09,False,0.9900788068771362,0.8599715249521913,3.9911446571350098,50,-0.09973580416824138,0.5282471773347683,-0.08866142508174693,0.13645960363958562,0.3823907074651548,0.030261860894305354,0.11103787991617406,0.9524308174608502,0.9468745137780623,0.9571047153564893,1.0296367112810707,0.9903846153846152,1.0135222150676113,0.9600874794969929
full,34,18,134489.4222422628,0.008105135633602822,0.007403678625665933,0.0014367892250010334,0.256447099461363,0.0813647498353749,0.21588524484208663,0.00021588524484208663,0.0004801742626088007,0.19206970504352028,1.3841394100870406,0.9999999999999999,0.7682788372039795,0.7682788201740811,1.7029898380371833e-08,False,0.9839880466461182,0.8546811578343374,3.8833065032958984,51,-0.09513727735195843,0.5704013167747429,-0.09693242769156185,0.08138563324298176,0.3377930580505303,0.036747651440756646,0.16574204553450855,1.0691438500861281,1.0726581795633896,1.0583749337868538,1.0225936242649336,0.9190938511326862,1.0320838627700126,1.019362186788155
full,34,19,133945.45682354228,-0.0033947133792965323,-0.004044670648823634,-0.007299873418445012,0.25342745941925837,0.08560466752680737,0.1392869108489582,0.0001392869108489582,0.000513097049136247,0.2052388196544988,1.4104776393089975,0.9999999999999998,0.820955216884613,0.820955278617995,6.17333819619148e-08,False,0.9700290560722351,0.8425565326759836,3.844768762588501,52,-0.10361611497189319,0.5609828789851494,-0.10162270468260562,0.09359063554022992,0.3952315111777612,0.029600614415747767,0.12583317953561032,0.9916662901143084,1.0025358571630094,0.9627064136965677,0.9576271186440679,0.9838028169014084,1.0421668205601724,0.9972067039106144
full,34,20,134739.87077437382,0.006618748152863674,0.00593087641545087,0.0012617992728971715,0.2578291828151359,0.062798482459607,0.17651172461254272,0.00017651172461254273,0.0005070706882647106,0.20282827530588426,1.4056565506117684,0.9999999999999999,0.8113130927085876,0.8113131012235368,8.514949190185916e-09,False,0.9730205535888672,0.8451549144041848,3.8806755542755127,53,-0.10050974520189424,0.5759782147194659,-0.10231853010399003,0.06441162047641616,0.33685048935668804,0.029811984726360846,0.19577596602695327,1.0436129187650538,1.0069045203783964,1.0537813804467038,1.0290771175726925,1.0293486041517539,0.9503839338452451,1.0114845938375352
full,34,21,124700.16670148508,-0.07360056461362796,-0.0745117537607004,-0.062496265532169464,0.19807645294183018,0.054870713177275036,0.4687018532838141,0.0004687018532838141,0.00051536346519632,0.206145386078528,1.412290772157056,1.0,0.824581503868103,0.8245815443141118,4.0446008764405406e-08,False,0.9410470724105835,0.8173831015182527,3.6812424659729004,54,-0.10547080396541528,0.5598983714090926,-0.10067458211311273,0.04909872503152915,0.14281586797109672,0.025849476988826475,0.42848294467798304,0.9298536593307981,0.8801916899722919,0.9556161965613983,0.9324324324324325,0.9551460361613352,0.8760099440646364,0.9872611464968152
full,34,22,129509.36908771723,0.03942230010132386,0.03856612636087897,0.026968123813169664,0.22785509106858837,0.056210286271770375,0.3069622101528303,0.00030696221015283034,0.0005170787498354911,0.20683149993419647,1.413662999868393,1.0,0.8273259997367859,0.8273259997367859,0.0,False,0.9665260910987854,0.8395138959594445,3.995898723602295,55,-0.10452219471335411,0.4128231145441532,-0.10230930522084236,0.05030052363872528,0.2125912494957447,0.021078351885080338,0.5100382603704929,0.9869331771848514,0.9986076251350232,0.9760156672096543,1.0082345191040842,1.0462322533673099,0.9882937211777227,1.0513323983169707
full,34,23,131725.863952932,0.01796126021928357,0.01711455225848213,0.010609360401879526,0.24084764374191703,0.04766384542898271,0.32041783151882053,0.0003204178315188205,0.000511696632685406,0.2046786530741624,1.4093573061483249,1.0,0.8187144994735718,0.8187146122966498,1.1282307799120872e-07,False,0.8840010166168213,0.7678335270271007,3.290466785430908,56,-0.10123548949403424,0.5380647078688656,-0.10344316358012814,0.040110439860395,0.06370627587395053,0.027283600398472357,0.5355136290724789,1.0357733081792009,1.0341142880338432,1.0231835256931106,0.9411956876837635,1.048016701461378,0.9239052404881549,1.0130736392742796
full,34,24,126064.9475427995,-0.042370668412333834,-0.042974980313321365,-0.03648172686588582,0.20675808819854835,0.04784342645034283,0.12394271844199733,0.00012394271844199734,0.0005073063847209725,0.20292255388838903,1.4058451077767782,1.0,0.8116901516914368,0.8116902155535564,6.386211959252819e-08,False,0.901591956615448,0.7831128233728902,3.3563756942749023,57,-0.10296117940119334,0.4815473513943808,-0.09996137448719569,0.05140344000288419,0.059977963034595766,0.03659181616136006,0.5734019832951682,0.9120432847339066,0.8673832471904358,0.9509451683395475,0.9694550503297468,0.9555112881806108,0.8717948717948719,1.0287068738477745
full,35,1,104671.68175789806,0.048596036832742495,0.046716817578980496,0.04038317626461484,0.044631763619729425,0.08497174710229179,1.2914644346705506,0.0012914644346705506,0.0005022722416158234,0.20090889664632935,1.4018177932926588,1.0,0.8036354780197144,0.8036355865853175,1.0856560317407116e-07,False,1.017909288406372,0.8841447740659063,4.530591011047363,35,-0.11275064067116808,0.34913028909691746,-0.08815825597516128,0.2696877880288022,0.4554855687809842,0.02362172997423581,0.10298352076538972,1.0183883698313119,1.0599512631895773,1.0169313969075835,1.0549607423269096,1.023829431438127,1.175972083748754,1.0135770234986945
full,35,2,115069.00384610803,0.10024386926681972,0.09933271266490795,0.081892063347638,0.13095623793059985,0.08864821926464846,0.3324744249028818,0.00033247442490288184,0.0004960092582872935,0.19840370331491744,1.3968074066298348,0.9999999999999999,0.7936147451400757,0.7936148132596696,6.811959396557654e-08,False,1.0500781536102295,0.912086295360156,4.813223838806152,36,-0.12109937625271933,0.4501814459051405,-0.07730432706219811,0.2370988492454801,0.33018603069441654,0.07556558293955665,0.10537179453032355,1.0551013292304916,1.0682486990147664,1.0238423367924046,1.11468200270636,1.0955492037566352,1.1479440440864774,1.0770221535291085
full,35,3,117677.58756845092,0.02368506805255688,0.022669734117378715,0.013127401054846884,0.15022051296019467,0.12273747949495876,0.5124861938612801,0.0005124861938612802,0.0004798480948167189,0.19193923792668754,1.383878475853375,0.9999999999999999,0.7677569389343262,0.7677569517067502,1.277242400732348e-08,False,1.0989587306976318,0.9545434251627666,5.820799350738525,37,-0.12933840389762608,0.3455265111156872,-0.06260083402906147,0.21921385292495998,0.20472189251865658,0.2811245269009045,0.14135245446647915,1.0700646851823017,1.0958744957492952,1.07574187376562,1.0303490136570561,1.039508013417816,0.9737813884785819,0.9787132265008371
full,35,4,112402.81250755557,-0.043956461996594864,-0.04482395645498005,-0.04348117062183549,0.11034254598141724,0.0720640728611612,0.4247981533408165,0.0004247981533408165,0.00048299342260829046,0.1931973690433162,1.3863947380866324,0.9999999999999999,0.7727895975112915,0.7727894761732648,1.2133802673730543e-07,False,1.0736174583435059,0.9325322756671579,5.679452419281006,38,-0.13681095998202053,0.33068062205399784,-0.05638640906129566,0.2525855435856751,0.27480552930917057,0.09104389537658009,0.2440817787178925,0.9607720184563087,0.9483673729353325,0.9771948490503586,0.9664212076583212,0.9602007888131946,0.943875616230565,0.9630987292277614
full,35,5,111069.8786788566,-0.010493131871248451,-0.011858545164155632,-0.014411977665813211,0.09966589331445697,0.07470649997705876,0.8917192827378,0.0008917192827378,0.0004891263347651277,0.1956505339060511,1.391301067812102,1.0,0.782602071762085,0.7826021356242041,6.386211914843898e-08,False,0.9651821851730347,0.8383465941039432,3.8974642753601074,39,-0.11081339099577497,0.4731696503502982,0.019367176507200518,0.10228149912187032,0.4764249878270285,-0.08483714291027614,0.12440722009965352,0.972334225393994,0.9770852563241543,0.9539229191567941,1.0146296860713198,1.00336071695295,1.0297308155885898,0.9807155544278103
full,35,6,119994.63201102254,0.08130915297992947,0.08035259818704432,0.06310245474803199,0.1666293872978073,0.07722078470636685,0.4126041403838566,0.0004126041403838566,0.00047241392944540294,0.1889655717781612,1.3779311435563222,0.9999999999999999,0.7558622360229492,0.7558622871126444,5.10896951411155e-08,False,0.9155232906341553,0.7952134263526415,3.4337213039398193,40,-0.09994442281978472,0.5616701218698705,-0.08902114895837648,0.05277116330606596,0.45468893381101744,0.022095487586089535,0.09773986520511763,1.1075456274694473,1.1179570958597118,1.1183717604729042,1.0432562331030337,1.0900632675846669,0.9914163090128755,0.9314359637774902
full,35,7,123052.41034581324,0.026896032685785,0.025482626043720202,0.0158408529674901,0.18733814543761662,0.09735810344638446,0.8839144664151327,0.0008839144664151327,0.0004934209092919315,0.1973683637167726,1.3947367274335452,0.9999999999999999,0.7894734740257263,0.7894734548670903,1.915863601098522e-08,False,1.0726280212402344,0.9316728615188756,5.747346878051758,41,-0.14258901721664835,0.2821171289043767,-0.054779346500124254,0.21255099826625415,0.33492928796580856,0.11121568882039615,0.256555259759937,1.03712146290818,1.0565291374240031,1.0326546656799105,1.0463576158940397,0.9351314441789006,1.1279024006296734,1.0611111111111111
full,35,8,120314.73140139172,-0.021149142849402836,-0.0222480724816998,-0.023332330270209835,0.16884658399492336,0.09681537655033151,0.613217117530959,0.000613217117530959,0.0005100867604570729,0.2040347041828292,1.4080694083656584,0.9999999999999999,0.8161389231681824,0.8161388167313168,1.0643686554345777e-07,False,1.001757025718689,0.8701150969548812,4.229501247406006,42,-0.11749399613056866,0.4852994515427521,-0.08654070805226055,0.18376070101346287,0.4132605030068329,0.060931863529341546,0.060782185090439644,0.9888633335144615,1.0141533291379978,0.9796166893478648,1.0192625206384152,0.910551296093465,1.0568736915561758,0.9814136125654451
full,35,9,122924.46023242087,0.022464093547069908,0.021690850327568123,0.01246992729349285,0.1864922586528034,0.10351494728774358,0.24741459744317193,0.0002474145974431719,0.0005091261517788682,0.2036504607115473,1.4073009214230947,1.0,0.8146017789840698,0.8146018428461894,6.386211959252819e-08,False,0.9323676824569702,0.8098442791919711,3.6029562950134277,43,-0.10649365984967776,0.546850501958813,-0.09715680086186954,0.10914477652737073,0.4620069558066981,0.022456582103456774,0.06319164431520871,1.026091448048592,1.0093070419373205,1.0316766856435173,1.0105291576673865,1.057337610264635,0.9290194783757015,0.9554547879434515
full,35,10,122419.64688949348,-0.0034199866205967266,-0.0041066956240678465,-0.007494395086252189,0.18313765362949774,0.08279580125893085,0.20304747138704574,0.00020304747138704575,0.00048625564202666284,0.19450225681066513,1.3890045136213303,1.0,0.7780089974403381,0.7780090272426605,2.9802322387695312e-08,False,0.9765796661376953,0.8482463202850421,3.9760241508483887,44,-0.10945002362132072,0.5177158750593662,-0.0850522331893444,0.09630060568451881,0.4061567820608616,0.021718181669712067,0.15261081233620644,1.0424386351216453,1.004133253410209,1.0662471630729378,0.9422922789206518,1.0401971937808114,0.9470504619758351,0.9678950307091011
full,35,11,125467.53300917105,0.025566326456175403,0.024897034071899027,0.015779964676908627,0.2029810613022055,0.08126885991598262,0.17384750502450125,0.00017384750502450125,0.0004789731412061624,0.19158925648246494,1.3831785129649299,1.0,0.7663570046424866,0.7663570259298598,2.1287373197509396e-08,False,0.9602726697921753,0.8340822432264905,3.836092472076416,45,-0.11057745186345919,0.48450436922056334,-0.08101180461900576,0.11420038821441786,0.4708125266645636,0.022045978478022976,0.10002599390489714,1.0524253138754247,1.054036194252693,1.0270848634564504,0.9872412815423873,1.0051039008384979,1.121575984990619,1.0374963945774445
full,35,12,126619.83761083447,0.009855499015883007,0.009184085906743578,0.0032006627562258397,0.21023433699741756,0.08105225877972436,0.16837131764207575,0.00016837131764207576,0.0004967103765479156,0.19868415061916625,1.3973683012383324,1.0,0.7947364449501038,0.7947366024766649,1.5752656112866248e-07,False,0.9455716609954834,0.8213131092288616,3.750720262527466,46,-0.10771396862609045,0.5100595791425024,-0.0909701819930758,0.15880475831883292,0.46153287483113153,0.03320857403533797,0.03507836429136138,1.0054865027130322,0.9846774920370601,1.0193239990459473,1.0485353245261344,1.019949220166848,1.0441619270659084,1.0467055879899918
full,35,13,130331.81869479,0.029909837711212806,0.029315952018231783,0.01777408160020067,0.23272765621279945,0.09438475230362439,0.09210883080959317,9.210883080959318e-05,0.0004846960173121521,0.19387840692486086,1.3877568138497216,1.0,0.7755135893821716,0.7755136276994432,3.831727157788123e-08,False,0.9456123113632202,0.8213484176896524,3.668383836746216,47,-0.10108184175831933,0.5386987839426314,-0.09279656516654153,0.1349523876394544,0.4411572132791792,0.04156250772731643,0.03750751433627944,1.0222140006378042,1.054929753081416,0.9992198688185272,0.9627499315256095,1.0142247510668565,1.0807433514899072,0.9436918990703851
full,35,14,128725.30294427404,-0.011728387381153005,-0.012326351052294293,-0.014145206555327916,0.22315195448954894,0.09139009664154817,0.12952478549310134,0.00012952478549310134,0.0004757183870034559,0.19028735480138237,1.3805747096027647,0.9999999999999999,0.7611494064331055,0.7611494192055295,1.277242400732348e-08,False,0.9451924562454224,0.8209837361679355,3.594431161880493,48,-0.09875382270131794,0.562168361885207,-0.09153353210006443,0.09560630683388027,0.4245300910302571,0.032773318035261956,0.07520927701677593,1.022748062827226,1.0116330078314992,1.0125485675873276,0.8998577524893313,0.9817671809256661,0.9866587607471095,1.0382775119617225
full,35,15,137593.58378095535,0.06957872292545253,0.06889306635013659,0.045968781288432486,0.27322192465604456,0.08202377756126249,0.15470457662429127,0.00015470457662429126,0.0004865539167076349,0.19462156668305397,1.389243133366108,1.0,0.7784862518310547,0.7784862667322159,1.4901161193847656e-08,False,0.913250207901001,0.7932390517768045,3.4798502922058105,49,-0.09725159592926502,0.5403102617710829,-0.09736997075378895,0.11875406466424465,0.47723239473998547,0.019352145493030548,0.038972700014710426,1.028990413717977,1.0399761864870785,1.0121727778274432,0.9920961112867532,1.1142857142857145,0.933293269230769,0.9915966386554621
full,35,16,134312.41931417902,-0.023158877279656376,-0.02384678396050688,-0.02292245559922141,0.25546721211175993,0.10335486109873576,0.23271855232971048,0.00023271855232971048,0.00047174504558954926,0.18869801823581972,1.3773960364716393,0.9999999999999999,0.7547920346260071,0.7547920729432787,3.831727157788123e-08,False,0.9938125610351562,0.8632146226074141,4.028894424438477,50,-0.10003046797854562,0.5259926904525076,-0.0886675502572741,0.138009532221726,0.37796956194298603,0.030379875430038977,0.11634635818856101,0.9524308174608502,0.9468745137780623,0.9571047153564893,1.0296367112810707,0.9903846153846152,1.0135222150676113,0.9600874794969929
full,35,17,135417.9821904836,0.008944160791640732,0.008231278104807949,0.002449218841502927,0.2615456353548633,0.07258408803200886,0.22594664565154474,0.00022594664565154474,0.000480866160775934,0.1923464643103736,1.3846929286207472,0.9999999999999999,0.7693858742713928,0.7693858572414944,1.7029898380371833e-08,False,0.9871776103973389,0.8574515777080051,3.9137306213378906,51,-0.09531239952359882,0.5697212836572102,-0.09703406478677479,0.08240983848060879,0.32896244738783154,0.036685625357287255,0.17456726942743572,1.0691438500861281,1.0726581795633896,1.0583749337868538,1.0225936242649336,0.9190938511326862,1.0320838627700126,1.019362186788155
full,35,18,134866.26918492277,-0.0034113937342344913,-0.0040741487698787715,-0.007081135972203994,0.2585247548971319,0.08120511028945164,0.15174007096460881,0.00015174007096460882,0.0005135048486824546,0.20540193947298185,1.4108038789459638,1.0,0.821607768535614,0.8216077578919276,1.0643686376710093e-08,False,0.9717686176300049,0.8440674966469245,3.8616223335266113,52,-0.10375336424580642,0.5601254789424794,-0.10164857522717544,0.09451741113194398,0.39272491021880085,0.029363050524677553,0.12867108865508012,0.9916662901143084,1.0025358571630094,0.9627064136965677,0.9576271186440679,0.9838028169014084,1.0421668205601724,0.9972067039106144
full,35,19,135662.76138760147,0.0065957327791621445,0.005905792512037156,0.0010749755838469271,0.26287804422401184,0.06556627486066045,0.1783835243965898,0.00017838352439658982,0.000507270906652723,0.20290836266108925,1.4058167253221785,0.9999999999999999,0.8116334080696106,0.811633450644357,4.257474639501879e-08,False,0.973630428314209,0.8456846448599212,3.888888120651245,53,-0.10057363446269718,0.5755450076290539,-0.10233472819839207,0.06461170528616222,0.33412500683750423,0.029437089604990807,0.19918955330337795,1.0436129187650538,1.0069045203783964,1.0537813804467038,1.0290771175726925,1.0293486041517539,0.9503839338452451,1.0114845938375352
full,35,20,125591.7009419514,-0.07332051037095333,-0.07423599772435763,-0.061857809726624094,0.20376904484938785,0.05497620704000203,0.4730619713664055,0.0004730619713664055,0.0005153486678110702,0.2061394671244281,1.4122789342488562,0.9999999999999999,0.8245578408241272,0.8245578684977124,2.7673585201171136e-08,False,0.9391454458236694,0.815731369651578,3.6664485931396484,54,-0.10555319088910309,0.5586952532508543,-0.10058627623532501,0.04941578608538422,0.13844275128628525,0.02561358947839054,0.43397208702351364,0.9298536593307981,0.8801916899722919,0.9556161965613983,0.9324324324324325,0.9551460361613352,0.8760099440646364,0.9872611464968152
full,35,21,130489.6073614599,0.03987584192256577,0.03899864706643563,0.02726054304961064,0.23365544565555185,0.05251715513106726,0.3266340004546301,0.0003266340004546301,0.000517279292855944,0.2069117171423776,1.413823434284755,0.9999999999999998,0.8276469111442566,0.8276468685695102,4.257474639501879e-08,False,0.9699937105178833,0.842525831917554,4.010204792022705,55,-0.10466004748429572,0.40038842122469626,-0.10225166965808188,0.05324661891375268,0.21349232058439935,0.022268814699990397,0.5175155417195387,0.9869331771848514,0.9986076251350232,0.9760156672096543,1.0082345191040842,1.0462322533673099,0.9882937211777227,1.0513323983169707
full,35,22,132687.08702674028,0.01769271901657965,0.0168402657477027,0.010068326481149331,0.2463471597665935,0.05246775259784618,0.3265840730496816,0.00032658407304968164,0.0005114001967012881,0.2045600786805153,1.4091201573610306,1.0,0.8182404041290283,0.8182403147220612,8.940696716308594e-08,False,0.8858025074005127,0.7693982820402142,3.2984232902526855,56,-0.10110284015536308,0.5335207097232342,-0.1034572385251522,0.0414850078523159,0.06316746398806572,0.027935989201068878,0.5384509079158306,1.0357733081792009,1.0341142880338432,1.0231835256931106,0.9411956876837635,1.048016701461378,0.9239052404881549,1.0130736392742796
full,35,23,127116.33425269683,-0.04137158793012674,-0.04198413650395971,-0.035414445790833075,0.21331903891117399,0.04772649870827131,0.131351993552276,0.000131351993552276,0.0005078366159328392,0.20313464637313572,1.4062692927462712,0.9999999999999999,0.8125385046005249,0.8125385854925424,8.089201752881081e-08,False,0.9104892015457153,0.7908408721276038,3.4026925563812256,57,-0.10315532875912531,0.4701017971549715,-0.09997931761401041,0.05561523990971701,0.06296286838395254,0.03916245805365698,0.5752922828708376,0.9120432847339066,0.8673832471904358,0.9509451683395475,0.9694550503297468,0.9555112881806108,0.8717948717948719,1.0287068738477745
full,35,24,125823.92962149715,-0.009134215380026012,-0.01016710117387809,-0.010743345218511363,0.2052386195470175,0.0532585170870975,0.5470668567078455,0.0005470668567078455,0.0004958841949701309,0.19835367798805237,1.3967073559761047,1.0,0.7934147119522095,0.7934147119522095,0.0,False,1.0379719734191895,0.9015710008523656,4.19649600982666,58,-0.09482800215482712,0.20011472702026367,-0.10352567583322525,0.14538124203681946,0.15969891846179962,0.10344146192073822,0.5897173285484314,1.0000531712757406,0.9794685529360748,1.000391488535496,0.999641962047977,1.0055594162612926,1.0401069518716577,0.9831029185867896
full,36,1,110207.81518776492,0.10405228944758593,0.10207815187764924,0.08764912854193345,0.09262333320348937,0.09948409323111844,1.2973958115492548,0.001297395811549255,0.0004922881163656711,0.19691524654626846,1.393830493092537,1.0,0.7876609563827515,0.7876609861850739,2.9802322387695312e-08,False,1.0238429307937622,0.8892986703587679,4.651176929473877,36,-0.1198277659714222,0.3825824223458767,-0.07708748057484627,0.3124104402959347,0.3822764717042446,0.06785913929343224,0.05178677290678024,1.0551013292304916,1.0682486990147664,1.0238423367924046,1.11468200270636,1.0955492037566352,1.1479440440864774,1.0770221535291085
full,36,2,112718.13777303582,0.023795566701534376,0.022778081400071093,0.01333731580941507,0.11283133330897022,0.1374136859213156,0.5167652751718249,0.000516765275171825,0.00047756530876670567,0.19102612350668227,1.3820522470133643,0.9999999999999998,0.7641045451164246,0.7641044940267285,5.108969602929392e-08,False,1.0921525955200195,0.9486316912613174,5.761871814727783,37,-0.12802276866776602,0.2931346361126218,-0.06300335483891625,0.2812192205871854,0.25272784275668003,0.27150121969836094,0.09244320435183387,1.0700646851823017,1.0958744957492952,1.07574187376562,1.0303490136570561,1.039508013417816,0.9737813884785819,0.9787132265008371
full,36,3,107722.89746022342,-0.043492767035474444,-0.044316206881190645,-0.04511731186483509,0.07169225524290324,0.07956467597536218,0.3786378438983645,0.0003786378438983645,0.0004826149131570543,0.19304596526282172,1.3860919305256434,0.9999999999999999,0.7721838355064392,0.7721838610512868,2.554484757055775e-08,False,1.0694589614868164,0.9289202511914134,5.578725814819336,38,-0.13606193981000353,0.30265363731554573,-0.05698402545281819,0.29949840583971565,0.31300171890429085,0.09022146889141627,0.18767073431185313,0.9607720184563087,0.9483673729353325,0.9771948490503586,0.9664212076583212,0.9602007888131946,0.943875616230565,0.9630987292277614
full,36,4,106599.52075735916,-0.009069267065353936,-0.010428392935485808,-0.014201535473521655,0.06190947867749741,0.08837517816231658,0.8827976126755986,0.0008827976126755987,0.0004897088025297438,0.19588352101189752,1.3917670420237949,1.0,0.7835341691970825,0.7835340840475897,8.514949279003758e-08,False,0.9574640393257141,0.8316426977999116,3.845684051513672,39,-0.11121363991073202,0.4710490772766726,0.018129895840372362,0.1362987378878253,0.4860428640885012,-0.0846698811011655,0.08436294591852597,0.972334225393994,0.9770852563241543,0.9539229191567941,1.0146296860713198,1.00336071695295,1.0297308155885898,0.9807155544278103
full,36,5,115460.36104844256,0.08408869335686875,0.08312270288017864,0.0678521070080513,0.1339018941916872,0.08280617012276961,0.4193796440958978,0.0004193796440958978,0.0004720798068280731,0.18883192273122923,1.3776638454624586,1.0,0.7553277611732483,0.7553276909249171,7.024833115210072e-08,False,0.9096609354019165,0.7901214492960056,3.3856396675109863,40,-0.09832214058509894,0.561038566221084,-0.09050978214613029,0.061746021200503626,0.46656419097312857,0.022138952676739015,0.0773441916597741,1.1075456274694473,1.1179570958597118,1.1183717604729042,1.0432562331030337,1.0900632675846669,0.9914163090128755,0.9314359637774902
full,36,6,118276.90445911823,0.025767468716462405,0.024394029129130912,0.01654948050443279,0.1545264017747061,0.08150054157172269,0.8498803488910198,0.0008498803488910198,0.0004899553608681475,0.195982144347259,1.391964288694518,1.0,0.783928632736206,0.7839285773890361,5.534716995825306e-08,False,1.0771152973175049,0.9355704599971457,5.671335220336914,41,-0.13742445835045408,0.30582885018416817,-0.058557685996804915,0.22511371544429234,0.3359360503298896,0.10086457750626973,0.2282389508826392,1.03712146290818,1.0565291374240031,1.0326546656799105,1.0463576158940397,0.9351314441789006,1.1279024006296734,1.0611111111111111
full,36,7,115663.78527691714,-0.021037916793441913,-0.02209323277567088,-0.023639218636101557,0.13542514832465147,0.09075930372093823,0.5684844425746373,0.0005684844425746373,0.0005100917576679162,0.20403670306716648,1.408073406134333,1.0,0.8161467909812927,0.8161468122686659,2.1287373197509396e-08,False,0.9988079071044922,0.8675535250736335,4.188202381134033,42,-0.1157068078007017,0.492989325097629,-0.08832989526646479,0.18175377803189413,0.41130014615399496,0.05801611127597944,0.059977342507668896,0.9888633335144615,1.0141533291379978,0.9796166893478648,1.0192625206384152,0.910551296093465,1.0568736915561758,0.9814136125654451
full,36,8,118142.12546512643,0.0221925537841281,0.021427106006220997,0.013221066948517261,0.15356186790867987,0.09831305271022286,0.23992405086755747,0.00023992405086755748,0.0005091858043202332,0.2036743217280933,1.4073486434561864,0.9999999999999999,0.8146972060203552,0.8146972869123728,8.089201752881081e-08,False,0.9330114126205444,0.810403416107721,3.602654457092285,43,-0.10574767259614809,0.5493910882089819,-0.09792664913194521,0.10692438962204115,0.4592640075300421,0.022480228117534085,0.065614608249494,1.026091448048592,1.0093070419373205,1.0316766856435173,1.0105291576673865,1.057337610264635,0.9290194783757015,0.9554547879434515
full,36,9,117593.27563398342,-0.003940231806040306,-0.004645674258713317,-0.008113371894834116,0.14961123873055127,0.08325485433411019,0.22135773088250832,0.0002213577308825083,0.00048712623970849166,0.19485049588339667,1.3897009917667933,1.0,0.7794020175933838,0.7794019835335866,3.4059797204832876e-08,False,0.977523684501648,0.8490662842176021,3.9836835861206055,44,-0.10830640367099215,0.5233157319681985,-0.08654409221240453,0.09042031743696757,0.39482483693531584,0.02137869277170726,0.16491091677120753,1.0424386351216453,1.004133253410209,1.0662471630729378,0.9422922789206518,1.0401971937808114,0.9470504619758351,0.9678950307091011
full,36,10,120598.37289539658,0.02623284317083363,0.02555500937627353,0.016513431087428553,0.17080141631150347,0.09353492987047311,0.18164938156093863,0.00018164938156093864,0.00047907567183886257,0.19163026873554503,1.38326053747109,1.0,0.766521155834198,0.76652107494218,8.089201797290002e-08,False,0.9604283571243286,0.8342174715250034,3.8298885822296143,45,-0.10936099769813673,0.4915452998663698,-0.0822692710374083,0.10697418717401366,0.46466908869998796,0.021530440875462104,0.10691125211971145,1.0524253138754247,1.054036194252693,1.0270848634564504,0.9872412815423873,1.0051039008384979,1.121575984990619,1.0374963945774445
full,36,11,121665.79444776861,0.009522844583856882,0.008851044394254659,0.002741324199845366,0.1780762994735533,0.09067117924408924,0.16942299476691652,0.00016942299476691654,0.0004962616121130331,0.19850464484521324,1.3970092896904265,0.9999999999999999,0.7940185070037842,0.794018579380853,7.23770687827141e-08,False,0.9452235698699951,0.8210107611188634,3.7337982654571533,46,-0.10700573186789242,0.5162485151418618,-0.09149891297732082,0.15317707349147114,0.458704909575837,0.032980570835726586,0.03739357580031666,1.0054865027130322,0.9846774920370601,1.0193239990459473,1.0485353245261344,1.019949220166848,1.0441619270659084,1.0467055879899918
full,36,12,125249.35128248672,0.030043073521929475,0.02945410294638351,0.018876033526065632,0.20159267113120194,0.09280676263166009,0.08796981402805878,8.796981402805878e-05,0.0004839859024754593,0.19359436099018373,1.3871887219803674,1.0,0.7743774652481079,0.7743774439607347,2.1287373197509396e-08,False,0.9465855360031128,0.8221937498711677,3.663591146469116,47,-0.10064610572797913,0.5421893697764193,-0.0929482552622046,0.13127161083476882,0.4380748075033937,0.04161152509706359,0.040447047778538275,1.0222140006378042,1.054929753081416,0.9992198688185272,0.9627499315256095,1.0142247510668565,1.0807433514899072,0.9436918990703851
full,36,13,123755.82729421939,-0.01132949958075613,-0.011924404980739989,-0.01355392974265516,0.19195724204357545,0.0783700131005734,0.12630465520279738,0.0001263046552027974,0.0004755990686161178,0.19023962744644712,1.3804792548928941,0.9999999999999998,0.7609585523605347,0.7609585097857883,4.257474639501879e-08,False,0.9471325278282166,0.8226688609337451,3.6047449111938477,48,-0.09855481077517783,0.5632147804966994,-0.09168481667126929,0.09393900792513574,0.4208959357014724,0.03297067220721925,0.07921923111592019,1.022748062827226,1.0116330078314992,1.0125485675873276,0.8998577524893313,0.9817671809256661,0.9866587607471095,1.0382775119617225
full,36,14,132279.56971168212,0.0695654542639852,0.06887548331116755,0.04771222169674284,0.24402536069658376,0.0871179391253094,0.1586081566555159,0.0001586081566555159,0.00048669465684465004,0.19467786273786003,1.38935572547572,0.9999999999999999,0.7787112593650818,0.7787114509514401,1.9158635833349535e-07,False,0.9134551882743835,0.7934170954669216,3.4764890670776367,49,-0.09727943475757328,0.5418414867350033,-0.09739842798028675,0.11623122010912212,0.4766324258276394,0.019538281751530495,0.04043444831456455,1.028990413717977,1.0399761864870785,1.0121727778274432,0.9920961112867532,1.1142857142857145,0.933293269230769,0.9915966386554621
full,36,15,129069.45268671768,-0.023569983347491608,-0.02426767060069257,-0.024253158811519647,0.22522333582118903,0.10902267872249831,0.2429649366864137,0.0002429649366864137,0.0004718191429440464,0.18872765717761858,1.377455314355237,0.9999999999999999,0.7549105286598206,0.7549106287104741,1.0005065353979603e-07,False,0.9958463907241821,0.864981184629564,4.045166015625,50,-0.10013988374599389,0.5271909707891089,-0.08858777343162469,0.1345405602561576,0.3726609224187476,0.030496426458869658,0.12383877725473472,0.9524308174608502,0.9468745137780623,0.9571047153564893,1.0296367112810707,0.9903846153846152,1.0135222150676113,0.9600874794969929
full,36,16,130207.55017140614,0.009527944775859165,0.008817713726972265,0.003345987380915561,0.23199538069521097,0.06852114986212764,0.222727564296552,0.000222727564296552,0.0004810479017240661,0.19241916068962645,1.3848383213792528,0.9999999999999999,0.7696767449378967,0.7696766427585056,1.0217939117040942e-07,False,0.9881802797317505,0.8583224852262221,3.9253792762756348,51,-0.09545715366091048,0.5698208936623164,-0.09696200702871596,0.08111087765012467,0.32310105647359577,0.03663497950349534,0.18175135340009416,1.0691438500861281,1.0726581795633896,1.0583749337868538,1.0225936242649336,0.9190938511326862,1.0320838627700126,1.019362186788155
full,36,17,129688.59290612878,-0.003316489288906599,-0.003985615769547923,-0.007584465209577767,0.22892216069934523,0.09022490427424056,0.15793120754616585,0.00015793120754616584,0.0005136472665305648,0.20545890661222593,1.410917813224452,1.0,0.8218356370925903,0.821835626448904,1.0643686376710093e-08,False,0.9725159406661987,0.8447166131885608,3.8692305088043213,52,-0.10382693500391074,0.5603571510208505,-0.10163197160831519,0.09291720150836877,0.3902603363884347,0.029306657080139437,0.1326175606144326,0.9916662901143084,1.0025358571630094,0.9627064136965677,0.9576271186440679,0.9838028169014084,1.0421668205601724,0.9972067039106144
full,36,18,130448.35007955224,0.0065459431177306016,0.0058583191967653825,0.001093522105314583,0.2334130716178756,0.06794777626431589,0.1760014934199197,0.0001760014934199197,0.0005073840077966452,0.20295360311865807,1.4059072062373161,1.0,0.8118144869804382,0.8118144124746323,7.450580596923828e-08,False,0.973860502243042,0.8458844845353651,3.8927388191223145,53,-0.10063044540584087,0.5755555722862482,-0.10232315771281719,0.06410625018179417,0.33176172710955143,0.029392827302217484,0.20213722623884678,1.0436129187650538,1.0069045203783964,1.0537813804467038,1.0290771175726925,1.0293486041517539,0.9503839338452451,1.0114845938375352
full,36,19,120769.52123962043,-0.07328487965774344,-0.07419663670739651,-0.06416307286852584,0.17197651382927448,0.0545303015984942,0.46894925832748413,0.00046894925832748416,0.0005153940897434949,0.206157635897398,1.412315271794796,1.0,0.8246304988861084,0.824630543589592,4.470348358154297e-08,False,0.9385025501251221,0.8151729575429412,3.66213059425354,54,-0.10558396764099598,0.5587655808776617,-0.10057366825640202,0.04905256815254688,0.1379049327224493,0.025572188198566437,0.43486236594617367,0.9298536593307981,0.8801916899722919,0.9556161965613983,0.9324324324324325,0.9551460361613352,0.8760099440646364,0.9872611464968152
full,36,20,125474.34954204761,0.039831597103417105,0.03895708332810455,0.028470456773147426,0.2030243602379539,0.05154779271063978,0.32411591070038925,0.00032411591070038927,0.000517252752823489,0.20690110112939564,1.413802202258791,0.9999999999999999,0.8276044130325317,0.8276044045175821,8.514949634275126e-09,False,0.9693695902824402,0.8419837279689598,4.00565767288208,55,-0.10468918351190432,0.4017410847757544,-0.10221191761749132,0.05279920356614248,0.21288060875875608,0.02217697831136839,0.5173032257173742,0.9869331771848514,0.9986076251350232,0.9760156672096543,1.0082345191040842,1.0462322533673099,0.9882937211777227,1.0513323983169707
full,36,21,127591.63188056072,0.017725055952751534,0.01687422446293363,0.01083656219747267,0.21624954139930896,0.04777237927764802,0.32500274106860155,0.0003250027410686016,0.0005113600234368019,0.20454400937472073,1.4090880187494412,0.9999999999999998,0.8181760311126709,0.8181760374988825,6.38621155957253e-09,False,0.8853983283042908,0.7690472165378346,3.2963476181030273,56,-0.10114767109709127,0.5338956146900142,-0.10339633827762945,0.0412309459809746,0.0631319164697613,0.02784816282136099,0.5384373694126094,1.0357733081792009,1.0341142880338432,1.0231835256931106,0.9411956876837635,1.048016701461378,0.9239052404881549,1.0130736392742796
full,36,22,122223.62226252818,-0.041460282462513764,-0.04207179999905919,-0.03684473641167887,0.1818275538814692,0.04845497787678221,0.13036697517548293,0.00013036697517548293,0.0005078044773212502,0.20312179092850008,1.406243581857,1.0,0.8124871253967285,0.8124871637140001,3.831727157788123e-08,False,0.9096183180809021,0.7900844323613054,3.398106336593628,57,-0.10320640461785455,0.47117519272225244,-0.09991538631064553,0.05512583894389014,0.06272758437054496,0.0389249835695539,0.5751681913222586,0.9120432847339066,0.8673832471904358,0.9509451683395475,0.9694550503297468,0.9555112881806108,0.8717948717948719,1.0287068738477745
full,36,23,120977.47468313793,-0.009162480014766383,-0.01019563613254404,-0.01189681248954659,0.17339983941706305,0.06938196050280869,0.5472502644572939,0.0005472502644572938,0.000496003662369081,0.1984014649476324,1.3968029298952647,1.0,0.7936057448387146,0.7936058597905293,1.1495181473364369e-07,False,1.0378479957580566,0.9014633152241471,4.195660591125488,58,-0.09496624342032842,0.20106989571026393,-0.10343522152730397,0.14475010761192866,0.15960932203701564,0.1032386092203004,0.5897335303681237,1.0000531712757406,0.9794685529360748,1.000391488535496,0.999641962047977,1.0055594162612926,1.0401069518716577,0.9831029185867896
full,36,24,118873.02237797123,-0.016376828109026187,-0.017395406133899338,-0.016856137722909864,0.15876623644650123,0.04445069504696087,0.522163053708417,0.000522163053708417,0.0005139103185917651,0.20556412743670602,1.411128254873412,1.0,0.8222563862800598,0.8222565097468242,1.234667643679188e-07,False,0.916022539138794,0.7956470680939676,3.4368526935577393,59,-0.09786246770194598,0.46215142256447245,-0.10770165973476004,0.05609339794942311,0.047097220484699526,0.060954719249691286,0.5792673671884196,0.9160800047452287,0.912869623396696,0.9328680427305247,1.0992120343839542,1.0241879751209397,1.1696658097686377,0.9851562499999998
full,37,1,101702.17050146409,0.018613129605050904,0.017021705014640842,0.011174181782616309,0.016736815871983612,0.11125268178734607,1.082231036254338,0.001082231036254338,0.00048133516684174533,0.19253406673669815,1.3850681334733963,1.0,0.7701362371444702,0.7701362669467926,2.9802322387695312e-08,False,1.0791072845458984,0.9373006781197719,5.6189165115356445,37,-0.13114409148693085,0.22760093212127686,-0.0613899752497673,0.31657499074935913,0.26818934082984924,0.3001788258552551,0.0799899771809578,1.0700646851823017,1.0958744957492952,1.07574187376562,1.0303490136570561,1.039508013417816,0.9737813884785819,0.9787132265008371
full,37,2,97249.3117145043,-0.042929390621683994,-0.0437833210933849,-0.04922490179039351,-0.028284912633324444,0.08406346570170903,0.40855052002838665,0.00040855052002838665,0.00048408126990709985,0.19363250796283996,1.3872650159256796,0.9999999999999998,0.7745301127433777,0.7745300318513593,8.089201841698923e-08,False,1.065516471862793,0.925495848214065,5.544464111328125,38,-0.13835745411259787,0.254861689039639,-0.05527505385024209,0.33507657689707615,0.3269466225590024,0.10311692846672874,0.17363069100039344,0.9607720184563087,0.9483673729353325,0.9771948490503586,0.9664212076583212,0.9602007888131946,0.943875616230565,0.9630987292277614
full,37,3,97075.56588484229,-0.0005039592054144615,-0.0017866021527441767,-0.006103735092675915,-0.03012533677760776,0.085266218967852,0.7906299941241742,0.0007906299941241742,0.0004934838001749345,0.19739352006997382,1.3947870401399476,1.0,0.7895740270614624,0.7895740802798952,5.3218432771728885e-08,False,0.9586895704269409,0.8327071805892388,3.8771886825561523,39,-0.1118198103670563,0.4613744922514473,-0.08557370970291753,0.15485356827931743,0.48921117266373976,0.018269385078123618,0.07368490179734569,0.972334225393994,0.9770852563241543,0.9539229191567941,1.0146296860713198,1.00336071695295,1.0297308155885898,0.9807155544278103
full,37,4,105257.851139711,0.08505798578342261,0.08428779353782079,0.07633246032472261,0.04995210412126072,0.07489961148291742,0.2346394466502326,0.0002346394466502326,0.00047542926190154893,0.19017170476061956,1.3803434095212392,1.0,0.7606868147850037,0.7606868190424785,4.257474817137563e-09,False,0.9066098928451538,0.7874713474030975,3.369680404663086,40,-0.0982858096914632,0.5611018533153194,-0.09188589506915637,0.06452093965240888,0.47215413994022776,0.022327746663774767,0.07006702518888883,1.1075456274694473,1.1179570958597118,1.1183717604729042,1.0432562331030337,1.0900632675846669,0.9914163090128755,0.9314359637774902
full,37,5,107797.57446358057,0.025519035726120798,0.02412858799956452,0.017707866155822788,0.0723353424451586,0.09350744336150185,0.8639212953192847,0.0008639212953192848,0.0004928464961371251,0.19713859845485007,1.3942771969096999,0.9999999999999998,0.7885542511940002,0.7885543938193997,1.426253994907256e-07,False,1.08070969581604,0.9386925148644961,5.7002387046813965,41,-0.13747828932745115,0.2996984001781259,-0.05966030912739892,0.23574683336274962,0.34078942505376675,0.10773840067642074,0.21316553918378692,1.03712146290818,1.0565291374240031,1.0326546656799105,1.0463576158940397,0.9351314441789006,1.1279024006296734,1.0611111111111111
full,37,6,105450.10325063678,-0.020732248649680485,-0.02177666078875351,-0.025065630955103578,0.05168419074643116,0.08828958512752268,0.5562150989259993,0.0005562150989259993,0.00051087761297822,0.204351045191288,1.408702090382576,1.0,0.8174042701721191,0.817404180765152,8.940696716308594e-08,False,1.0013647079467773,0.8697743340678936,4.227304935455322,42,-0.11598723009228706,0.4861649088561535,-0.08836381509900093,0.18986430391669273,0.41093940660357475,0.060647811740636826,0.056734614074230194,0.9888633335144615,1.0141533291379978,0.9796166893478648,1.0192625206384152,0.910551296093465,1.0568736915561758,0.9814136125654451
full,37,7,107728.03564119135,0.02238249821199556,0.021601992983736773,0.014968617865207798,0.07173653167622074,0.10167446129163564,0.2537141985126904,0.0002537141985126904,0.0005099953790860518,0.2039981516344207,1.4079963032688414,0.9999999999999999,0.8159925937652588,0.8159926065376828,1.277242400732348e-08,False,0.9329944849014282,0.8103887128777142,3.6069915294647217,43,-0.10575708161507336,0.5482451899775437,-0.09824107001934734,0.11083577413644108,0.4599175437220505,0.02269649718488964,0.062303146613495675,1.026091448048592,1.0093070419373205,1.0316766856435173,1.0105291576673865,1.057337610264635,0.9290194783757015,0.9554547879434515
full,37,8,107255.53407365648,-0.003691674460588934,-0.004386059438683421,-0.008432768782010325,0.06764717677573484,0.08686827763048852,0.2091078981757164,0.0002091078981757164,0.00048809300975075797,0.1952372039003032,1.3904744078006064,0.9999999999999999,0.7809486389160156,0.7809488156012128,1.766851971396477e-07,False,0.976531445980072,0.8482044367882975,3.9646928310394287,44,-0.108138434322817,0.5248527976551226,-0.08709876957748619,0.09348556425954613,0.39930363026048454,0.021880416465657082,0.15571479525949272,1.0424386351216453,1.004133253410209,1.0662471630729378,0.9422922789206518,1.0401971937808114,0.9470504619758351,0.9678950307091011
full,37,9,109995.20394989442,0.026212807807566296,0.02554338943812917,0.019068221899280296,0.09086945240310185,0.08308107456173422,0.1726369485259056,0.00017263694852590562,0.00047989515454641417,0.19195806181856567,1.3839161236371313,0.9999999999999999,0.7678321599960327,0.7678322472742627,8.727822997656176e-08,False,0.9569622278213501,0.8312068298653098,3.7943849563598633,45,-0.10881745416138855,0.4962755332567862,-0.08314060765717712,0.10855789136673721,0.4665916154959372,0.021844497216599312,0.09868852448250565,1.0524253138754247,1.054036194252693,1.0270848634564504,0.9872412815423873,1.0051039008384979,1.121575984990619,1.0374963945774445
full,37,10,110961.0231186079,0.009440903741240403,0.00878055709732073,0.0034245767552152128,0.09878264286452632,0.08977227412418512,0.15774696586387493,0.00015774696586387494,0.0004966377786227635,0.19865511144910541,1.3973102228982106,0.9999999999999999,0.7946203351020813,0.7946204457964212,1.1069433991650612e-07,False,0.944613516330719,0.8204808753473171,3.7274348735809326,46,-0.10668479917304857,0.5173562067959989,-0.09197031227605684,0.1521409052823271,0.4590271610234465,0.03392163770539419,0.03620920064193861,1.0054865027130322,0.9846774920370601,1.0193239990459473,1.0485353245261344,1.019949220166848,1.0441619270659084,1.0467055879899918
full,37,11,114264.40009614053,0.0303611732014073,0.029770606693141133,0.021569119425110528,0.12483678279620458,0.08970041013135474,0.0886635099138533,8.86635099138533e-05,0.0004846653714776039,0.19386614859104156,1.3877322971820831,1.0,0.7754644751548767,0.7754645943641663,1.1920928955078125e-07,False,0.9455837607383728,0.8213236189320002,3.654954195022583,47,-0.10035764053463936,0.5434799082577229,-0.0935085080564022,0.12955651059746742,0.43881799653172493,0.04280282184481621,0.03920891135931015,1.0222140006378042,1.054929753081416,0.9992198688185272,0.9627499315256095,1.0142247510668565,1.0807433514899072,0.9436918990703851
full,37,12,112913.18500331708,-0.011228289133772384,-0.011825337477696984,-0.015110144851029895,0.11436383627773616,0.09274396665122955,0.12853966334036412,0.00012853966334036413,0.0004754710170839514,0.19018840683358057,1.380376813667161,1.0,0.7607535719871521,0.7607536273343221,5.534716995825306e-08,False,0.9471967220306396,0.8227246193095102,3.601041078567505,48,-0.09811261615582875,0.5645077122109277,-0.09207579067775182,0.09300048330000468,0.4199467492955072,0.03396026470831462,0.0787731973188264,1.022748062827226,1.0116330078314992,1.0125485675873276,0.8998577524893313,0.9817671809256661,0.9866587607471095,1.0382775119617225
full,37,13,120698.52119767746,0.06964009911420188,0.06894975280461413,0.05257968494285597,0.17148943493498037,0.09091827428776464,0.15896387451461377,0.00015896387451461378,0.00048664503730833525,0.19465801492333412,1.3893160298466682,1.0,0.7786319851875305,0.7786320596933365,7.450580596923828e-08,False,0.9123586416244507,0.792464647148491,3.4672422409057617,49,-0.09703138284385204,0.5434862915426493,-0.09762663207948208,0.11465946771204472,0.47668846882879734,0.01980586349964142,0.04001792334020138,1.028990413717977,1.0399761864870785,1.0121727778274432,0.9920961112867532,1.1142857142857145,0.933293269230769,0.9915966386554621
full,37,14,117756.8425848677,-0.023691794050743287,-0.02437211809738693,-0.025682595212648027,0.15079244819315096,0.09971216941637241,0.22677440728460044,0.00022677440728460045,0.00047030177100428516,0.18812070840171408,1.376241416803428,0.9999999999999999,0.7524827122688293,0.7524828336068561,1.2133802673730543e-07,False,0.9910131096839905,0.8607830500590783,3.9866554737091064,50,-0.09916453090097224,0.533204838367445,-0.08895617750074183,0.13223122033689702,0.3757158664188215,0.031096713351351862,0.11587206992719853,0.9524308174608502,0.9468745137780623,0.9571047153564893,1.0296367112810707,0.9903846153846152,1.0135222150676113,0.9600874794969929
full,37,15,118717.49352274383,0.008854593230755547,0.00815792031094742,0.0029749969171095074,0.157664156876408,0.07793423532295062,0.20968999234693403,0.00020968999234693403,0.0004811068597648825,0.192442743905953,1.384885487811906,0.9999999999999999,0.7697709798812866,0.7697709756238118,4.257474817137563e-09,False,0.9856584668159485,0.8561320663587718,3.8939101696014404,51,-0.09512255660125188,0.5720738736646516,-0.09732018730470113,0.08026136138609477,0.33120473900011604,0.038142514015947065,0.17076025583914348,1.0691438500861281,1.0726581795633896,1.0583749337868538,1.0225936242649336,0.9190938511326862,1.0320838627700126,1.019362186788155
full,37,16,118259.21116892288,-0.003207418905550763,-0.003860276528944384,-0.008234178180088786,0.1543999066833044,0.09939855973970343,0.14220275836331497,0.00014220275836331498,0.0005129701697400639,0.20518806789602556,1.410376135792051,0.9999999999999999,0.8207523226737976,0.820752271584102,5.108969558520471e-08,False,0.9714882969856262,0.84382401322889,3.8518216609954834,52,-0.10345843168241639,0.5627427798296725,-0.10172963621360917,0.09192512450473647,0.39064235506313183,0.030660829373768378,0.12921697912471633,0.9916662901143084,1.0025358571630094,0.9627064136965677,0.9576271186440679,0.9838028169014084,1.0421668205601724,0.9972067039106144
full,37,17,118938.93733159397,0.006435161201051365,0.005747765065844845,0.0013413787376952233,0.15923244108692058,0.06982311331841944,0.17521282870854635,0.00017521282870854634,0.0005080214368977718,0.2032085747591087,1.4064171495182172,0.9999999999999999,0.8128342628479004,0.8128342990364343,3.618853394726784e-08,False,0.9750080704689026,0.8468812496315626,3.8933987617492676,53,-0.10057700877743109,0.5769550755087818,-0.10263156598167761,0.06486323768539087,0.3309997572962727,0.030910809657403393,0.19947969461125986,1.0436129187650538,1.0069045203783964,1.0537813804467038,1.0290771175726925,1.0293486041517539,0.9503839338452451,1.0114845938375352
full,37,18,110051.10057318181,-0.07382139691921874,-0.07472604815388129,-0.07045609957715433,0.0913312135983414,0.05109744177150292,0.46084096602031155,0.00046084096602031155,0.000516393156722188,0.2065572626888752,1.4131145253777504,1.0,0.8262290954589844,0.8262290507555008,4.470348358154297e-08,False,0.9407156705856323,0.8170952495505147,3.674377679824829,54,-0.1054073516279459,0.5618985947221518,-0.1011499110609293,0.04908614419400692,0.1404541488736868,0.02669985219836235,0.4284185227006674,0.9298536593307981,0.8801916899722919,0.9556161965613983,0.9324324324324325,0.9551460361613352,0.8760099440646364,0.9872611464968152
full,37,19,114216.1121448832,0.03867371614453852,0.03784616010206765,0.030277115190085784,0.12446678387065091,0.057169101644474564,0.28027934634259777,0.00028027934634259775,0.0005167812508131776,0.20671250032527105,1.4134250006505422,1.0,0.8268498182296753,0.8268500013010844,1.8307140914330944e-07,False,0.9612895846366882,0.8349655242375654,3.952073574066162,55,-0.10413219832948276,0.4304510498685496,-0.1025803019957883,0.048065788511719026,0.202756046716656,0.020458470497812548,0.5049811447305339,0.9869331771848514,0.9986076251350232,0.9760156672096543,1.0082345191040842,1.0462322533673099,0.9882937211777227,1.0513323983169707
full,37,20,116183.82984067818,0.01805765810188098,0.017228022026340106,0.01230264131035503,0.13929502808498329,0.050512058079546916,0.3026018339608396,0.0003026018339608396,0.0005126509136919464,0.20506036547677858,1.410120730953557,0.9999999999999999,0.820241391658783,0.8202414619071141,7.024833115210072e-08,False,0.8808665871620178,0.7651109961948284,3.2742340564727783,56,-0.10133554546960763,0.5435663932668311,-0.10372482000717095,0.03928015620580741,0.06138528005353042,0.02720306494406291,0.5336254710065467,1.0357733081792009,1.0341142880338432,1.0231835256931106,0.9411956876837635,1.048016701461378,0.9239052404881549,1.0130736392742796
full,37,21,111040.11799414117,-0.04368203002283355,-0.04427218360412577,-0.042187278935132695,0.09942458809998456,0.04633677900267933,0.11103906642113412,0.00011103906642113413,0.0005062616323786123,0.20250465295144493,1.4050093059028899,0.9999999999999999,0.8100185990333557,0.8100186118057797,1.277242400732348e-08,False,0.8896985650062561,0.7727823546789173,3.2950439453125,57,-0.10234562839780537,0.4960278517433575,-0.10015902455363956,0.04689803559865269,0.05441437129463467,0.033998361123459664,0.5711660331913403,0.9120432847339066,0.8673832471904358,0.9509451683395475,0.9694550503297468,0.9555112881806108,0.8717948717948719,1.0287068738477745
full,37,22,109795.13717544897,-0.010194011260756697,-0.011211991136013455,-0.013376156267681912,0.0892128506547305,0.06328837644855713,0.53232199379376,0.0005323219937937601,0.0004966712876089982,0.19866851504359928,1.3973370300871983,0.9999999999999999,0.7946740388870239,0.7946740601743967,2.1287372753420186e-08,False,1.03188955783844,0.8962878818056419,4.1568684577941895,58,-0.09526354713099344,0.23311279820544378,-0.10340496791260584,0.1342622052345957,0.14709638165576117,0.09523737537009375,0.5889597545777048,1.0000531712757406,0.9794685529360748,1.000391488535496,0.999641962047977,1.0055594162612926,1.0401069518716577,0.9831029185867896
full,37,23,107272.49218243774,-0.021964583428526807,-0.022975926419948167,-0.02371968114747169,0.06779456722296939,0.04602795431421163,0.5211954319051333,0.0005211954319051333,0.0005133951641619205,0.20535806566476822,1.4107161313295364,1.0,0.8214321732521057,0.8214322626590729,8.940696716308594e-08,False,0.8901681303977966,0.7731902139957949,3.3035433292388916,59,-0.09819070622324944,0.4937105141580105,-0.10716735944151878,0.04577190801501274,0.03916715830564499,0.051120858639478683,0.5755876265466213,0.9160800047452287,0.912869623396696,0.9328680427305247,1.0992120343839542,1.0241879751209397,1.1696658097686377,0.9851562499999998
full,37,24,113422.32151667503,0.05857676473201057,0.05732904316027554,0.04705573899000246,0.11833932983554496,0.06978047245146207,0.6733458159225327,0.0006733458159225328,0.0005060277759496655,0.2024111103798662,1.4048222207597323,1.0,0.8096444010734558,0.8096444415194646,4.0446008764405406e-08,False,0.945468544960022,0.8212235437784683,3.708045244216919,60,0.046381513188992224,0.5703400881694896,-0.10551396145352296,-0.09689714892634324,0.02524533548525401,0.16493857518902846,0.3955055983471019,1.0911163764566931,1.1234912300099247,1.0672516751244587,0.9214727924405344,0.9787449392712549,0.9501831501831501,0.9801744647105474
full,38,1,95507.00558876105,-0.04347778144991943,-0.044929944112389486,-0.05145514439339703,-0.04704361092195808,0.08823066942877901,1.034628595624651,0.001034628595624651,0.000484694286382624,0.1938777145530496,1.3877554291060992,0.9999999999999999,0.775510847568512,0.7755108582121983,1.0643686376710093e-08,False,1.0780991315841675,0.9364250075833835,5.761109352111816,38,-0.1377714718026774,0.29159826093486374,-0.05610624275037221,0.3050856297569615,0.2771514063434941,0.10513484531215259,0.21490757220557757,0.9607720184563087,0.9483673729353325,0.9771948490503586,0.9664212076583212,0.9602007888131946,0.943875616230565,0.9630987292277614
full,38,2,94490.89895050933,-0.009173675277405757,-0.010639079635968551,-0.015102778300422035,-0.05830298061166839,0.07686817221423456,0.9870680261935506,0.0009870680261935506,0.000492998699524573,0.1971994798098292,1.3943989596196582,1.0,0.7887978553771973,0.7887979192393164,6.386211914843898e-08,False,0.9561489820480347,0.8305004535617457,3.8331379890441895,39,-0.11061823048761915,0.4742601769311087,0.017882797334875383,0.13571846059390477,0.4868812220437186,-0.08658124932221004,0.08245682290622167,0.972334225393994,0.9770852563241543,0.9539229191567941,1.0146296860713198,1.00336071695295,1.0297308155885898,0.9807155544278103
full,38,3,102440.93539942389,0.08510877623743052,0.0841354726985768,0.07799807310193306,0.023827734390617694,0.0826528380070605,0.4219631126948765,0.0004219631126948765,0.00047540342834378996,0.19016137133751598,1.3803227426750317,0.9999999999999999,0.7606453895568848,0.7606454853500635,9.579317872265847e-08,False,0.9043921828269958,0.7855450689564024,3.354548931121826,40,-0.09794637268143042,0.5631808518831218,-0.09221499865608557,0.06042371237916605,0.47274746293468134,0.02280777426702635,0.0710015698735203,1.1075456274694473,1.1179570958597118,1.1183717604729042,1.0432562331030337,1.0900632675846669,0.9914163090128755,0.9314359637774902
full,38,4,104920.96739561898,0.02562284607690901,0.024209384525095246,0.01909443634428429,0.04690165862714357,0.07958975784483173,0.885343457439116,0.000885343457439116,0.0004937565047293902,0.19750260189175606,1.3950052037835121,1.0,0.7900103330612183,0.7900104075670242,7.450580596923828e-08,False,1.0798544883728027,0.937949691117535,5.732827186584473,41,-0.1394350342452526,0.2896232195198536,-0.05806756764650345,0.24362969771027565,0.3451220281422138,0.11849052086472511,0.20063713565468788,1.03712146290818,1.0565291374240031,1.0326546656799105,1.0463576158940397,0.9351314441789006,1.1279024006296734,1.0611111111111111
full,38,5,102647.87775812291,-0.020634957120968078,-0.02166477963289337,-0.027391250509549204,0.025795737972901023,0.1257065971061331,0.540900788136891,0.000540900788136891,0.0005111730418034963,0.2044692167213985,1.408938433442797,1.0,0.8178768754005432,0.817876866885594,8.514949190185916e-09,False,1.0033390522003174,0.8714892276972732,4.290562152862549,42,-0.11704924968736513,0.4690741944525923,-0.08741996703403337,0.20904729249221937,0.4137356627200331,0.06248372899634497,0.05012833806020872,0.9888633335144615,1.0141533291379978,0.9796166893478648,1.0192625206384152,0.910551296093465,1.0568736915561758,0.9814136125654451
full,38,6,104950.52235124247,0.02323255336652741,0.022432461765507394,0.015966606389412004,0.0471700591891705,0.10815429653714947,0.273068833564009,0.000273068833564009,0.000509162505290338,0.2036650021161352,1.4073300042322703,1.0,0.8146599531173706,0.8146600084645406,5.534716995825306e-08,False,0.9306662082672119,0.8083663974885454,3.609959125518799,43,-0.1056115882737296,0.542147804583822,-0.0980534138424056,0.12346975931099483,0.4642740083592279,0.022160292203937254,0.05161313765815326,1.026091448048592,1.0093070419373205,1.0316766856435173,1.0105291576673865,1.057337610264635,0.9290194783757015,0.9554547879434515
full,38,7,104583.30284648978,-0.002856096027334498,-0.0034989773897808885,-0.00764944326281313,0.04382442246270679,0.08607613072698844,0.15771160700491513,0.00015771160700491513,0.0004872190686208862,0.1948876274483545,1.3897752548967088,0.9999999999999998,0.7795505523681641,0.7795505097934177,4.257474639501879e-08,False,0.9722722768783569,0.8445049695115622,3.9169015884399414,44,-0.10845227007355013,0.5187882238200732,-0.08643535737480437,0.11432142342839921,0.4207769983581134,0.022150097148759013,0.1188508846930095,1.0424386351216453,1.004133253410209,1.0662471630729378,0.9422922789206518,1.0401971937808114,0.9470504619758351,0.9678950307091011
full,38,8,107122.8672891082,0.024920115698878975,0.02428269497613833,0.018611406589973598,0.06649250033500953,0.08113342564658281,0.14376753887959887,0.00014376753887959887,0.0004783482809684106,0.19133931238736426,1.3826786247747285,1.0,0.765357255935669,0.7653572495494569,6.38621200366174e-09,False,0.9518587589263916,0.8267740131060192,3.7595770359039307,45,-0.108197900599667,0.49038488125162466,-0.08314141178769727,0.12670352017240863,0.47664350723581655,0.022236945905855704,0.07537045782165866,1.0524253138754247,1.054036194252693,1.0270848634564504,0.9872412815423873,1.0051039008384979,1.121575984990619,1.0374963945774445
full,38,9,108134.25908453138,0.010083908452456658,0.009441418261271872,0.004250076314488792,0.07522370017972402,0.0896224706045139,0.1388391857700689,0.0001388391857700689,0.0004974392548735652,0.1989757019494261,1.3979514038988523,1.0,0.7959027290344238,0.7959028077977046,7.876328078637584e-08,False,0.9445697069168091,0.8204428229738842,3.7608585357666016,46,-0.10649350152484008,0.5062472163034337,-0.09248220042458602,0.16718838496931962,0.4620370803666966,0.033604939867343225,0.02989808044263295,1.0054865027130322,0.9846774920370601,1.0193239990459473,1.0485353245261344,1.019949220166848,1.0441619270659084,1.0467055879899918
full,38,10,111330.76551875925,0.030159756666325865,0.029560533925969468,0.022058611084668923,0.10177569035802603,0.08986758187266171,0.09667644490088723,9.667644490088723e-05,0.0004851722264928478,0.1940688905971391,1.388137781194278,0.9999999999999998,0.7762754559516907,0.7762755623885562,1.0643686554345777e-07,False,0.9419515132904053,0.8181686888848813,3.655008316040039,47,-0.09966231350387847,0.537460973220212,-0.09440657709326064,0.13830182488475526,0.44450979466949186,0.04203857641134942,0.03175772141133035,1.0222140006378042,1.054929753081416,0.9992198688185272,0.9627499315256095,1.0142247510668565,1.0807433514899072,0.9436918990703851
full,38,11,109877.29377905451,-0.012460533386811523,-0.013055436499804007,-0.01612554944004469,0.08989385740529932,0.0848743297463596,0.1270807757973671,0.00012708077579736709,0.000475510201816048,0.1902040807264192,1.3804081614528383,0.9999999999999998,0.7608163356781006,0.7608163229056766,1.277242400732348e-08,False,0.941706657409668,0.8179560097691497,3.5701122283935547,48,-0.09736144383038794,0.5626749412289687,-0.09284263689603126,0.09879633198891366,0.42866122882281027,0.033852247255189066,0.06621933143053735,1.022748062827226,1.0116330078314992,1.0125485675873276,0.8998577524893313,0.9817671809256661,0.9866587607471095,1.0382775119617225
full,38,12,117455.65801545052,0.06964130446470529,0.0689711584236401,0.054949371468023464,0.1486148756933816,0.07543293640117653,0.14072332477995322,0.00014072332477995322,0.0004859877550708397,0.19439510202833588,1.3887902040566718,0.9999999999999999,0.7775804400444031,0.7775804081133435,3.193105957421949e-08,False,0.9112664461135864,0.7915159781814353,3.469200611114502,49,-0.09625506374452797,0.5416620376386813,-0.0981400382838079,0.11958111849214348,0.47713172462369713,0.01956307355846676,0.03645714771534714,1.028990413717977,1.0399761864870785,1.0121727778274432,0.9920961112867532,1.1142857142857145,0.933293269230769,0.9915966386554621
full,38,13,114680.76493500995,-0.022980997853964236,-0.02362502690228463,-0.026086502698574824,0.12801418741259363,0.10971628835573681,0.19193868871246067,0.00019193868871246068,0.00046745627187192443,0.18698250874876976,1.3739650174975395,1.0,0.7479299306869507,0.747930034995079,1.043081283569336e-07,False,0.9817459583282471,0.8527337046655551,3.900324821472168,50,-0.09717806987464428,0.5359562505036592,-0.08980443887412548,0.13790480978786945,0.38779117353260517,0.03108527883887291,0.09424499608576298,0.9524308174608502,0.9468745137780623,0.9571047153564893,1.0296367112810707,0.9903846153846152,1.0135222150676113,0.9600874794969929
full,38,14,115430.77205490862,0.0072260276498130604,0.006539955678911857,0.0018091168052863857,0.13367988258424224,0.0771315673272445,0.2017461960869176,0.0002017461960869176,0.0004796358543847289,0.19185434175389154,1.383708683507783,0.9999999999999999,0.767417311668396,0.767417367015566,5.534716995825306e-08,False,0.9807461500167847,0.8518652822002969,3.835512399673462,51,-0.09382880053349904,0.5737758246915681,-0.0980255412203925,0.08398604818752833,0.34905793943575447,0.039865110601697645,0.14516941883734294,1.0691438500861281,1.0726581795633896,1.0583749337868538,1.0225936242649336,0.9190938511326862,1.0320838627700126,1.019362186788155
full,38,15,114981.87151056674,-0.0032694181379850917,-0.0038889157228225724,-0.007914178123582215,0.13029768357170912,0.09063958222098199,0.11033611425331669,0.00011033611425331668,0.0005113867404205459,0.20455469616821836,1.4091093923364366,0.9999999999999998,0.8182187676429749,0.8182187846728732,1.7029898380371833e-08,False,0.9695888757705688,0.8421741969238713,3.8249261379241943,52,-0.1026682316192559,0.5645875350705214,-0.10188646454896247,0.09425481568489755,0.39395722906504355,0.03207936670098985,0.11967574964676583,0.9916662901143084,1.0025358571630094,0.9627064136965677,0.9576271186440679,0.9838028169014084,1.0421668205601724,0.9972067039106144
full,38,16,115638.95724305385,0.006404450067487799,0.005714689836360254,0.0016235430873565923,0.1352395214891412,0.06636589660150974,0.17747534172875556,0.00017747534172875558,0.0005081304402223656,0.20325217608894625,1.4065043521778924,0.9999999999999999,0.8130086660385132,0.8130087043557848,3.831727157788123e-08,False,0.9760064482688904,0.8477484295703415,3.888665199279785,53,-0.10024054827434678,0.5782449197556292,-0.10301162781459947,0.0668725397969995,0.33372699735420086,0.032606473990849066,0.19180124519126754,1.0436129187650538,1.0069045203783964,1.0537813804467038,1.0290771175726925,1.0293486041517539,0.9503839338452451,1.0114845938375352
full,38,17,106927.50132157544,-0.07443025886104104,-0.07533322791183927,-0.07321668251241176,0.0647868998709843,0.05528121788509685,0.45966488761561264,0.00045966488761561267,0.0005163931633744921,0.20655726534979685,1.4131145306995936,1.0,0.8262290954589844,0.8262290613991872,3.4059797204832876e-08,False,0.9441645741462708,0.8200909291205182,3.692913055419922,54,-0.10492947271892003,0.5647032899515969,-0.10162779263087682,0.050056119050298414,0.14355977305344172,0.027988229479108534,0.42024985381535124,0.9298536593307981,0.8801916899722919,0.9556161965613983,0.9324324324324325,0.9551460361613352,0.8760099440646364,0.9872611464968152
full,38,18,110871.78596787003,0.037684349794772753,0.036887466718524387,0.030239057064924482,0.0980572818680906,0.0606264986436364,0.25148072146943634,0.00025148072146943633,0.0005167579185217619,0.20670316740870476,1.4134063348174095,1.0,0.8268126249313354,0.826812669634819,4.470348358154297e-08,False,0.955025315284729,0.8295244490121423,3.9055259227752686,55,-0.1037300992757082,0.4536954443901777,-0.10297306813299656,0.04531988315284252,0.19423126988112926,0.019337225705385208,0.49411934427917004,0.9869331771848514,0.9986076251350232,0.9760156672096543,1.0082345191040842,1.0462322533673099,0.9882937211777227,1.0513323983169707
full,38,19,112804.82950711423,0.018247649093819707,0.01743494544053248,0.012794399705181394,0.11351313204464064,0.05322900942737301,0.28546937076108814,0.0002854693707610881,0.0005129887961915562,0.20519551847662248,1.410391036953245,1.0,0.8207820653915405,0.8207820739064902,8.514949634275126e-09,False,0.8776256442070007,0.7622959489117741,3.2571799755096436,56,-0.10125371547681947,0.5504450824643885,-0.10394180299980302,0.03813258824603896,0.05965261427419524,0.026937781700066138,0.5300274517919337,1.0357733081792009,1.0341142880338432,1.0231835256931106,0.9411956876837635,1.048016701461378,0.9239052404881549,1.0130736392742796
full,38,20,107629.09558018889,-0.04530785003332671,-0.045882201582503446,-0.04491013905049804,0.0708832081052363,0.045604302221873796,0.09684292173811368,9.684292173811368e-05,0.0005049472847687347,0.2019789139074939,1.4039578278149878,0.9999999999999999,0.8079156279563904,0.8079156556299756,2.7673585201171136e-08,False,0.8750103712081909,0.7600243516476668,3.2231669425964355,57,-0.1014979628047773,0.5135604741850069,-0.1004809511027166,0.04156281080629143,0.04836000901247772,0.030702309949057427,0.5677933099546603,0.9120432847339066,0.8673832471904358,0.9509451683395475,0.9694550503297468,0.9555112881806108,0.8717948717948719,1.0287068738477745
full,38,21,106308.08900041805,-0.011291018968662025,-0.012273693954685583,-0.014512196114370735,0.05933780824894008,0.05933592516149044,0.4977797025016377,0.0004977797025016378,0.000496611637728555,0.19864465509142198,1.3972893101828439,0.9999999999999999,0.7945786118507385,0.7945786203656877,8.514949190185916e-09,False,1.022243857383728,0.8879097328424957,4.088818073272705,58,-0.09526797490460534,0.26756635201828816,-0.10337668018681664,0.1230723772730146,0.13305140925305228,0.08696190906422477,0.5879926074828421,1.0000531712757406,0.9794685529360748,1.000391488535496,0.999641962047977,1.0055594162612926,1.0401069518716577,0.9831029185867896
full,38,22,103464.14933096178,-0.025771145394766326,-0.026751865226785188,-0.028415732985355244,0.03348163932494752,0.051191281227253665,0.49513206311634617,0.0004951320631163461,0.0005120376444288663,0.20481505777154652,1.4096301155430928,0.9999999999999998,0.81926029920578,0.8192602310861856,6.811959440966575e-08,False,0.8709632158279419,0.7565090371495723,3.2110893726348877,59,-0.09813111168997629,0.5151323835764612,-0.10668394608157022,0.03898789467556135,0.033772361597844525,0.04437687354428427,0.572545544377395,0.9160800047452287,0.912869623396696,0.9328680427305247,1.0992120343839542,1.0241879751209397,1.1696658097686377,0.9851562499999998
full,38,23,109432.01337106247,0.0588690778853449,0.05768050168769712,0.04937704632193771,0.08619062265701327,0.06663874020256079,0.616312529359545,0.000616312529359545,0.0005068138401423182,0.20272553605692728,1.4054510721138544,1.0,0.8109021782875061,0.8109021442277089,3.4059797204832876e-08,False,0.9380578994750977,0.8147867388955805,3.652090549468994,60,0.04380137526563235,0.5716309627251965,-0.10543027466961316,-0.09729526138731412,0.025037352527890883,0.15284840070775577,0.4094074448304517,1.0911163764566931,1.1234912300099247,1.0672516751244587,0.9214727924405344,0.9787449392712549,0.9501831501831501,0.9801744647105474
full,38,24,107580.58746870651,-0.01585151249104888,-0.016918503510285787,-0.018716933648526616,0.07046426913137638,0.059811602457794454,0.5765133979065077,0.0005765133979065077,0.0005082516092807055,0.20330064371228218,1.4066012874245644,1.0,0.8132025599479675,0.8132025748491287,1.4901161193847656e-08,False,0.8424707055091858,0.7317607571355579,3.085463762283325,61,-0.10055218078196049,0.556957958266139,-0.1027484629303217,0.027576999738812447,0.04071503318846226,0.023618262261152267,0.5544323902577162,0.9575598807831897,0.9536357930098714,0.9593638617140574,0.9904526166902407,1.019303688383316,0.9602929838087895,1.0035059331175835
full,39,1,98954.982760034,-0.00863435981503935,-0.010450172399659952,-0.01475819966210214,-0.0105605317773656,0.08395335769473077,1.3395302221179008,0.001339530222117901,0.0004937767742999962,0.1975107097199985,1.395021419439997,1.0,0.7900426983833313,0.790042838879994,1.4049666274829065e-07,False,0.9634130597114563,0.8368099512524272,3.900036573410034,39,-0.11019290504711016,0.45875473054391996,0.018874214163848324,0.15033319326383726,0.48924861582262175,-0.08731780467288836,0.08029995592577116,0.972334225393994,0.9770852563241543,0.9539229191567941,1.0146296860713198,1.00336071695295,1.0297308155885898,0.9807155544278103
full,39,2,107354.95676647818,0.08588886860450318,0.08488682198868269,0.0752940734164595,0.06851063973205174,0.07554196185915685,0.4474901078002793,0.0004474901078002793,0.000475725212267467,0.1902900849069868,1.3805801698139735,1.0,0.7611603140830994,0.7611603396279469,2.554484757055775e-08,False,0.902346670627594,0.7837683596346704,3.345449924468994,40,-0.09817907533475331,0.5611184207456452,-0.09211100957223348,0.06494053878954478,0.4773287443178041,0.022049729313169203,0.06485265174082347,1.1075456274694473,1.1179570958597118,1.1183717604729042,1.0432562331030337,1.0900632675846669,0.9914163090128755,0.9314359637774902
full,39,3,109731.1096607476,0.02357979252194453,0.022133611393818642,0.015160000754831912,0.08868141123181017,0.1002154148985304,0.9212053662964276,0.0009212053662964276,0.0004926597100815603,0.19706388403262412,1.394127768065248,0.9999999999999998,0.7882554531097412,0.7882555361304959,8.302075471533499e-08,False,1.0729753971099854,0.9319745883656341,5.677730560302734,41,-0.14122169943792479,0.2610556360866342,-0.055842184594699334,0.267264681735209,0.35983146993177273,0.11921374020831924,0.18969835607068877,1.03712146290818,1.0565291374240031,1.0326546656799105,1.0463576158940397,0.9351314441789006,1.1279024006296734,1.0611111111111111
full,39,4,107307.11841139487,-0.021054201114461102,-0.02209028284546577,-0.025285605277261963,0.06809537446882863,0.09399137028560842,0.5486234852245876,0.0005486234852245877,0.000510301733655589,0.2041206934622356,1.4082413869244712,1.0,0.816482663154602,0.8164827738489424,1.1069434036059533e-07,False,1.0031590461730957,0.8713328764486098,4.326732158660889,42,-0.11789451060550554,0.45278107108814375,-0.08622618285673006,0.22463779630405561,0.41909058871013777,0.061317672154733105,0.04629356520516531,0.9888633335144615,1.0141533291379978,0.9796166893478648,1.0192625206384152,0.910551296093465,1.0568736915561758,0.9814136125654451
full,39,5,109762.61118534059,0.023694681568264597,0.022882850739983862,0.015786308380673526,0.08894295680389608,0.10122547908787846,0.28492761669414385,0.00028492761669414386,0.0005084270039307221,0.20337080157228882,1.4067416031445776,0.9999999999999999,0.8134831190109253,0.8134832062891553,8.727822997656176e-08,False,0.9302831888198853,0.8080337110236742,3.6253247261047363,43,-0.10577971089099136,0.5362499843218497,-0.09759109068129745,0.13370454710509094,0.46597068410898956,0.02140981916870388,0.04603576686765465,1.026091448048592,1.0093070419373205,1.0316766856435173,1.0105291576673865,1.057337610264635,0.9290194783757015,0.9554547879434515
full,39,6,109385.99371029322,-0.0028027796496109536,-0.0034312000323264424,-0.007286775643871499,0.08580617492173481,0.08299987523420467,0.14387401938438416,0.00014387401938438415,0.00048651128874293404,0.1946045154971736,1.3892090309943472,0.9999999999999999,0.7784180641174316,0.7784180619886945,2.1287371865241766e-09,False,0.9712166786193848,0.8435880885136056,3.9153313636779785,44,-0.10876594084714142,0.5125988687255553,-0.0858385746500322,0.12610871743943008,0.4282668496349028,0.02202778149928364,0.10560229819800171,1.0424386351216453,1.004133253410209,1.0662471630729378,0.9422922789206518,1.0401971937808114,0.9470504619758351,0.9678950307091011
full,39,7,111977.87379314906,0.024314942663981265,0.023694807670901596,0.017326507721360476,0.10696643352306512,0.07667501759939659,0.1282011866569519,0.0001282011866569519,0.0004773965278374298,0.19095861113497192,1.3819172222699438,0.9999999999999999,0.7638344168663025,0.7638344445398877,2.7673585201171136e-08,False,0.9520612359046936,0.8269498823747972,3.7692034244537354,45,-0.1080454361758062,0.48463847514774117,-0.08291317495916573,0.13538595315601143,0.47914706942226204,0.022325014961617318,0.06946209844733986,1.0524253138754247,1.054036194252693,1.0270848634564504,0.9872412815423873,1.0051039008384979,1.121575984990619,1.0374963945774445
full,39,8,113076.01504369911,0.01044615986951114,0.009806769974741503,0.003873455702266951,0.11563915688615112,0.09598535321638096,0.1358511527734144,0.0001358511527734144,0.0004971289129129479,0.19885156516517916,1.3977031303303582,1.0,0.7954064011573792,0.7954062606607164,1.4049666274829065e-07,False,0.9458320140838623,0.8215392490481204,3.7841854095458984,46,-0.1063827584896769,0.5006126378263747,-0.09246880667550225,0.17461974067347388,0.46190585834639414,0.03337996346609931,0.028333364852837134,1.0054865027130322,0.9846774920370601,1.0193239990459473,1.0485353245261344,1.019949220166848,1.0441619270659084,1.0467055879899918
full,39,9,116386.69089844158,0.029880648759464945,0.029278320901767074,0.020381576984382845,0.14079522986645032,0.09548991991832721,0.10025542655161451,0.00010025542655161451,0.00048476776374237874,0.1939071054969515,1.3878142109939031,1.0,0.775628387928009,0.7756284219878062,3.4059797204832876e-08,False,0.941834032535553,0.818066646397757,3.664973735809326,47,-0.09934723430446216,0.5342097277087825,-0.09455987119248935,0.14330114371010236,0.44518780655094553,0.04147839120456151,0.029730036322559633,1.0222140006378042,1.054929753081416,0.9992198688185272,0.9627499315256095,1.0142247510668565,1.0807433514899072,0.9436918990703851
full,39,10,114806.2164588463,-0.01298495278812506,-0.013579511775744124,-0.016488469024219753,0.12896702735738852,0.093205330303159,0.12784422721181585,0.00012784422721181585,0.00047471815188016215,0.18988726075206486,1.3797745215041295,0.9999999999999999,0.7595490217208862,0.759549043008259,2.1287372753420186e-08,False,0.9406883120536804,0.8170714862315953,3.5666611194610596,48,-0.09695861382143839,0.5613739501152719,-0.09292864693062647,0.1022858481322016,0.43023759233100073,0.03352178739649908,0.06246808277709143,1.022748062827226,1.0116330078314992,1.0125485675873276,0.8998577524893313,0.9817671809256661,0.9866587607471095,1.0382775119617225
full,39,11,122714.09571319523,0.06954337823226098,0.06888023574214386,0.0519761519852646,0.18509769053982295,0.08309022394339653,0.1344713222767625,0.0001344713222767625,0.00048574490339628294,0.19429796135851318,1.3885959227170264,0.9999999999999999,0.7771918177604675,0.7771918454340527,2.7673585201171136e-08,False,0.9116531610488892,0.7918518745063783,3.4754831790924072,49,-0.09599982920501915,0.5404974224844149,-0.09829813215349403,0.12211234894181999,0.47668796804334435,0.019472068441765633,0.0355281534471682,1.028990413717977,1.0399761864870785,1.0121727778274432,0.9920961112867532,1.1142857142857145,0.933293269230769,0.9915966386554621
full,39,12,119846.24637361124,-0.022732597424514056,-0.023370170500108367,-0.0254997965036111,0.16559756332911857,0.11999338585813443,0.1858527527323791,0.0001858527527323791,0.0004667640663683415,0.18670562654733658,1.3734112530946732,1.0,0.7468225359916687,0.7468225061893463,2.9802322387695312e-08,False,0.9805446863174438,0.8516902930544418,3.891700029373169,50,-0.09664994478225708,0.5353935435414314,-0.0900556817650795,0.14069045335054398,0.38951558619737625,0.031053006649017334,0.09005303680896759,0.9524308174608502,0.9468745137780623,0.9571047153564893,1.0296367112810707,0.9903846153846152,1.0135222150676113,0.9600874794969929
full,39,13,120604.8902811661,0.007015372847264834,0.006330143250292908,0.001598901505228352,0.17084622549823592,0.07299521327777989,0.2014423715216773,0.0002014423715216773,0.0004792451885129724,0.19169807540518896,1.383396150810378,1.0,0.7667922973632812,0.7667923016207561,4.257474817137563e-09,False,0.9804811477661133,0.8516351041699798,3.8293886184692383,51,-0.09339214542082377,0.5738038452608245,-0.09830592998436519,0.08632211706468038,0.35141298494168693,0.04030850848981313,0.1398506196481841,1.0691438500861281,1.0726581795633896,1.0583749337868538,1.0225936242649336,0.9190938511326862,1.0320838627700126,1.019362186788155
full,39,14,120126.48262400697,-0.0033515859425546912,-0.003966735146840428,-0.007630676811811575,0.16754409339531207,0.0865708941777545,0.10671689893518177,0.00010671689893518177,0.0005106915214232037,0.20427660856928148,1.4085532171385629,1.0,0.8171064853668213,0.8171064342771257,5.108969558520471e-08,False,0.9694960713386536,0.8420935880185173,3.8214776515960693,52,-0.10238611059529443,0.5644651119198119,-0.10189049797398705,0.0963471819247518,0.39474636954920633,0.03237520796912055,0.1163427372063909,0.9916662901143084,1.0025358571630094,0.9627064136965677,0.9576271186440679,0.9838028169014084,1.0421668205601724,0.9972067039106144
full,39,15,120819.39856850711,0.006455382092752204,0.005768219707797062,0.0017436194954608664,0.17231834304076665,0.06061260299987441,0.17500484628336754,0.00017500484628336756,0.0005079832779509682,0.20319331118038725,1.4063866223607744,0.9999999999999999,0.8127732276916504,0.8127732447215488,1.7029898380371833e-08,False,0.9764458537101746,0.8481300922872774,3.8867175579071045,53,-0.10003195170845305,0.5783449986151286,-0.1031613594719342,0.06872463758502687,0.3361373522451946,0.03300941522632325,0.18697690750871385,1.0436129187650538,1.0069045203783964,1.0537813804467038,1.0290771175726925,1.0293486041517539,0.9503839338452451,1.0114845938375352
full,39,16,111696.53273036821,-0.07460176270791508,-0.07550828713127589,-0.0702079589416222,0.10471706188591601,0.05213355573543117,0.4641752243041992,0.00046417522430419923,0.000515909559492554,0.20636382379702162,1.4127276475940431,0.9999999999999998,0.8254552483558655,0.8254552951880862,4.6832220768067145e-08,False,0.9459726214408875,0.8216613790466625,3.7024786472320557,54,-0.10468048442687308,0.5649413407913275,-0.10168333937014853,0.051310045378548746,0.14411663423691476,0.02840930383120263,0.41758649955902777,0.9298536593307981,0.8801916899722919,0.9556161965613983,0.9324324324324325,0.9551460361613352,0.8760099440646364,0.9872611464968152
full,39,17,115803.15504601426,0.03756116632075912,0.03676588892476462,0.02880112352304931,0.13646566917572234,0.058949675335140395,0.2501596031444413,0.0002501596031444413,0.0005166215396353178,0.20664861585412708,1.4132972317082542,1.0,0.8265942931175232,0.8265944634165083,1.7029898513598596e-07,False,0.9554283022880554,0.829874479075789,3.904588460922241,55,-0.103546037205628,0.4552378516112055,-0.10310257864849909,0.046297450682946606,0.19218945609671728,0.019464825413056774,0.49345903205020086,0.9869331771848514,0.9986076251350232,0.9760156672096543,1.0082345191040842,1.0462322533673099,0.9882937211777227,1.0513323983169707
full,39,18,117813.55075708032,0.018171489142356334,0.017360457150474184,0.012313046494927331,0.15120120429788297,0.0484497725446661,0.28386443055101795,0.00028386443055101795,0.0005130103483263936,0.20520413933055742,1.4104082786611147,0.9999999999999999,0.8208166360855103,0.8208165573222295,7.876328078637584e-08,False,0.8777339458465576,0.7623900185206554,3.257131814956665,56,-0.10111116750964097,0.5506509603666407,-0.10409297182091645,0.03865716473332473,0.05888791994324752,0.027137101228748045,0.5298709930585963,1.0357733081792009,1.0341142880338432,1.0231835256931106,0.9411956876837635,1.048016701461378,0.9239052404881549,1.0130736392742796
full,39,19,112399.6372123509,-0.0453803912053381,-0.04595323296801701,-0.04325469676944002,0.11031741311517673,0.047418111734675555,0.09573863180620329,9.573863180620329e-05,0.0005045148091656821,0.20180592366627287,1.4036118473325454,0.9999999999999998,0.8072237372398376,0.8072236946650908,4.2574746839108e-08,False,0.8743682503700256,0.7594666125742062,3.2194385528564453,57,-0.10119789306606566,0.5141820960811205,-0.1006080306002072,0.04168634648833955,0.04757419388209069,0.030685307191950922,0.5676779800227709,0.9120432847339066,0.8673832471904358,0.9509451683395475,0.9694550503297468,0.9555112881806108,0.8717948717948719,1.0287068738477745
full,39,20,111010.05748348114,-0.011385705316388162,-0.01236284887863559,-0.01419121810032355,0.0991807204957037,0.06109050961701036,0.4927290188414711,0.000492729018841471,0.0004961569287947247,0.19846277151788988,1.3969255430357796,0.9999999999999999,0.7938511371612549,0.7938510860715593,5.108969558520471e-08,False,1.0211883783340454,0.8869929553884124,4.080456256866455,58,-0.09499785410506387,0.2706744734730039,-0.10346491741282601,0.1228606764759336,0.13053335888045173,0.08649886293070655,0.587895399757794,1.0000531712757406,0.9794685529360748,1.000391488535496,0.999641962047977,1.0055594162612926,1.0401069518716577,0.9831029185867896
full,39,21,108022.93975765453,-0.02593287296668334,-0.026908532375736427,-0.027232361143266905,0.07427070375656974,0.046446888082658976,0.4906070211103985,0.0004906070211103985,0.0005115296239299433,0.20461184957197737,1.4092236991439544,0.9999999999999998,0.818447470664978,0.8184473982879088,7.237706922680331e-08,False,0.8699430227279663,0.755622908681982,3.206027030944824,59,-0.09786386255707061,0.515977984028203,-0.10674798701490676,0.03883091519985879,0.033265655594212656,0.04411776523504937,0.5724195295146532,0.9160800047452287,0.912869623396696,0.9328680427305247,1.0992120343839542,1.0241879751209397,1.1696658097686377,0.9851562499999998
full,39,22,114252.801745031,0.058852571734991255,0.05767165753267722,0.047050252094861876,0.12474794077118445,0.06853969839505658,0.6091631097452981,0.000609163109745298,0.000506736541699086,0.2026946166796344,1.4053892333592688,0.9999999999999999,0.8107783794403076,0.8107784667185376,8.727822997656176e-08,False,0.9365336894989014,0.8134628269317327,3.6419432163238525,60,0.04354352158095154,0.5713224339165858,-0.10548100593898979,-0.09721361074064461,0.0246802366205624,0.15068050500537666,0.4124679195561579,1.0911163764566931,1.1234912300099247,1.0672516751244587,0.9214727924405344,0.9787449392712549,0.9501831501831501,0.9801744647105474
full,39,23,112318.23667608215,-0.015871326841735867,-0.01693232060309624,-0.01823989820085287,0.10967263234025892,0.06329179539854686,0.570622272257294,0.000570622272257294,0.0005080640143049615,0.20322560572198461,1.406451211443969,0.9999999999999998,0.8129023909568787,0.8129024228879378,3.193105913013028e-08,False,0.8419297933578491,0.731290926810518,3.082648754119873,61,-0.100404951987522,0.556905325236065,-0.10282065373446261,0.027697331937296038,0.039939731093389635,0.023734951125723963,0.5549482663295098,0.9575598807831897,0.9536357930098714,0.9593638617140574,0.9904526166902407,1.019303688383316,0.9602929838087895,1.0035059331175835
full,39,24,107699.03832439735,-0.04060736934189513,-0.041125987091537364,-0.040580277843517976,0.07148660233350734,0.04788495673532788,0.03204905827130611,3.2049058271306106e-05,0.0005086659294153963,0.2034663717661585,1.4069327435323171,1.0,0.8138655424118042,0.8138654870646342,5.534716995825306e-08,False,0.8265528678894043,0.7179346990513517,3.0202019214630127,62,-0.09731816181114741,0.5600191982729095,-0.10614820995501109,0.025823279683079042,0.029217503432716646,0.02363425812550954,0.5647721322519439,0.906604323640961,0.8950099292047539,0.9116191074982402,0.9460906818993214,1.0010145417653027,0.8916097952629467,1.0064498790647676
full,40,1,108105.85746827452,0.08318222581255208,0.08105857468274524,0.0705819772142217,0.07498074256201448,0.0879753069558555,1.4865844898990221,0.0014865844898990222,0.00047590675497693677,0.1903627019907747,1.3807254039815493,1.0,0.7614506483078003,0.7614508079630986,1.5965529831518666e-07,False,0.9083127379417419,0.788950419861066,3.3825602531433105,40,-0.09728518633970193,0.5661210218178374,-0.09307751565107278,0.05294548959604331,0.4628855088459594,0.022314809794936857,0.08609587193599769,1.1075456274694473,1.1179570958597118,1.1183717604729042,1.0432562331030337,1.0900632675846669,0.9914163090128755,0.9314359637774902
full,40,2,110828.6677064555,0.026627243074885953,0.025186519046667133,0.018465338277087448,0.09770637805677373,0.0852059443534361,0.9098101072013378,0.0009098101072013378,0.0004945320330028022,0.1978128132011209,1.3956256264022417,1.0,0.7912512421607971,0.7912512528044835,1.0643686376710093e-08,False,1.0802643299102783,0.9383056749538957,5.793309688568115,41,-0.14083983695932795,0.2793515851455075,-0.056972976241792955,0.241842903728996,0.3383045425372464,0.11953188532165118,0.21878189646771976,1.03712146290818,1.0565291374240031,1.0326546656799105,1.0463576158940397,0.9351314441789006,1.1279024006296734,1.0611111111111111
full,40,3,108444.93372356264,-0.020473019070601617,-0.02150827969173541,-0.024376313900473612,0.07787301290708204,0.09085897501563836,0.5480219359908785,0.0005480219359908784,0.0005094354998852526,0.20377419995410104,1.407548399908202,1.0,0.8150967359542847,0.8150967998164038,6.386211914843898e-08,False,1.0066167116165161,0.8743361664932999,4.349274158477783,42,-0.11760141753724646,0.4557109171790736,-0.08617278241685458,0.22340980118938855,0.41271775907703806,0.062352086816515245,0.04958363569208554,0.9888633335144615,1.0141533291379978,0.9796166893478648,1.0192625206384152,0.910551296093465,1.0568736915561758,0.9814136125654451
full,40,4,110910.15899044351,0.023544879865491364,0.02273250747854183,0.015178330332416806,0.0983693386589013,0.106359908388049,0.2863382218139514,0.0002863382218139514,0.0005076620780995914,0.2030648312398366,1.406129662479673,1.0,0.812259316444397,0.8122593249593462,8.514949190185916e-09,False,0.9319687485694885,0.8094977696200161,3.636707305908203,43,-0.10543753313166757,0.5358704317893301,-0.09762729810816903,0.13535143328564506,0.46356347096817835,0.021266828158072043,0.047012667038610984,1.026091448048592,1.0093070419373205,1.0316766856435173,1.0105291576673865,1.057337610264635,0.9290194783757015,0.9554547879434515
full,40,5,110524.1583259617,-0.002865963943509242,-0.003480300343948306,-0.007420716602604134,0.09522043402423819,0.08543623935882053,0.13017261028289792,0.00013017261028289793,0.0004861193855426141,0.19444775421704566,1.3888955084340913,1.0,0.7777909636497498,0.7777910168681825,5.3218432771728885e-08,False,0.9705135226249695,0.8429773349770221,3.9190683364868164,44,-0.10906322593135492,0.5087209836180722,-0.08538452828569074,0.13324606870966296,0.4313576713736568,0.021350848355463553,0.09977218216019015,1.0424386351216453,1.004133253410209,1.0662471630729378,0.9422922789206518,1.0401971937808114,0.9470504619758351,0.9678950307091011
full,40,6,113059.44960972859,0.02356597307290742,0.02293879747348737,0.01586379561779527,0.11550958062159922,0.0885070195913152,0.13515391945838934,0.00013515391945838933,0.00047776976201151103,0.1911079048046044,1.3822158096092088,1.0,0.7644315958023071,0.7644316192184175,2.3416110384033573e-08,False,0.9509464502334595,0.8259815918437535,3.7761693000793457,45,-0.10858157942337648,0.4780868821378265,-0.08252632538122792,0.14506673147635799,0.48300378849463804,0.0221211787845407,0.0628293239112411,1.0524253138754247,1.054036194252693,1.0270848634564504,0.9872412815423873,1.0051039008384979,1.121575984990619,1.0374963945774445
full,40,7,114236.16001296269,0.0110452681058415,0.010407890780434581,0.004230933031641445,0.12462043552013014,0.09759843733778946,0.1328517555126122,0.00013285175551261218,0.0004977612702974252,0.19910450811897007,1.3982090162379401,1.0,0.7964179515838623,0.7964180324758803,8.089201797290002e-08,False,0.9474459886550903,0.8229411295485534,3.8201324939727783,46,-0.10673054201262339,0.49099030452115194,-0.09237396610634668,0.18589419978005545,0.46307080345494406,0.03296512844307081,0.026184071919747753,1.0054865027130322,0.9846774920370601,1.0193239990459473,1.0485353245261344,1.019949220166848,1.0441619270659084,1.0467055879899918
full,40,8,117529.22724622385,0.029437909688131203,0.028826837604550848,0.019950233243752356,0.14914781333072247,0.09154289133679948,0.10719366105539457,0.00010719366105539458,0.0004865803928779705,0.1946321571511882,1.3892643143023764,0.9999999999999999,0.77852863073349,0.7785286286047528,2.1287371865241766e-09,False,0.9416819214820862,0.8179345244154427,3.683600425720215,47,-0.09969002354357925,0.5288713539817503,-0.09494213360760895,0.15040047120835098,0.44753586900021347,0.040736466912286606,0.027087996048586693,1.0222140006378042,1.054929753081416,0.9992198688185272,0.9627499315256095,1.0142247510668565,1.0807433514899072,0.9436918990703851
full,40,9,115841.37437150964,-0.013765901513492551,-0.014361133092266165,-0.016402218952736854,0.13675057342383967,0.08009958091708116,0.12885892550860134,0.00012885892550860135,0.00047486312687397,0.189945250749588,1.379890501499176,1.0,0.7597810626029968,0.759781002998352,5.960464477539063e-08,False,0.9383981823921204,0.8150823048818784,3.560025453567505,48,-0.09688054397702217,0.5589757077395916,-0.09306470677256584,0.1069415844976902,0.43429310247302055,0.03300865739583969,0.05672619864344597,1.022748062827226,1.0116330078314992,1.0125485675873276,0.8998577524893313,0.9817671809256661,0.9866587607471095,1.0382775119617225
full,40,10,123819.8122036773,0.06953026986108535,0.0688738188359228,0.050988101603060165,0.19237480480502522,0.09272259556250775,0.12891529979450359,0.00012891529979450358,0.0004850482155701944,0.1940192862280778,1.3880385724561555,1.0,0.7760770320892334,0.776077144912311,1.1282307754711951e-07,False,0.9111552834510803,0.791419423519595,3.481865167617798,49,-0.09557764524860043,0.5376178518469845,-0.09844164097947736,0.12699892079191547,0.47739051734762533,0.01904784036534171,0.03296415587621074,1.028990413717977,1.0399761864870785,1.0121727778274432,0.9920961112867532,1.1142857142857145,0.933293269230769,0.9915966386554621
full,40,11,121005.20282030245,-0.022113741164741074,-0.022731494526457174,-0.023603686934710204,0.17358925344306075,0.09636271145491468,0.16633558911936647,0.00016633558911936648,0.0004655871553612607,0.1862348621445043,1.3724697242890085,0.9999999999999998,0.7449394464492798,0.744939448578017,2.1287371865241766e-09,False,0.9745128154754639,0.8464510766099917,3.851062297821045,50,-0.0957822541573218,0.5336404998919793,-0.09045260798718249,0.14592483240578855,0.39840468365166865,0.030450248824698573,0.07781459737036908,0.9524308174608502,0.9468745137780623,0.9571047153564893,1.0296367112810707,0.9903846153846152,1.0135222150676113,0.9600874794969929
full,40,12,121607.81190911395,0.005658976413140282,0.004980026269667093,8.026983576461463e-05,0.17768440669965346,0.0802976684165619,0.1972646048026426,0.0001972646048026426,0.0004780929987984045,0.1912371995193618,1.3824743990387236,0.9999999999999999,0.7649489045143127,0.7649487980774472,1.0643686554345777e-07,False,0.9749289751052856,0.8468125482716368,3.781280517578125,51,-0.09273501272712437,0.5736327341624669,-0.09850218679223743,0.0885799324938229,0.365166859967368,0.040265167398112145,0.12359250549759182,1.0691438500861281,1.0726581795633896,1.0583749337868538,1.0225936242649336,0.9190938511326862,1.0320838627700126,1.019362186788155
full,40,13,121106.26893238442,-0.003525740673094413,-0.0041242661047495854,-0.008661038002912659,0.174278913209426,0.10511089025370415,0.09085341649396081,9.085341649396081e-05,0.0005099701854799475,0.203988074191979,1.407976148383958,1.0,0.8159521818161011,0.8159522967679158,1.1495181473364369e-07,False,0.9668182730674744,0.839767681992871,3.7983040809631348,52,-0.10206338710018567,0.5643003439264638,-0.10192468709179334,0.0989842941718442,0.4001892065363271,0.03247891792229243,0.10803531163505145,0.9916662901143084,1.0025358571630094,0.9627064136965677,0.9576271186440679,0.9838028169014084,1.0421668205601724,0.9972067039106144
full,40,14,121826.56950857338,0.006628664945198537,0.005947673745866133,0.0015651242599255557,0.17916099580426392,0.0663391666982471,0.169327633721488,0.000169327633721488,0.0005074081623128484,0.20296326492513933,1.4059265298502786,0.9999999999999999,0.8118531107902527,0.8118530597005571,5.108969558520471e-08,False,0.9750000238418579,0.8468742604201158,3.866612434387207,53,-0.09974692495805879,0.578481855669192,-0.10321633996708054,0.0706155475761209,0.3451857891465936,0.03346488518374305,0.17521518734948974,1.0436129187650538,1.0069045203783964,1.0537813804467038,1.0290771175726925,1.0293486041517539,0.9503839338452451,1.0114845938375352
full,40,15,112556.66305212739,-0.07518874549595489,-0.07609100784696743,-0.07013109041065138,0.11155859379299593,0.05057376798766764,0.46113756618329466,0.00046113756618329467,0.0005149564905358213,0.20598259621432852,1.411965192428657,0.9999999999999998,0.8239303827285767,0.8239303848573138,2.1287371865241766e-09,False,0.9523808360099792,0.8272274834990796,3.748286485671997,54,-0.10435107376958644,0.5656322834214993,-0.10163152244474208,0.05321741450045789,0.15384678516004766,0.029086960213524943,0.40419915291879854,0.9298536593307981,0.8801916899722919,0.9556161965613983,0.9324324324324325,0.9551460361613352,0.8760099440646364,0.9872611464968152
full,40,16,116664.03293664333,0.037283647676767284,0.03649157476011644,0.028629076183404475,0.14283779256708073,0.0530024518136066,0.24737308759774473,0.00024737308759774476,0.0005165216167058263,0.20660864668233053,1.413217293364661,1.0,0.8264344334602356,0.8264345867293219,1.5326908631152492e-07,False,0.9564628601074219,0.8307730845801105,3.9241561889648438,55,-0.10341956519654819,0.4609261894864695,-0.10318908148578235,0.04603653720446996,0.19734497315117291,0.018844946686710634,0.4834560001535075,0.9869331771848514,0.9986076251350232,0.9760156672096543,1.0082345191040842,1.0462322533673099,0.9882937211777227,1.0513323983169707
full,40,17,118699.94366840625,0.01826821012990787,0.01745105736974284,0.012165413548191832,0.1575396170418194,0.050728218530936696,0.2898105159401895,0.0002898105159401895,0.0005130043093647276,0.20520172374589102,1.4104034474917821,1.0,0.8208068013191223,0.8208068949835643,9.36644419802235e-08,False,0.8792704343795776,0.7637245955034517,3.2654595375061035,56,-0.10106933170131274,0.552356346909489,-0.10413239204457828,0.03880912012287549,0.06061044282146863,0.02701352110930852,0.5264122927827495,1.0357733081792009,1.0341142880338432,1.0231835256931106,0.9411956876837635,1.048016701461378,0.9239052404881549,1.0130736392742796
full,40,18,113199.77651757738,-0.04576391158109294,-0.04633672924221299,-0.04339672042656485,0.11660602983193835,0.04926266433367611,0.0960912640605654,9.609126406056539e-05,0.0005043782267187323,0.20175129068749292,1.4035025813749857,0.9999999999999999,0.8070051074028015,0.8070051627499715,5.534716995825306e-08,False,0.8718225955963135,0.7572554849320985,3.208024740219116,57,-0.10107670298644475,0.5179803935544831,-0.10067458770104817,0.04079733097127505,0.04694813543132373,0.029795017625604353,0.5662304131048066,0.9120432847339066,0.8673832471904358,0.9509451683395475,0.9694550503297468,0.9555112881806108,0.8717948717948719,1.0287068738477745
full,40,19,111765.95723993062,-0.011701171924430764,-0.01266627304183876,-0.01431757442408593,0.10527317557592564,0.0596944033614643,0.48090724647045135,0.00048090724647045134,0.0004960975024316992,0.1984390009726797,1.3968780019453593,0.9999999999999999,0.7937559485435486,0.7937560038907185,5.534716995825306e-08,False,1.0178782939910889,0.8841178526588517,4.05744743347168,58,-0.09503744861909322,0.28025373497179573,-0.10340155235358647,0.11958676257303782,0.1273906348007066,0.08375599661043712,0.5874518720167023,1.0000531712757406,0.9794685529360748,1.000391488535496,0.999641962047977,1.0055594162612926,1.0401069518716577,0.9831029185867896
full,40,20,108680.6390276907,-0.026641919996169827,-0.027605169663751816,-0.02807854379198142,0.07987291117674566,0.05356558785602895,0.4791483251111849,0.00047914832511118487,0.0005109565758279393,0.2043826303311757,1.4087652606623515,1.0,0.8175304532051086,0.817530521324703,6.811959440966575e-08,False,0.8663827180862427,0.7525304673623918,3.18916654586792,59,-0.09786187591297288,0.5198278975273882,-0.10652075441820283,0.037662367203405905,0.0324295860316072,0.04274754864828925,0.5717152309204852,0.9160800047452287,0.912869623396696,0.9328680427305247,1.0992120343839542,1.0241879751209397,1.1696658097686377,0.9851562499999998
full,40,21,114953.19989919596,0.05887932535659868,0.057715531741647785,0.04681687392788868,0.13008076253909084,0.06781954868913011,0.592907444706985,0.0005929074447069849,0.0005067774839699269,0.20271099358797073,1.4054219871759415,1.0,0.8108439445495605,0.8108439743518829,2.9802322387695312e-08,False,0.9333672523498535,0.8107124945694828,3.619468927383423,60,0.04237780347466469,0.5714632831513882,-0.10546423867344856,-0.09724675491452217,0.024538397789001465,0.14626969024538994,0.4180618189275265,1.0911163764566931,1.1234912300099247,1.0672516751244587,0.9214727924405344,0.9787449392712549,0.9501831501831501,0.9801744647105474
full,40,22,113004.67994705448,-0.015900755315133352,-0.01695054990944278,-0.01838776161879518,0.11508089711990244,0.06775792399213547,0.5587075496358531,0.0005587075496358531,0.0005086186741079603,0.2034474696431841,1.4068949392863683,1.0,0.813789963722229,0.8137898785727367,8.514949234594837e-08,False,0.8408111929893494,0.7303193228755293,3.07841157913208,61,-0.10053989716938563,0.5575942503554481,-0.10290757247379848,0.0274164727223771,0.0392959261579173,0.02370264886745385,0.5554381715399879,0.9575598807831897,0.9536357930098714,0.9593638617140574,0.9904526166902407,1.019303688383316,0.9602929838087895,1.0035059331175835
full,40,23,108355.20533065422,-0.04062609074726875,-0.04114408906408695,-0.04080134535027964,0.07710940425203994,0.056597049648342904,0.031174512313944747,3.117451231394475e-05,0.0005089050172162908,0.20356200688651632,1.4071240137730323,0.9999999999999998,0.8142479062080383,0.8142480275460646,1.2133802629321622e-07,False,0.8257212042808533,0.7172123252193647,3.0171186923980713,62,-0.09748351973082339,0.5604764704725571,-0.10607848715569293,0.025609569357974177,0.02881817306791032,0.02357096384678567,0.5650868301412888,0.906604323640961,0.8950099292047539,0.9116191074982402,0.9460906818993214,1.0010145417653027,0.8916097952629467,1.0064498790647676
full,40,24,107902.6714709556,-0.0031375267106262816,-0.004176392433733911,-0.006301488502109707,0.07323888614827101,0.04861940796681558,0.5435643110956464,0.0005435643110956464,0.0004991145405386175,0.199645816215447,1.399291632430894,1.0,0.7985831499099731,0.7985832648617879,1.1495181473364369e-07,False,0.9553543925285339,0.8298102818743511,3.6495628356933594,63,0.06596027740410396,0.4058326078312738,-0.10757340810128618,0.06817240693739482,0.07967000135353633,-0.09207240811416081,0.5800105226891381,1.0798634244603893,1.039007305019145,1.1395080340749941,0.8803773584905662,0.9280405405405406,0.9914452949122017,1.0066755674232308
full,41,1,101640.92757078704,0.01796389013078059,0.01640927570787043,0.011019603134842505,0.01614435847847051,0.1024951068725601,1.0366913207939692,0.0010366913207939693,0.0004916563310793468,0.19666253243173873,1.3933250648634772,0.9999999999999998,0.7866500020027161,0.7866501297269544,1.2772423829687796e-07,False,1.0446699857711792,0.9073888204607435,5.287689685821533,41,-0.1441060538802828,0.18701668722288947,-0.052556478551455926,0.3359095965112958,0.39233558518545963,0.10688830060618262,0.17451236290591102,1.03712146290818,1.0565291374240031,1.0326546656799105,1.0463576158940397,0.9351314441789006,1.1279024006296734,1.0611111111111111
full,41,2,99291.95352733879,-0.022061306425660065,-0.023110513644342023,-0.028863639356753533,-0.007130955203396905,0.1117665134977223,0.5631553743566785,0.0005631553743566785,0.0005102968402206897,0.2041187360882759,1.4082374721765518,1.0,0.8164748549461365,0.8164749443531036,8.940696716308594e-08,False,0.9995009899139404,0.8681555291529243,4.387934684753418,42,-0.11896221339702606,0.40537451952695847,-0.08515652269124985,0.2769060954451561,0.43041159957647324,0.05308527871966362,0.03834124282002449,0.9888633335144615,1.0141533291379978,0.9796166893478648,1.0192625206384152,0.910551296093465,1.0568736915561758,0.9814136125654451
full,41,3,101639.74377664659,0.024493359353792155,0.023645322364025834,0.01762172896965237,0.016132899550100555,0.11284251567690182,0.3209792891783374,0.0003209792891783374,0.0005071258052651371,0.20285032210605486,1.4057006442121096,1.0,0.8114013671875,0.8114012884242192,7.876328078637584e-08,False,0.9323357343673706,0.8098165294339301,3.701777458190918,43,-0.10507288708218507,0.5174722807215792,-0.09777743502386979,0.1662453846739871,0.46491415665618013,0.018018477197204313,0.036200022857104025,1.026091448048592,1.0093070419373205,1.0316766856435173,1.0105291576673865,1.057337610264635,0.9290194783757015,0.9554547879434515
full,41,4,101195.12869241585,-0.003767707227836592,-0.004374421537383877,-0.009146980074386128,0.011810140545880032,0.09648442140331213,0.12235563354832793,0.00012235563354832794,0.00048683876437800275,0.1947355057512011,1.389471011502402,1.0,0.7789419293403625,0.7789420230048041,9.366444153613429e-08,False,0.9722996354103088,0.8445287328304816,3.9762277603149414,44,-0.10923187115362715,0.48961405775376726,-0.08550363459757396,0.16309468767472676,0.43890424392053057,0.019742909286703386,0.08337960711547307,1.0424386351216453,1.004133253410209,1.0662471630729378,0.9422922789206518,1.0401971937808114,0.9470504619758351,0.9678950307091011
full,41,5,103368.79865192992,0.02208002882156701,0.02147998611791846,0.016637490560607343,0.032590091941317345,0.0828492166965994,0.10898496849196293,0.00010898496849196294,0.0004782673916114229,0.19130695664456918,1.3826139132891382,0.9999999999999998,0.7652277946472168,0.7652278265782764,3.193105957421949e-08,False,0.9541218876838684,0.8287397417684366,3.8304736614227295,45,-0.10822109159614363,0.4622904879174062,-0.08308586504842555,0.1665456515869924,0.4851665419659444,0.021093582468373423,0.05621069270585263,1.0524253138754247,1.054036194252693,1.0270848634564504,0.9872412815423873,1.0051039008384979,1.121575984990619,1.0374963945774445
full,41,6,104490.02463536766,0.011479848791994929,0.010846851255505108,0.006138784268722035,0.04297084483457858,0.08483937249078402,0.12818434834480288,0.0001281843483448029,0.0004978248490286726,0.19912993961146902,1.398259879222938,0.9999999999999999,0.7965196967124939,0.7965197584458759,6.17333819619148e-08,False,0.9478102326393127,0.8232575078533819,3.8439743518829346,46,-0.10611107599522387,0.48463916379426203,-0.09301886361624515,0.1965598871133157,0.46220138269875727,0.03071282963667596,0.02501667636845792,1.0054865027130322,0.9846774920370601,1.0193239990459473,1.0485353245261344,1.019949220166848,1.0441619270659084,1.0467055879899918
full,41,7,107450.55679982823,0.028952837656944785,0.02833315596193753,0.02238598005869145,0.0693393968512237,0.07965143915907338,0.11644531573568079,0.00011644531573568079,0.0004859811001058135,0.19439244004232542,1.388784880084651,1.0,0.7775696516036987,0.7775697601693019,1.0856560317407116e-07,False,0.9413303136825562,0.8176291217611826,3.691662073135376,47,-0.09907024220696517,0.5267020328236478,-0.09532219783536025,0.15606726839074067,0.4467746777726071,0.038360477824296274,0.0264879832310336,1.0222140006378042,1.054929753081416,0.9992198688185272,0.9627499315256095,1.0142247510668565,1.0807433514899072,0.9436918990703851
full,41,8,105885.74229361107,-0.013964337164179663,-0.014563112121720234,-0.017712132533077216,0.05558578677467707,0.07917044913061175,0.1331612505018711,0.0001331612505018711,0.00047427807269351816,0.18971122907740728,1.3794224581548147,1.0,0.7588449716567993,0.7588449163096294,5.534716995825306e-08,False,0.9382564425468445,0.81495919121654,3.561734914779663,48,-0.09626010858586856,0.5586168835205692,-0.09345112049153873,0.10915143734642438,0.4336696932358401,0.03180066815444402,0.05647254682012967,1.022748062827226,1.0116330078314992,1.0125485675873276,0.8998577524893313,0.9817671809256661,0.9866587607471095,1.0382775119617225
full,41,9,113173.51594236172,0.06947821933944942,0.06882677016649086,0.05584989851241747,0.11640104871417856,0.09930726854168025,0.12397381184356565,0.00012397381184356564,0.00048533982331199307,0.19413592932479723,1.3882718586495943,1.0,0.7765437364578247,0.7765437172991887,1.915863601098522e-08,False,0.9115623831748962,0.7917730258468703,3.484719753265381,49,-0.09550885989197663,0.5377481640981776,-0.0986270694328206,0.1271967055009944,0.47686008230916094,0.01891288959554263,0.03341808782092162,1.028990413717977,1.0399761864870785,1.0121727778274432,0.9920961112867532,1.1142857142857145,0.933293269230769,0.9915966386554621
full,41,10,110591.45116198725,-0.022192745117624924,-0.02281509732090936,-0.02638111166942672,0.09577097552028302,0.11502076951062365,0.17105185187288693,0.00017105185187288693,0.0004656281694769859,0.18625126779079437,1.3725025355815887,1.0,0.7450051307678223,0.7450050711631775,5.960464477539063e-08,False,0.976213276386261,0.8479280781904944,3.8644754886627197,50,-0.09574984014034271,0.5336151197552681,-0.09050142765045166,0.1461634561419487,0.3957081809639931,0.030185692012310028,0.08057881891727448,0.9524308174608502,0.9468745137780623,0.9571047153564893,1.0296367112810707,0.9903846153846152,1.0135222150676113,0.9600874794969929
full,41,11,111178.67048160905,0.005988819272013002,0.0053098075253725785,0.0012468621044361768,0.10054689836804809,0.07058121486657783,0.19717252893107287,0.00019717252893107287,0.00047802484195147253,0.191209936780589,1.382419873561178,0.9999999999999999,0.764839768409729,0.7648397471223558,2.1287373197509396e-08,False,0.9765497446060181,0.8482203307728471,3.795302391052246,51,-0.0927232514534678,0.573343044945172,-0.09848668532712121,0.08956824136631827,0.36170238895075657,0.03975591702120643,0.1268403444971357,1.0691438500861281,1.0726581795633896,1.0583749337868538,1.0225936242649336,0.9190938511326862,1.0320838627700126,1.019362186788155
full,41,12,110721.16639682569,-0.0035146908670243837,-0.004115034680676755,-0.007693788906428248,0.096830323828065,0.07954428732890322,0.09259206269468578,9.259206269468578e-05,0.0005100507688309465,0.2040203075323786,1.4080406150647573,1.0,0.8160812258720398,0.8160812301295146,4.257474817137563e-09,False,0.9675796031951904,0.8404289649396185,3.8055694103240967,52,-0.10211447307041713,0.5640991958124297,-0.10190583446196147,0.09880628011056355,0.39876038155385424,0.03217401674815587,0.11018043330737523,0.9916662901143084,1.0025358571630094,0.9627064136965677,0.9576271186440679,0.9838028169014084,1.0421668205601724,0.9972067039106144
full,41,13,111370.45542055562,0.006553079776010273,0.0058641815730415825,0.002017707349248669,0.10209579710901473,0.06495531863402118,0.17689070211989533,0.00017689070211989534,0.0005077568042491164,0.20310272169964655,1.406205443399293,0.9999999999999999,0.8124108910560608,0.812410886798586,4.257474817137563e-09,False,0.9761041402816772,0.8478332837745002,3.8799006938934326,53,-0.0998696977538722,0.5782809262829167,-0.10323302394577435,0.07028061949781009,0.34016788059047287,0.03307737835815974,0.18129591697028705,1.0436129187650538,1.0069045203783964,1.0537813804467038,1.0290771175726925,1.0293486041517539,0.9503839338452451,1.0114845938375352
full,41,14,102911.86713254938,-0.07505479502407231,-0.07595001974325266,-0.07644935768220816,0.02829476535294939,0.052966518522856394,0.4535191772239549,0.0004535191772239549,0.0005148173509431737,0.2059269403772695,1.4118538807545389,0.9999999999999998,0.8237077593803406,0.8237077615090778,2.1287371865241766e-09,False,0.9514591693878174,0.826426934042761,3.7421774864196777,54,-0.10440092187907016,0.5651805435440369,-0.10152601849819934,0.05315738889787877,0.15251230049346173,0.028728207307202464,0.4063485001346894,0.9298536593307981,0.8801916899722919,0.9556161965613983,0.9324324324324325,0.9551460361613352,0.8760099440646364,0.9872611464968152
full,41,15,106669.9706166621,0.037308909594290895,0.03651768827857649,0.031186226763129828,0.06252903772357687,0.06096091214995312,0.2467874304524489,0.0002467874304524489,0.0005162670649588107,0.20650682598352432,1.4130136519670486,1.0,0.8260273337364197,0.8260273039340973,2.9802322387695312e-08,False,0.9568524360656738,0.8311114659580126,3.926936149597168,55,-0.10341295972466469,0.4600277580320835,-0.10309386625885963,0.04641879349946976,0.19759315624833107,0.01879372075200081,0.4836733974516392,0.9869331771848514,0.9986076251350232,0.9760156672096543,1.0082345191040842,1.0462322533673099,0.9882937211777227,1.0513323983169707
full,41,16,108530.26885309136,0.018256144300251576,0.01743975577826462,0.013507096598494462,0.0785980624874163,0.05123856330689923,0.2892255330724376,0.0002892255330724376,0.000512847670220903,0.2051390680883612,1.4102781361767225,1.0,0.8205563426017761,0.820556272353445,7.024833115210072e-08,False,0.8800517916679382,0.7644032738209116,3.2696003913879395,56,-0.10107574478856154,0.5517068593097585,-0.10406332329979964,0.039222018261040964,0.061146621991481104,0.026879060481275835,0.5261845080448049,1.0357733081792009,1.0341142880338432,1.0231835256931106,0.9411956876837635,1.048016701461378,0.9239052404881549,1.0130736392742796
full,41,17,103504.77465268645,-0.045732515002123275,-0.046305000932113316,-0.047009074446509494,0.03386099495841466,0.04544013835015714,0.09589630737900734,9.589630737900734e-05,0.0005042055834616933,0.20168223338467733,1.4033644667693548,1.0,0.8067289590835571,0.8067289335387096,2.554484757055775e-08,False,0.8722596764564514,0.7576351285435053,3.210075855255127,57,-0.10114505195191928,0.5176423782748836,-0.10053718143275805,0.040964107428278246,0.047332256500210085,0.02968300825783185,0.5660604829234737,0.9120432847339066,0.8673832471904358,0.9509451683395475,0.9694550503297468,0.9555112881806108,0.8717948717948719,1.0287068738477745
full,41,18,102192.97081622903,-0.011709247112612009,-0.012673848533647059,-0.015278809423463104,0.021459116010753676,0.05753860951604242,0.4802532749516623,0.00048025327495166233,0.0004962533499513354,0.19850133998053415,1.3970026799610682,0.9999999999999999,0.794005274772644,0.7940053599221364,8.514949234594837e-08,False,1.017901062965393,0.8841376295386495,4.057802200317383,58,-0.09530321082898549,0.28017668851784294,-0.10319812915154866,0.11930512317589351,0.1281503928559167,0.08340916463306972,0.5874599707978112,1.0000531712757406,0.9794685529360748,1.000391488535496,0.999641962047977,1.0055594162612926,1.0401069518716577,0.9831029185867896
full,41,19,99373.42231143358,-0.02662757032217611,-0.027590434863331015,-0.030417281579544236,-0.006305284390857979,0.053057623558651644,0.47870758601597385,0.00047870758601597385,0.0005109866575470993,0.20439466301883974,1.4087893260376796,1.0,0.8175787329673767,0.8175786520753592,8.089201752881081e-08,False,0.8666937351226807,0.7528006133277976,3.1902403831481934,59,-0.09815263854605813,0.5195304815258299,-0.10624202447278161,0.03774855179446082,0.03274282334106307,0.042559395411184836,0.5718134109463011,0.9160800047452287,0.912869623396696,0.9328680427305247,1.0992120343839542,1.0241879751209397,1.1696658097686377,0.9851562499999998
full,41,20,104408.08025976189,0.051811178642015676,0.050664028985032195,0.04479480359959362,0.04221972330872115,0.07460408199971016,0.5843587751899447,0.0005843587751899448,0.0005068786069750786,0.20275144279003143,1.4055028855800629,1.0,0.8110058307647705,0.8110057711601257,5.960464477539063e-08,False,0.9304001331329346,0.8081352875633687,3.6003918647766113,60,0.040838249027729034,0.5713555328547955,-0.10552617534995079,0.02442658320069313,-0.09722526744008064,0.14320699498057365,0.42292408272624016,1.0911163764566931,1.1234912300099247,1.0672516751244587,0.9214727924405344,0.9787449392712549,0.9501831501831501,0.9801744647105474
full,41,21,102641.82141745083,-0.01587483809454604,-0.016916878826971016,-0.01979144371257197,0.02573825543007835,0.06619951667858341,0.550251807485308,0.000550251807485308,0.0005091589715863976,0.20366358863455908,1.4073271772691183,1.0,0.8146541714668274,0.8146543545382365,1.8307140914330944e-07,False,0.8409014940261841,0.7303977573595442,3.0795626640319824,61,-0.10081501358321734,0.557537957493748,-0.10284857505134173,0.027343268905367174,0.03965072653123311,0.02355192920991353,0.5555797064942973,0.9575598807831897,0.9536357930098714,0.9593638617140574,0.9904526166902407,1.019303688383316,0.9602929838087895,1.0035059331175835
full,41,22,98422.85545549341,-0.04058491609438797,-0.04110377138377752,-0.04421916420415265,-0.016024169764306206,0.049134780195361855,0.031199488256658775,3.1199488256658775e-05,0.0005097505636513233,0.20390022546052933,1.4078004509210587,1.0,0.8156007528305054,0.8156009018421173,1.4901161193847656e-07,False,0.825831413269043,0.7173080515302186,3.018313407897949,62,-0.097927987575531,0.5604764670133591,-0.10597223788499832,0.025594353675842285,0.028963232412934303,0.023512257263064384,0.5653539150953293,0.906604323640961,0.8950099292047539,0.9116191074982402,0.9460906818993214,1.0010145417653027,0.8916097952629467,1.0064498790647676
full,41,23,98003.37598173841,-0.003221772761160202,-0.004262012840550833,-0.006913780017706269,-0.02037301264635638,0.05129874271312189,0.5446558621312891,0.0005446558621312891,0.0004994913988879749,0.19979655955518996,1.3995931191103799,1.0,0.7991861701011658,0.7991862382207597,6.811959396557654e-08,False,0.955357551574707,0.8298130257869932,3.6491711139678955,63,0.06534179938691001,0.40548511488097055,-0.10740637140614645,0.06822442156927924,0.08028301490204673,-0.09239018814904351,0.5804622088159834,1.0798634244603893,1.039007305019145,1.1395080340749941,0.8803773584905662,0.9280405405405406,0.9914452949122017,1.0066755674232308
full,41,24,103324.03737858453,0.05546596863094533,0.05429059298771044,0.0502434458671899,0.032170997794105594,0.046011291465441535,0.6138674723250526,0.0006138674723250526,0.0005003613313393934,0.20014453253575737,1.4002890650715147,0.9999999999999999,0.8005780577659607,0.8005781301430295,7.23770687827141e-08,False,0.9713599681854248,0.8437125482492965,4.09553337097168,64,-0.0968078241816589,0.43941449959363255,-0.10333670835409847,0.05159452025379452,0.24112513501729282,0.01570238013352665,0.4523079975375107,1.0537528861202778,1.0436698440150798,1.056726336776278,1.1337333904843547,1.097196942118675,1.0286103542234333,1.0366047745358091
full,42,1,97582.18939533454,-0.022360273223384075,-0.0241781060466546,-0.03014203270095897,-0.02477717111746891,0.10729723166980122,1.3521324545145035,0.0013521324545145035,0.0005090081265994481,0.20360325063977924,1.4072065012795585,1.0,0.8144130110740662,0.814413002559117,8.514949190185916e-09,False,1.0012962818145752,0.8697148998846268,4.377984523773193,42,-0.11979491157191141,0.4154545377407755,-0.08380833906786783,0.2557182322655405,0.43346488582236425,0.05835883053285734,0.04060676427824156,0.9888633335144615,1.0141533291379978,0.9796166893478648,1.0192625206384152,0.910551296093465,1.0568736915561758,0.9814136125654451
full,42,2,99888.87792207161,0.024472980149468748,0.023638417430787317,0.018770500811123008,-0.0011124569645790672,0.09788426683533669,0.308114444570882,0.000308114444570882,0.0005068439271833215,0.2027375708733286,1.4054751417466573,1.0,0.8109502196311951,0.8109502834933147,6.386211959252819e-08,False,0.9309061169624329,0.8085747795335355,3.673029899597168,43,-0.10655763798526355,0.5208424845976489,-0.09617993288806506,0.15576025045343808,0.468896887664284,0.019799004708017626,0.037438943449940004,1.026091448048592,1.0093070419373205,1.0316766856435173,1.0105291576673865,1.057337610264635,0.9290194783757015,0.9554547879434515
full,42,3,99517.92273801258,-0.0031135418767932466,-0.003713678557370814,-0.008717693904158594,-0.004844125045259773,0.09972051646955774,0.11790965497493752,0.00011790965497493753,0.0004842826936926161,0.19371307747704644,1.3874261549540927,1.0,0.7748523354530334,0.7748523099081854,2.554484801464696e-08,False,0.9691948294639587,0.841831932650721,3.931487560272217,44,-0.10954755225351881,0.4956673713667052,-0.08416552522352763,0.15335408172437123,0.44051325640508104,0.02161348185368947,0.08256488612719945,1.0424386351216453,1.004133253410209,1.0662471630729378,0.9422922789206518,1.0401971937808114,0.9470504619758351,0.9678950307091011
full,42,4,101720.2960261188,0.022722639218651697,0.02213041859710141,0.01742843402156464,0.016912023394791142,0.08655428836972552,0.10333030990191872,0.00010333030990191872,0.0004759001984660114,0.19036007938640456,1.3807201587728093,1.0,0.7614402770996094,0.7614403175456186,4.0446009208494615e-08,False,0.9539477825164795,0.828588515941501,3.8164405822753906,45,-0.10831554739602972,0.4684979343520744,-0.08204453199037484,0.15963876486888953,0.48188549519649576,0.022268716778073988,0.05806916819087096,1.0524253138754247,1.054036194252693,1.0270848634564504,0.9872412815423873,1.0051039008384979,1.121575984990619,1.0374963945774445
full,42,5,102834.57233402383,0.01157773516515559,0.010954316409174769,0.00565344598577896,0.02756439074610706,0.09997842731073912,0.11987391699637681,0.00011987391699637682,0.0004965996516070197,0.19863986064280786,1.3972797212856156,0.9999999999999999,0.7945593595504761,0.7945594425712312,8.30207551594242e-08,False,0.949514627456665,0.8247379263817031,3.85038685798645,46,-0.10692824343485494,0.4821268253560577,-0.09171161720795293,0.1943862669702087,0.4639752440686737,0.03244197820978503,0.025709546038082648,1.0054865027130322,0.9846774920370601,1.0193239990459473,1.0485353245261344,1.019949220166848,1.0441619270659084,1.0467055879899918
full,42,6,105724.0282586451,0.028708018986123518,0.02809809832471366,0.02199863407700101,0.05414122364541152,0.09156397644606896,0.10836716847760339,0.00010836716847760338,0.00048470835201442237,0.19388334080576897,1.387766681611538,1.0,0.7755333781242371,0.7755333632230759,1.4901161193847656e-08,False,0.9430866837501526,0.819154685418257,3.7084383964538574,47,-0.09977688454091549,0.5219831485301256,-0.09410645626485348,0.15861155278980732,0.44796121306717396,0.03935207985341549,0.025975346565246582,1.0222140006378042,1.054929753081416,0.9992198688185272,0.9627499315256095,1.0142247510668565,1.0807433514899072,0.9436918990703851
full,42,7,104121.47679160544,-0.014564834602044718,-0.015157873696593938,-0.019197743342987815,0.03958334935888774,0.09279738112928078,0.12821551997746738,0.00012821551997746738,0.00047376991116574834,0.18950796446629936,1.3790159289325987,0.9999999999999999,0.7580319046974182,0.7580318578651974,4.6832220768067145e-08,False,0.9366794228553772,0.813589409316826,3.5593490600585938,48,-0.09706853117261616,0.5551722145506314,-0.0924394332936832,0.1124582535454205,0.4378313219973019,0.03152751017894062,0.05251866419400486,1.022748062827226,1.0116330078314992,1.0125485675873276,0.8998577524893313,0.9817671809256661,0.9866587607471095,1.0382775119617225
full,42,8,111276.62089105869,0.06936148038570011,0.068719195308514,0.05769904076227596,0.1013386352026151,0.08112490162902798,0.11701143745865139,0.0001170114374586514,0.0004837938584387302,0.1935175433754921,1.3870350867509842,1.0,0.7740702033042908,0.7740701735019684,2.9802322387695312e-08,False,0.912330150604248,0.7924399001627753,3.4932916164398193,49,-0.09565664455294609,0.5349151529371738,-0.097860898822546,0.13047084584832191,0.47691256180405617,0.018878445029258728,0.03234053775668144,1.028990413717977,1.0399761864870785,1.0121727778274432,0.9920961112867532,1.1142857142857145,0.933293269230769,0.9915966386554621
full,42,9,108789.14011725248,-0.021743557028124916,-0.02235402867095937,-0.02545842580392904,0.08079060196430976,0.09820785131247402,0.1599782503076962,0.0001599782503076962,0.00046425704711249905,0.18570281884499962,1.3714056376899992,0.9999999999999999,0.742811381816864,0.7428112753799985,1.0643686554345777e-07,False,0.9732207655906677,0.8453288163393704,3.8482563495635986,50,-0.09567896808896748,0.5307858682104519,-0.09002385075603214,0.15004927877868923,0.4010750449129513,0.029828543109553185,0.07396408383335384,0.9524308174608502,0.9468745137780623,0.9571047153564893,1.0296367112810707,0.9903846153846152,1.0135222150676113,0.9600874794969929
full,42,10,109224.01795518998,0.004661747768101687,0.003997437956295924,-0.00023274293494695251,0.08445045446848709,0.07785190878248564,0.18543461497340885,0.00018543461497340887,0.0004760114289820194,0.19040457159280777,1.3808091431856155,1.0,0.7616182565689087,0.7616182863712311,2.9802322387695312e-08,False,0.9709315896034241,0.8433404633406396,3.751941680908203,51,-0.09252165630459785,0.5718286596238613,-0.09788291528820992,0.09188808873295784,0.3743779920041561,0.038460008800029755,0.11384982243180275,1.0691438500861281,1.0726581795633896,1.0583749337868538,1.0225936242649336,0.9190938511326862,1.0320838627700126,1.019362186788155
full,42,11,108742.433398128,-0.0038199953178789103,-0.004409145223530864,-0.008579430869034227,0.08039578594052788,0.09049524682150023,0.08380933531693058,8.380933531693058e-05,0.0005077747016080788,0.20310988064323154,1.4062197612864629,0.9999999999999999,0.8124396204948425,0.8124395225729257,9.792191679736106e-08,False,0.9648596048355103,0.8380664043828285,3.7835474014282227,52,-0.10167617616908892,0.5624669316623891,-0.10143370447414263,0.10343445571405546,0.4047362926815237,0.031849124601909085,0.10062307598335402,0.9916662901143084,1.0025358571630094,0.9627064136965677,0.9576271186440679,0.9838028169014084,1.0421668205601724,0.9972067039106144
full,42,12,109419.79344728097,0.0069039572022293605,0.006229031556366005,0.0024230194286898694,0.08608856908343065,0.0653952742842582,0.16474830465657375,0.00016474830465657375,0.000505774383034025,0.20230975321361,1.40461950642722,0.9999999999999999,0.8092390894889832,0.80923901285444,7.663454315576246e-08,False,0.9731049537658691,0.845228223466472,3.8462929725646973,53,-0.09942677776728359,0.5776041208633355,-0.10288297544632641,0.0732952116855553,0.3539506553539208,0.03275837217058453,0.16470139314021381,1.0436129187650538,1.0069045203783964,1.0537813804467038,1.0290771175726925,1.0293486041517539,0.9503839338452451,1.0114845938375352
full,42,13,101032.01847877302,-0.07576878982786772,-0.07665683423675274,-0.07851905687977125,0.010214766509785811,0.05290508612252804,0.4488893779260772,0.0004488893779260772,0.0005124191234686545,0.20496764938746181,1.4099352987749234,0.9999999999999999,0.81987065076828,0.8198705975498468,5.3218433215818095e-08,False,0.9603449702262878,0.834145042585639,3.807955503463745,54,-0.10390766417341574,0.5648757323090519,-0.10105998521404608,0.056684713012405796,0.16693304026765482,0.029151071927377148,0.3873230918709721,0.9298536593307981,0.8801916899722919,0.9556161965613983,0.9324324324324325,0.9551460361613352,0.8760099440646364,0.9872611464968152
full,42,14,104690.22439349398,0.03699581537251917,0.03620838195457354,0.03189599517984694,0.04480097755703594,0.053804317348063714,0.2449945344456604,0.0002449945344456604,0.0005146348902157375,0.20585395608629503,1.41170791217259,0.9999999999999999,0.8234159350395203,0.8234158243451799,1.1069434036059533e-07,False,0.9598566889762878,0.8337209268806554,3.9603419303894043,55,-0.10299598904592652,0.4641423922564302,-0.10285796704036851,0.04767148835318427,0.2044702422405992,0.018198351242712546,0.4713714819933687,0.9869331771848514,0.9986076251350232,0.9760156672096543,1.0082345191040842,1.0462322533673099,0.9882937211777227,1.0513323983169707
full,42,15,106522.93418511422,0.018330701081271217,0.017506026013773157,0.013882254430333701,0.061235021688181734,0.05103579401624193,0.29852401411959095,0.00029852401411959096,0.0005116343857454402,0.20465375429817612,1.4093075085963522,0.9999999999999999,0.8186150789260864,0.8186150171927045,6.17333819619148e-08,False,0.8828690052032471,0.7668502744063671,3.283816337585449,56,-0.10081272918198791,0.5521369094827345,-0.1038410251161882,0.04015305664922508,0.06370972496058258,0.026490481836455193,0.5221635813691786,1.0357733081792009,1.0341142880338432,1.0231835256931106,0.9411956876837635,1.048016701461378,0.9239052404881549,1.0130736392742796
full,42,16,101563.04689447186,-0.04598867225574643,-0.046561684848289486,-0.04815105728909488,0.015389917319986846,0.046119058417999764,0.09776605506028449,9.77660550602845e-05,0.0005030493970428194,0.20121975881712778,1.4024395176342555,0.9999999999999999,0.8048790693283081,0.8048790352685109,3.4059797204832876e-08,False,0.8712295889854431,0.7567404059344321,3.2047383785247803,57,-0.10082006401249341,0.5198267778115613,-0.10039969480463437,0.04105586611798831,0.04714416393211909,0.0288130124764783,0.5643799384789807,0.9120432847339066,0.8673832471904358,0.9509451683395475,0.9694550503297468,0.9555112881806108,0.8717948717948719,1.0287068738477745
full,42,17,100244.18953285112,-0.012036481061122206,-0.012985602558685416,-0.01623331563642632,0.002435947000909211,0.0655869063469737,0.46587057198796944,0.0004658705719879694,0.0004952759428748063,0.19811037714992252,1.3962207542998448,0.9999999999999999,0.7924415469169617,0.7924415085996896,3.831727202197044e-08,False,1.0142836570739746,0.8809955907037548,4.0309367179870605,58,-0.09517247123377665,0.28942970292908804,-0.10293790591614588,0.11708352821213858,0.12425527083022253,0.08031980054719107,0.5870220746312822,1.0000531712757406,0.9794685529360748,1.000391488535496,0.999641962047977,1.0055594162612926,1.0401069518716577,0.9831029185867896
full,42,18,97440.27928515301,-0.027024647951991665,-0.02797080070939406,-0.031227796338037458,-0.02626963647503633,0.05044425724183834,0.4631346879260879,0.0004631346879260879,0.0005097708318914686,0.20390833275658743,1.407816665513175,1.0,0.8156332969665527,0.8156333310263499,3.4059797204832876e-08,False,0.8647746443748474,0.7511337122836865,3.179938554763794,59,-0.09800553375056811,0.5209970468921321,-0.10590279900601932,0.037540278796638765,0.03231619617768697,0.041352092687572756,0.5717027182025569,0.9160800047452287,0.912869623396696,0.9328680427305247,1.0992120343839542,1.0241879751209397,1.1696658097686377,0.9851562499999998
full,42,19,102380.47465514072,0.05181101688825218,0.05069972506472942,0.045876550046390505,0.023251256288458477,0.0728868543420861,0.5509812629648616,0.0005509812629648617,0.0005061281299484628,0.20245125197938513,1.4049025039587701,0.9999999999999998,0.809805154800415,0.8098050079175403,1.4688287475195239e-07,False,0.9210363626480103,0.8000020198605464,3.535900831222534,60,0.03798850599144185,0.5705048103949852,-0.10520874362971103,0.023854939000947123,-0.0972425083496741,0.13064686554883206,0.43945613104317865,1.0911163764566931,1.1234912300099247,1.0672516751244587,0.9214727924405344,0.9787449392712549,0.9501831501831501,0.9801744647105474
full,42,20,100650.86521691109,-0.015883029765986656,-0.016893938459024205,-0.020100982438038907,0.006466563556194127,0.06632579411549115,0.5180923449141638,0.0005180923449141638,0.0005096597357520036,0.20386389430080143,1.4077277886016026,0.9999999999999998,0.8154556751251221,0.8154555772032053,9.792191679736106e-08,False,0.839528501033783,0.7292051907989608,3.0740251541137695,61,-0.10097554219620569,0.5575775589261736,-0.10288835210459574,0.027330990082451267,0.03850508587700979,0.0234919927482094,0.5569582666669572,0.9575598807831897,0.9536357930098714,0.9593638617140574,0.9904526166902407,1.019303688383316,0.9602929838087895,1.0035059331175835
full,42,21,96519.54662886841,-0.04052808093276661,-0.04104603153822206,-0.04504800901185371,-0.036059570239326044,0.050437504326670816,0.029735376792294904,2.9735376792294904e-05,0.000510239215301616,0.20409568612064638,1.4081913722412929,1.0,0.8163827061653137,0.8163827444825857,3.831727202197044e-08,False,0.825145959854126,0.7167126742588182,3.0160024166107178,62,-0.0981841992054667,0.5601678479995047,-0.10591148691517968,0.02559854356305938,0.02839297881083827,0.0235142119761024,0.5664221037711417,0.906604323640961,0.8950099292047539,0.9116191074982402,0.9460906818993214,1.0010145417653027,0.8916097952629467,1.0064498790647676
full,42,22,96123.38466820194,-0.003064117369736552,-0.004104473907132755,-0.006609161397724781,-0.040329575838172316,0.046783115977570185,0.545583658452545,0.000545583658452545,0.0004985153329159532,0.19940613316638128,1.3988122663327627,1.0,0.7976244688034058,0.7976245326655254,6.386211959252819e-08,False,0.9550573825836182,0.8295523023140565,3.642838716506958,63,0.0659908088190215,0.4043848770005362,-0.1068430660026414,0.0687126772744315,0.07863062194415502,-0.09256306716373988,0.5816871481282371,1.0798634244603893,1.039007305019145,1.1395080340749941,0.8803773584905662,0.9280405405405406,0.9914452949122017,1.0066755674232308
full,42,23,101262.4100111603,0.05461789767117864,0.053462800552614986,0.05073279335823523,0.012466719002847793,0.04127002965569755,0.5962893228445735,0.0005962893228445735,0.0004995864044342722,0.1998345617737089,1.399669123547418,1.0,0.799338161945343,0.7993382470948358,8.514949279003758e-08,False,0.9672579765319824,0.8401496035694901,4.041904926300049,64,-0.09686997852155141,0.44042195805481504,-0.10296458325215749,0.05064754241279193,0.22844322451523372,0.015853427882705412,0.4644684089081628,1.0537528861202778,1.0436698440150798,1.056726336776278,1.1337333904843547,1.097196942118675,1.0286103542234333,1.0366047745358091
full,42,24,100216.34785982285,-0.009113803629522299,-0.010330211884372109,-0.013627000208137317,0.002158808063186135,0.06638178536951317,0.7176361360720226,0.0007176361360720226,0.0005107143042343004,0.20428572169372017,1.4085714433874403,0.9999999999999999,0.8171427845954895,0.8171428867748807,1.0217939117040942e-07,False,1.0561697483062744,0.9173773872851227,4.6640191078186035,65,-0.11609267230544773,0.2518148667046002,-0.08819304938827244,0.16159392361130032,0.07745494161333355,0.19218682710613522,0.5212351626583508,0.9410285276370367,0.912668726840604,0.9582963540708176,1.0015122873345936,0.9499004644990046,1.0061810154525386,1.00921187308086
full,43,1,102105.11941794862,0.023009150211612095,0.0210511941794862,0.015034817907446669,0.02061717796275908,0.11164720110624826,1.4099585584231784,0.0014099585584231784,0.0005057937199515957,0.20231748798063826,1.4046349759612764,0.9999999999999998,0.8092700242996216,0.8092699519225528,7.23770687827141e-08,False,0.9370381832122803,0.8139010246034833,3.6731317043304443,43,-0.1027948803135327,0.5356478222778864,-0.09952260766710555,0.13977946128164018,0.4550457426479884,0.01907303343926156,0.052771428333861475,1.026091448048592,1.0093070419373205,1.0316766856435173,1.0105291576673865,1.057337610264635,0.9290194783757015,0.9554547879434515
full,43,2,101703.96180852676,-0.003319157118324867,-0.003928868715972977,-0.008121555571744392,0.0167541340398788,0.08517023297728218,0.12842225176947442,0.0001284222517694744,0.00048350700443344454,0.19340280177337782,1.3868056035467557,1.0,0.7736112475395203,0.7736112070935115,4.0446008764405406e-08,False,0.9729666709899902,0.8451081125734591,3.9414918422698975,44,-0.10645475850573607,0.5080733387065786,-0.08694804326764174,0.13684653623827867,0.42536524816283156,0.01870968884655408,0.10440798981913499,1.0424386351216453,1.004133253410209,1.0662471630729378,0.9422922789206518,1.0401971937808114,0.9470504619758351,0.9678950307091011
full,43,3,102964.09477841167,0.013238277860400771,0.012390205331993975,0.007476076067009243,0.0287876544225506,0.0911488863132512,0.3615001078162875,0.0003615001078162875,0.00047584255891186853,0.1903370235647474,1.380674047129495,1.0,0.7613481283187866,0.7613480942589899,3.4059796760743666e-08,False,0.9483599662780762,0.823735000425045,3.757676124572754,45,-0.10596439561673573,0.477231149162565,0.02039084264210292,0.1505740029471261,0.48455858656338285,-0.08437262794801167,0.05758244224957057,1.0524253138754247,1.054036194252693,1.0270848634564504,0.9872412815423873,1.0051039008384979,1.121575984990619,1.0374963945774445
full,43,4,104031.76356507553,0.011210021566636641,0.010369331065956278,0.0057132589895103605,0.03875512081032362,0.08508414796525311,0.33587929606437683,0.0003358792960643768,0.0004958373002175774,0.19833492008703096,1.396669840174062,1.0,0.7933396100997925,0.7933396803481241,7.024833159618993e-08,False,0.9461225867271423,0.8217916372392575,3.821258068084717,46,-0.1052094115210431,0.48810165242425035,-0.09312550856598786,0.19199589506856032,0.46268539742699694,0.030519640605364523,0.025032334561858854,1.0054865027130322,0.9846774920370601,1.0193239990459473,1.0485353245261344,1.019949220166848,1.0441619270659084,1.0467055879899918
full,43,5,106992.6660121921,0.029075378237111815,0.028461523150709933,0.02208937076884615,0.06535649846686942,0.09024013775399294,0.10932809274111474,0.00010932809274111475,0.00048736118578485084,0.19494447431394035,1.3898889486278807,0.9999999999999999,0.7797778844833374,0.7797778972557614,1.277242400732348e-08,False,0.9404338002204895,0.8168504200621275,3.686185121536255,47,-0.0988818125001022,0.527433453393834,-0.09606266181383816,0.15495841045464787,0.44799598891820225,0.03837864313806805,0.02617797840918812,1.0222140006378042,1.054929753081416,0.9992198688185272,0.9627499315256095,1.0142247510668565,1.0807433514899072,0.9436918990703851
full,43,6,105400.22225553359,-0.01429348505611061,-0.014883672087178779,-0.01840394545713528,0.051235397231338076,0.08565688443207872,0.12588887874569207,0.00012588887874569207,0.0004730356271777834,0.18921425087111338,1.3784285017422266,1.0,0.7568570971488953,0.7568570034844533,9.36644419802235e-08,False,0.9365968108177185,0.8135176534126382,3.5523300170898438,48,-0.09536763227411679,0.5577825983720166,-0.09384661859699658,0.11080876045993396,0.43559096061757635,0.03198888206056186,0.05304304936102458,1.022748062827226,1.0116330078314992,1.0125485675873276,0.8998577524893313,0.9817671809256661,0.9866587607471095,1.0382775119617225
full,43,7,112666.32927015638,0.06958455836719635,0.06893825135403175,0.056544383200341296,0.11242337752732223,0.09287194191285723,0.12067864515951696,0.00012067864515951695,0.0004837638512253761,0.19350554049015045,1.387011080980301,1.0,0.774022102355957,0.7740221619606018,5.960464477539063e-08,False,0.9099993705749512,0.7904154103522675,3.477597951889038,49,-0.09468477219343185,0.5370851755142212,-0.0988207682967186,0.12838146090507507,0.4776747226715088,0.01872345432639122,0.03164072707295418,1.028990413717977,1.0399761864870785,1.0121727778274432,0.9920961112867532,1.1142857142857145,0.933293269230769,0.9915966386554621
full,43,8,110115.86757372716,-0.022035131275939146,-0.022637301782625907,-0.026010547175236404,0.09186566656212525,0.10905672420078835,0.15234986266919548,0.0001523498626691955,0.0004635781648435763,0.18543126593743053,1.3708625318748608,0.9999999999999999,0.7417251467704773,0.7417250637497217,8.302075560351341e-08,False,0.9690228700637817,0.8416825706135045,3.80643367767334,50,-0.09437336852507933,0.5356271929506744,-0.09105789741235121,0.14597951540989534,0.4029577739004578,0.029927988669701977,0.07093879500670092,0.9524308174608502,0.9468745137780623,0.9571047153564893,1.0296367112810707,0.9903846153846152,1.0135222150676113,0.9600874794969929
full,43,9,110592.16243561733,0.004994873241773723,0.004325397169225198,0.00014065039464045137,0.09577679107037718,0.07540948227222954,0.18881037884524884,0.00018881037884524885,0.00047756034082600053,0.19102413633040022,1.3820482726608003,0.9999999999999999,0.7640964984893799,0.7640965453216007,4.6832220768067145e-08,False,0.9711817502975464,0.8435577501587325,3.7497336864471436,51,-0.09197281886424338,0.5742393673530646,-0.09905131746615684,0.09016973684941018,0.37235578309212414,0.040479724960667735,0.11377952407513345,1.0691438500861281,1.0726581795633896,1.0583749337868538,1.0225936242649336,0.9190938511326862,1.0320838627700126,1.019362186788155
full,43,10,110126.2568672948,-0.00362388545440262,-0.0042128262804678185,-0.00809341679685506,0.09195133981078851,0.08535931074532793,0.08309340689863468,8.309340689863467e-05,0.0005081641940133913,0.20326567760535652,1.406531355210713,0.9999999999999999,0.8130627274513245,0.8130627104214261,1.7029898380371833e-08,False,0.9645868539810181,0.8378294960007479,3.7766194343566895,52,-0.1013888546398708,0.5647456071206501,-0.10187682296548572,0.10072121237005505,0.4033510110207966,0.032834740621702996,0.1016131064721516,0.9916662901143084,1.0025358571630094,0.9627064136965677,0.9576271186440679,0.9838028169014084,1.0421668205601724,0.9972067039106144
full,43,11,110796.91447438857,0.006760810653761773,0.006089897415672008,0.0018188143921455645,0.09744779018087502,0.07355271955881877,0.15981481224298477,0.00015981481224298477,0.0005068151173847063,0.20272604695388252,1.405452093907765,0.9999999999999999,0.8109042048454285,0.8109041878155301,1.7029898380371833e-08,False,0.9741934537887573,0.8461736825734558,3.8499112129211426,53,-0.0993129328957626,0.5788100420364312,-0.10341311405811993,0.07351427365626606,0.3521868347057274,0.03425103638853344,0.16396386016692432,1.0436129187650538,1.0069045203783964,1.0537813804467038,1.0290771175726925,1.0293486041517539,0.9503839338452451,1.0114845938375352
full,43,12,102260.36711025663,-0.07616515463508111,-0.07704679687722904,-0.07800112698365104,0.02210403868215649,0.05314750969865027,0.44179271693740585,0.00044179271693740586,0.0005129917910588639,0.2051967164235456,1.410393432847091,0.9999999999999999,0.8207867741584778,0.8207868656941821,9.153570434961011e-08,False,0.9618353247642517,0.8354395480894734,3.8141262531280518,54,-0.10364885282303607,0.5669126396200486,-0.10154786360050952,0.05686516288135732,0.16808735180113996,0.030336593942982798,0.3829949681780168,0.9298536593307981,0.8801916899722919,0.9556161965613983,0.9324324324324325,0.9551460361613352,0.8760099440646364,0.9872611464968152
full,43,13,105922.45929962015,0.03658970851975418,0.03581145161952204,0.0308386459149955,0.05591315891625448,0.059409486382049764,0.23539131454059045,0.00023539131454059046,0.0005156765306102379,0.20627061224409515,1.4125412244881903,0.9999999999999999,0.8250824213027954,0.8250824489763806,2.7673585201171136e-08,False,0.9592615962028503,0.8332040358652065,3.9596736431121826,55,-0.10298294547413078,0.4731105494179896,-0.10328766676996437,0.047097571460264054,0.2054800468363932,0.017950421465294686,0.4626320230641535,0.9869331771848514,0.9986076251350232,0.9760156672096543,1.0082345191040842,1.0462322533673099,0.9882937211777227,1.0513323983169707
full,43,14,107780.30431433914,0.018365628352504215,0.017539670311692346,0.013851117576616147,0.07218669833820501,0.04844843690668773,0.29759883241994045,0.0002975988324199405,0.0005137926273580108,0.20551705094320433,1.4110341018864088,1.0,0.8220680356025696,0.8220682037728175,1.6817024794946178e-07,False,0.8842017650604248,0.768007894909716,3.292694568634033,56,-0.10107095033994742,0.5550999468458551,-0.1044461006032569,0.04027687146195344,0.06465976445802621,0.02693610957690648,0.5185443586004632,1.0357733081792009,1.0341142880338432,1.0231835256931106,0.9411956876837635,1.048016701461378,0.9239052404881549,1.0130736392742796
full,43,15,102705.08199493376,-0.04651447620209326,-0.04708858776835134,-0.04815063107288705,0.026338346091454246,0.04604557652272569,0.09856705261128287,9.856705261128288e-05,0.000503733100901757,0.20149324036070282,1.4029864807214056,0.9999999999999999,0.8059729337692261,0.8059729614428113,2.7673585201171136e-08,False,0.8679295182228088,0.7538740008902275,3.1906790733337402,57,-0.10071894499872414,0.5248940515198878,-0.10077429536197868,0.03997165736343178,0.04588734757687363,0.028060363871710625,0.5626798200287989,0.9120432847339066,0.8673832471904358,0.9509451683395475,0.9694550503297468,0.9555112881806108,0.8717948717948719,1.0287068738477745
full,43,16,101333.10370306828,-0.012424232788783574,-0.013358426527843692,-0.015822658780318858,0.013155658460581643,0.0527994229889251,0.45086073981864117,0.00045086073981864117,0.0004955333471298218,0.1982133388519287,1.3964266777038574,1.0,0.7928532958030701,0.7928533554077148,5.960464477539063e-08,False,1.0095114707946777,0.8768505223683287,3.9987640380859375,58,-0.09503291547298431,0.30186980962753296,-0.1031804233789444,0.11323138326406479,0.11941500008106232,0.07736726850271225,0.5863298773765564,1.0000531712757406,0.9794685529360748,1.000391488535496,0.999641962047977,1.0055594162612926,1.0401069518716577,0.9831029185867896
full,43,17,98417.56418625033,-0.0278411924300338,-0.028771836747063628,-0.03160806869079502,-0.016078794743944247,0.04747230972538263,0.4483319542237691,0.0004483319542237691,0.0005094231425651482,0.2037692570260593,1.4075385140521184,0.9999999999999998,0.815077006816864,0.8150770281042368,2.1287372753420186e-08,False,0.8604015707969666,0.7473353088360254,3.160529613494873,59,-0.09781804574387415,0.5260357867394174,-0.10595121128218515,0.03604784341795103,0.03104293825370924,0.04014904903514044,0.570493639579841,0.9160800047452287,0.912869623396696,0.9328680427305247,1.0992120343839542,1.0241879751209397,1.1696658097686377,0.9851562499999998
full,43,18,103414.51263257326,0.051881188667711076,0.05077293354737433,0.0455512234751045,0.03301773170565392,0.07090605948987329,0.5476386483226503,0.0005476386483226503,0.0005065102116870029,0.20260408467480118,1.4052081693496024,0.9999999999999999,0.8104164004325867,0.8104163386992047,6.17333819619148e-08,False,0.9222371578216553,0.8010450172961666,3.543750286102295,60,0.03843233388449463,0.5710462967732123,-0.10530917692397324,0.023947878075497475,-0.09729490775082794,0.1320654491760901,0.4371121267655066,1.0911163764566931,1.1234912300099247,1.0672516751244587,0.9214727924405344,0.9787449392712549,0.9501831501831501,0.9801744647105474
full,43,19,101661.75170471202,-0.015934945060507744,-0.01694888737800959,-0.019792908428509795,0.016345888958698596,0.06242131363108943,0.5207172041492802,0.0005207172041492802,0.0005101750471762249,0.20407001887048998,1.40814003774098,1.0,0.8162800669670105,0.8162800754819601,8.514949634275126e-09,False,0.8386273980140686,0.7284225026607842,3.070650100708008,61,-0.10094957532627244,0.5585362937833582,-0.10312044354421754,0.027140485921076346,0.037807012775114585,0.023598759302071143,0.5569874670888697,0.9575598807831897,0.9536357930098714,0.9593638617140574,0.9904526166902407,1.019303688383316,0.9602929838087895,1.0035059331175835
full,43,20,97481.51663908716,-0.04060192464445145,-0.041119054074209016,-0.044583997044414826,-0.02583549628425663,0.04805223602919194,0.02924826368689537,2.924826368689537e-05,0.000509911510827286,0.2039646043309144,1.407929208661829,1.0,0.8158584237098694,0.8158584173236578,6.38621155957253e-09,False,0.8241891860961914,0.7158816311318166,3.011993408203125,62,-0.0980135604207005,0.5608946130211865,-0.1059510439102139,0.02536476110773425,0.027905746230057288,0.02348221918301921,0.5663172647889172,0.906604323640961,0.8950099292047539,0.9116191074982402,0.9460906818993214,1.0010145417653027,0.8916097952629467,1.0064498790647676
full,43,21,97134.59383151955,-0.002529542232255211,-0.0035588573047344862,-0.006158983807888228,-0.029499337521815328,0.049902851406590655,0.5344384126365185,0.0005344384126365185,0.0004980197602084705,0.19920790408338823,1.3984158081667764,1.0,0.7968316078186035,0.7968316163335527,8.514949190185916e-09,False,0.9507558941841125,0.8258160769623042,3.6160671710968018,63,0.06472442192690711,0.41041448605912073,-0.10693128513438363,0.06698366893189292,0.0757054377879415,-0.0922766189490046,0.5813798893775259,1.0798634244603893,1.039007305019145,1.1395080340749941,0.8803773584905662,0.9280405405405406,0.9914452949122017,1.0066755674232308
full,43,22,102283.0893872407,0.05414886215639969,0.05300372763848937,0.04985588960597511,0.02232127911777282,0.039294540672260674,0.5873550038252559,0.0005873550038252559,0.0004995474219322204,0.19981896877288818,1.3996379375457764,1.0,0.799275815486908,0.7992758750915527,5.960464477539063e-08,False,0.9645127654075623,0.8377651434835,4.010951042175293,64,-0.09675194695591927,0.44588708505034447,-0.10306702181696892,0.0495760478079319,0.22179880365729332,0.015970654785633087,0.4665863774716854,1.0537528861202778,1.0436698440150798,1.056726336776278,1.1337333904843547,1.097196942118675,1.0286103542234333,1.0366047745358091
full,43,23,101173.35498638367,-0.00964712987110361,-0.01084963709548914,-0.014105416263638294,0.011597470366991214,0.06763215025713379,0.7045105685080801,0.0007045105685080801,0.0005104481668344566,0.20417926673378264,1.4083585334675652,1.0,0.8167170882225037,0.8167170669351305,2.1287373197509396e-08,False,1.0539586544036865,0.9154568555233951,4.638516902923584,65,-0.115470894745418,0.2591765512313161,-0.08870837198836465,0.1552669246281896,0.07497300101178031,0.19296936584370475,0.5217934240187918,0.9410285276370367,0.912668726840604,0.9582963540708176,1.0015122873345936,0.9499004644990046,1.0061810154525386,1.00921187308086
full,43,24,107159.20959095588,0.060649210341568116,0.059164338331745725,0.05213428493282688,0.06680909292149273,0.06154675243349271,0.9039766288229398,0.0009039766288229398,0.0004969694625054087,0.1987877850021635,1.3975755700043269,0.9999999999999999,0.7951511144638062,0.7951511400086537,2.554484757055775e-08,False,0.9586018323898315,0.8326309722984996,3.8179404735565186,66,-0.09727769291826657,0.5641851355986935,-0.10151009208389691,0.04430659168532916,0.20375952922872134,0.026938882257257185,0.35959764623216217,1.0617528584451108,1.1068239035899863,1.0283217793331279,1.064175160437901,0.9811386657352429,1.100043878894252,1.0210446247464502
full,44,1,99425.2739861238,-0.0039428832283839865,-0.005747260138762034,-0.010819839607023592,-0.005780482072962778,0.10078715068121627,1.326152649308954,0.001326152649308954,0.0004870096567486013,0.19480386269944053,1.3896077253988812,1.0,0.7792155146598816,0.7792154507977624,6.386211914843898e-08,False,0.9744582176208496,0.8464036535160263,3.9994029998779297,44,-0.10962247795292307,0.48364795052579473,-0.08518138474651746,0.16693996691278049,0.4410598357873304,0.02065229841641017,0.08250381105712482,1.0424386351216453,1.004133253410209,1.0662471630729378,0.9422922789206518,1.0401971937808114,0.9470504619758351,0.9678950307091011
full,44,2,101561.10662086979,0.022067818525641103,0.021481787770019967,0.016500178662892495,0.015371106842085092,0.09302820504310745,0.09679602831602097,9.679602831602097e-05,0.0004767459790621484,0.19069839162485938,1.381396783249719,1.0,0.7627936601638794,0.7627935664994379,9.366444153613429e-08,False,0.9577389359474182,0.8318814699717114,3.8571527004241943,45,-0.10801815560885836,0.45950098761490415,-0.08268023601600102,0.16873556801251002,0.4824394775288446,0.021769598658595762,0.05825275981000491,1.0524253138754247,1.054036194252693,1.0270848634564504,0.9872412815423873,1.0051039008384979,1.121575984990619,1.0374963945774445
full,44,3,102699.66705330707,0.011838266042170309,0.011210594983841249,0.006724555130592943,0.02628700881674506,0.08382693688134053,0.12385457647698264,0.00012385457647698264,0.0004966653630669628,0.1986661452267851,1.39733229045357,1.0,0.7946645617485046,0.7946645809071402,1.915863556689601e-08,False,0.9500834941864014,0.8252320377450287,3.866326332092285,46,-0.10652266682258674,0.478615132559623,-0.09214347840419837,0.20082908629306725,0.46277451275714804,0.03099373488553933,0.025453678731407442,1.0054865027130322,0.9846774920370601,1.0193239990459473,1.0485353245261344,1.019949220166848,1.0441619270659084,1.0467055879899918
full,44,4,105551.89366220638,0.028386998462703206,0.027772501028838104,0.02186559425806766,0.05259871206076028,0.08892217971895111,0.11427749853048999,0.00011427749853048999,0.0004834362997540406,0.19337451990161625,1.3867490398032323,0.9999999999999999,0.773497998714447,0.7734980796064646,8.089201752881081e-08,False,0.9433076977729797,0.8193466557593311,3.713866949081421,47,-0.09921656070011003,0.5209228295300687,-0.09415795920150621,0.16193651141864912,0.446542819163629,0.0378377969775881,0.026134562811681195,1.0222140006378042,1.054929753081416,0.9992198688185272,0.9627499315256095,1.0142247510668565,1.0807433514899072,0.9436918990703851
full,44,5,103941.61216896493,-0.014660801556077185,-0.01525582760641675,-0.019089525852514777,0.037921406900612076,0.08824441384733153,0.13071865056242274,0.00013071865056242274,0.0004733431645269905,0.18933726581079618,1.3786745316215925,1.0,0.7573490142822266,0.757349063243185,4.896095839868053e-08,False,0.9374922513961792,0.8142954232168336,3.5662388801574707,48,-0.09671468154660293,0.5549672184778112,-0.09262258426419326,0.11422356351145677,0.4361489651990788,0.030585273568119326,0.05341224505433015,1.022748062827226,1.0116330078314992,1.0125485675873276,0.8998577524893313,0.9817671809256661,0.9866587607471095,1.0382775119617225
full,44,6,111073.97628791252,0.06926305972597935,0.06861894837029658,0.057483106230795555,0.09969910736973975,0.08589188476664228,0.11814901924559054,0.00011814901924559055,0.00048442060127854345,0.1937682405114174,1.3875364810228348,1.0,0.7750729322433472,0.7750729620456696,2.9802322387695312e-08,False,0.91319739818573,0.7931931818409385,3.501704216003418,49,-0.09566834568977356,0.5340914726257324,-0.09809989482164383,0.1320248246192932,0.47637587785720825,0.018675148487091064,0.03260091692209244,1.028990413717977,1.0399761864870785,1.0121727778274432,0.9920961112867532,1.1142857142857145,0.933293269230769,0.9915966386554621
full,44,7,108609.21672607392,-0.021573734537096545,-0.022190252336422578,-0.025760209187053032,0.07926782814194722,0.10657859918521004,0.16571319582206867,0.00016571319582206866,0.00046459706899310867,0.18583882759724346,1.3716776551944867,0.9999999999999999,0.7433553338050842,0.7433553103889734,2.3416110828122783e-08,False,0.9754744172096252,0.8472863132638615,3.8715829849243164,50,-0.09571783324437483,0.5285548038248504,-0.09012099435286863,0.15318763921303408,0.3991054363016571,0.029475947043725415,0.07551500121397631,0.9524308174608502,0.9468745137780623,0.9571047153564893,1.0296367112810707,0.9903846153846152,1.0135222150676113,0.9600874794969929
full,44,8,109068.10973388006,0.0048929740188725646,0.0042251755572781935,-0.00011577079941805634,0.08314171535571424,0.0797931602637016,0.18863421093140345,0.00018863421093140344,0.0004761335493198464,0.19045341972793856,1.380906839455877,0.9999999999999999,0.761813759803772,0.761813678911754,8.089201797290002e-08,False,0.9727638959884644,0.8449319844449978,3.768188238143921,51,-0.09247901769621034,0.5710450511957919,-0.09797440203172822,0.09418713567512374,0.37164224205272534,0.03788600010531287,0.11569299069898467,1.0691438500861281,1.0726581795633896,1.0583749337868538,1.0225936242649336,0.9190938511326862,1.0320838627700126,1.019362186788155
full,44,9,108571.79828199436,-0.003955056710111093,-0.0045504726642524584,-0.00890919750197883,0.07895050480540766,0.09435973903344505,0.09038966681276059,9.038966681276058e-05,0.0005075692837791785,0.20302771351167137,1.4060554270233427,0.9999999999999999,0.8121107816696167,0.8121108540466855,7.23770687827141e-08,False,0.9653769135475159,0.8385157330209575,3.7899885177612305,52,-0.10164827640567509,0.5612087196537426,-0.10137943710599628,0.10611561898674282,0.40490859214748653,0.03145098154033932,0.09934380118335995,0.9916662901143084,1.0025358571630094,0.9627064136965677,0.9576271186440679,0.9838028169014084,1.0421668205601724,0.9972067039106144
full,44,10,109259.04525067887,0.007002887403497082,0.006329884735808866,0.0016414945246728627,0.08474396997919342,0.08303941298225796,0.16295455076864798,0.00016295455076864799,0.00050559135686074,0.20223654274429598,1.4044730854885918,0.9999999999999999,0.8089461922645569,0.8089461709771837,2.1287373197509396e-08,False,0.973189651966095,0.8453017913884424,3.8461358547210693,53,-0.09930836143238206,0.5770288732435023,-0.10292818131191392,0.07536097136991363,0.3557347085859094,0.03232972217457633,0.16178226737039428,1.0436129187650538,1.0069045203783964,1.0537813804467038,1.0290771175726925,1.0293486041517539,0.9503839338452451,1.0114845938375352
full,44,11,100866.8689078548,-0.07592704788544413,-0.07680990002767685,-0.07882474823901749,0.008594188728577756,0.05349933976803635,0.44451515376567835,0.00044451515376567834,0.00051133378009711,0.204533512038844,1.409067024077688,0.9999999999999999,0.8181340098381042,0.8181340481553758,3.831727157788123e-08,False,0.9637734293937683,0.8371229643813738,3.832589864730835,54,-0.10368334980947633,0.5638031986142908,-0.10085016222936768,0.05936868009822707,0.17024956909673553,0.029150239058903266,0.3819618251706872,0.9298536593307981,0.8801916899722919,0.9556161965613983,0.9324324324324325,0.9551460361613352,0.8760099440646364,0.9872611464968152
full,44,12,104534.08804110499,0.037154311580697374,0.03635702359909976,0.031820063913474396,0.04337425356714342,0.05920001850182526,0.2549275021467891,0.0002549275021467891,0.0005140945980591434,0.20563783922365736,1.4112756784473146,0.9999999999999999,0.822551429271698,0.8225513568946292,7.23770687827141e-08,False,0.9649449586868286,0.838140541796102,4.002986431121826,55,-0.10276670221771514,0.45731875832591734,-0.10287113700594222,0.051112921642405634,0.2090720140508243,0.018447661506278162,0.4696864836982318,0.9869331771848514,0.9986076251350232,0.9760156672096543,1.0082345191040842,1.0462322533673099,0.9882937211777227,1.0513323983169707
full,44,13,106343.91843383943,0.01814596026719406,0.017313303503664557,0.013548911646070945,0.05965473651214226,0.05463142597855794,0.30662867107561664,0.00030662867107561666,0.0005115226177232606,0.20460904708930427,1.4092180941786085,0.9999999999999999,0.8184362053871155,0.8184361883572171,1.7029898380371833e-08,False,0.887270450592041,0.7706733212958706,3.307194471359253,56,-0.10056550960455624,0.5497623740562371,-0.10404353748474804,0.042626524610178795,0.06541647602404865,0.026716960860150185,0.5200867115386895,1.0357733081792009,1.0341142880338432,1.0231835256931106,0.9411956876837635,1.048016701461378,0.9239052404881549,1.0130736392742796
full,44,14,101436.35022814161,-0.045569570907488144,-0.04614808517471536,-0.047879017444716634,0.014160113459436463,0.04768788784021682,0.10354616918734141,0.00010354616918734141,0.0005027732120028564,0.2011092848011426,1.4022185696022853,1.0,0.8044371604919434,0.8044371392045706,2.1287372753420186e-08,False,0.8762216567993164,0.7610764609441362,3.228168487548828,57,-0.10059971096260209,0.5148451950933253,-0.1005095738385405,0.04369380963700156,0.04859477175133567,0.029481551476887274,0.5644939568425928,0.9120432847339066,0.8673832471904358,0.9509451683395475,0.9694550503297468,0.9555112881806108,0.8717948717948719,1.0287068738477745
full,44,15,100150.93973585794,-0.011711599812782247,-0.01267208933870978,-0.015182691173581588,0.0015071225118409304,0.050594004519721104,0.47798590787819445,0.00047798590787819444,0.0004943583639604705,0.1977433455841882,1.3954866911683763,0.9999999999999999,0.7909733653068542,0.7909733823367526,1.7029898380371833e-08,False,1.018233299255371,0.8844262063135004,4.057989597320557,58,-0.09474102620567595,0.2783449866941997,-0.10300231937851226,0.1227651440671512,0.12686814154897416,0.08252580996070588,0.5872392633131571,1.0000531712757406,0.9794685529360748,1.000391488535496,0.999641962047977,1.0055594162612926,1.0401069518716577,0.9831029185867896
full,44,16,97455.94671800485,-0.025952856632384114,-0.026909313332066254,-0.030366278241393947,-0.02610464899957865,0.05509013459948732,0.47286821901798237,0.0004728682190179824,0.0005095550710601467,0.20382202842405867,1.407644056848117,0.9999999999999998,0.8152881860733032,0.815288113696234,7.237706922680331e-08,False,0.8704657554626465,0.7560769485663456,3.205521821975708,59,-0.09772246543850219,0.5147790962031908,-0.10609956298555648,0.039929510759455805,0.0335765347949096,0.04303158606801713,0.572505300598485,0.9160800047452287,0.912869623396696,0.9328680427305247,1.0992120343839542,1.0241879751209397,1.1696658097686377,0.9851562499999998
full,44,17,102377.3382983775,0.051613672518250775,0.050498627801677465,0.04576620825600641,0.023221333333054317,0.07119548153253107,0.5553140874419894,0.0005553140874419894,0.0005055662670305798,0.20222650681223192,1.4044530136244637,1.0,0.8089060187339783,0.8089060272489275,8.514949190185916e-09,False,0.9200255870819092,0.7991240713589458,3.530714988708496,60,0.03741615531699996,0.569262440183333,-0.10505997868520875,0.023637360760143805,-0.09716652812702317,0.13002708075301986,0.4418834697987352,1.0911163764566931,1.1234912300099247,1.0672516751244587,0.9214727924405344,0.9787449392712549,0.9501831501831501,0.9801744647105474
full,44,18,100653.84276427093,-0.015825854745485923,-0.01683473669811053,-0.01986590856297471,0.00649595431544725,0.06281059090735282,0.5155883277101176,0.0005155883277101177,0.0005100425692009075,0.204017027680363,1.408034055360726,0.9999999999999999,0.8160679936408997,0.816068110721452,1.1708055236425707e-07,False,0.8408102989196777,0.7303185462964795,3.079662561416626,61,-0.10104597705815521,0.556235719738262,-0.1029710506222078,0.02800805707062992,0.038640417424695817,0.02372176971818718,0.557411063728588,0.9575598807831897,0.9536357930098714,0.9593638617140574,0.9904526166902407,1.019303688383316,0.9602929838087895,1.0035059331175835
full,44,19,96532.3613825023,-0.04042811260345347,-0.04094708427000693,-0.0450351980530964,-0.03592203244420222,0.0523442258689385,0.03034614718386089,3.034614718386089e-05,0.0005106368301702398,0.2042547320680959,1.4085094641361915,0.9999999999999998,0.8170188665390015,0.817018928272383,6.173338151782559e-08,False,0.826230525970459,0.7176547164179835,3.0206174850463867,62,-0.09817633431937015,0.5588478406092949,-0.10607839774872577,0.02609052854989255,0.028492219480020647,0.023792346673352366,0.5670317967555352,0.906604323640961,0.8950099292047539,0.9116191074982402,0.9460906818993214,1.0010145417653027,0.8916097952629467,1.0064498790647676
full,44,20,96053.41977602038,-0.00390186698164785,-0.0049614616240885034,-0.007482702388084279,-0.04108734736548003,0.0463477493361294,0.5658685213753155,0.0005658685213753155,0.000498442891985178,0.1993771567940712,1.3987543135881424,1.0,0.7975085973739624,0.7975086271762848,2.9802322387695312e-08,False,0.9622220396995544,0.8357754444144165,3.686342477798462,63,0.06963592022657394,0.3930046856403351,-0.10694249719381332,0.07284895330667496,0.08116153627634048,-0.09243465960025787,0.5827260613441467,1.0798634244603893,1.039007305019145,1.1395080340749941,0.8803773584905662,0.9280405405405406,0.9914452949122017,1.0066755674232308
full,44,21,101208.41044536226,0.05482646193172114,0.05366795561638926,0.05086156047034887,0.011939822392671884,0.04331218575606089,0.5994338526257447,0.0005994338526257447,0.0004994606213378055,0.19978424853512222,1.3995684970702444,0.9999999999999999,0.7991370558738708,0.7991369941404889,6.17333819619148e-08,False,0.9699315428733826,0.8424718337876348,4.05919885635376,64,-0.09686040479157654,0.43249632072235855,-0.10292384374354568,0.053196408120649186,0.22875085127140793,0.016182663185255852,0.4691580052354506,1.0537528861202778,1.0436698440150798,1.056726336776278,1.1337333904843547,1.097196942118675,1.0286103542234333,1.0366047745358091
full,44,22,100291.26640823987,-0.007831524420359393,-0.009061935002106503,-0.01220121621471663,0.002904205108491209,0.0633119786107191,0.7300044856965542,0.0007300044856965542,0.0005108877351241453,0.20435509404965813,1.4087101880993163,0.9999999999999999,0.8174203634262085,0.8174203761986325,1.277242400732348e-08,False,1.0577967166900635,0.918790554067744,4.6779327392578125,65,-0.11653240557227817,0.23690112893070492,-0.08782268847737995,0.17027277712311062,0.07901580099548611,0.1952437109180859,0.5229216760822705,0.9410285276370367,0.912668726840604,0.9582963540708176,1.0015122873345936,0.9499004644990046,1.0061810154525386,1.00921187308086
full,44,23,106185.47335162967,0.0603015530473856,0.05877088957474297,0.05171709807998485,0.058251596535683126,0.07260586694414131,0.9475946298667363,0.0009475946298667363,0.000497059840708971,0.1988239362835884,1.3976478725671768,1.0,0.795295774936676,0.7952957451343536,2.9802322387695312e-08,False,0.9603350162506104,0.8341363966722196,3.836493492126465,66,-0.09743224829435349,0.5622985363006592,-0.10139168798923492,0.0453731007874012,0.20831555128097534,0.026374537497758865,0.3564622104167938,1.0617528584451108,1.1068239035899863,1.0283217793331279,1.064175160437901,0.9811386657352429,1.100043878894252,1.0210446247464502
full,44,24,105569.82530155,-0.0050250164232407135,-0.005797855682584507,-0.009158472943563662,0.05275963359454583,0.07333020004852732,0.2740063986607961,0.00027400639866079614,0.0005030378246945994,0.2012151298778398,1.4024302597556795,0.9999999999999999,0.8048604130744934,0.804860519511359,1.0643686554345777e-07,False,1.0399739742279053,0.9033099166603479,4.370429992675781,67,-0.10431406859840667,0.5515045427850314,-0.09690106127943313,0.13030529554401124,0.17836069102798188,0.073954915361745,0.26708968515907017,0.9738875049333385,0.9888637987703586,0.9580667059670183,0.9741042923022349,1.0316838732645068,0.9409652971679298,0.9865905140302956
full,45,1,100363.03350088558,0.005513621874061236,0.0036303350088557895,-0.001043509460302493,0.003617203348904141,0.09321425618413268,1.3920947701803277,0.0013920947701803277,0.0004826214843030486,0.19304859372121946,1.386097187442439,1.0,0.7721944451332092,0.7721943748848781,7.024833115210072e-08,False,0.9746589064598083,0.846577969626705,4.067375183105469,45,-0.10531869770160743,0.37249857692846233,0.027438107345785417,0.2545267096055406,0.4975935271275895,-0.08772989601961204,0.040991672713841715,1.0524253138754247,1.054036194252693,1.0270848634564504,0.9872412815423873,1.0051039008384979,1.121575984990619,1.0374963945774445
full,45,2,101900.94311427847,0.016178544657510674,0.015323466815890141,0.010180953699595593,0.018654813745409782,0.09713313393820093,0.3410978471594196,0.0003410978471594196,0.0005007205584219524,0.20028822336878097,1.4005764467375619,0.9999999999999999,0.801152765750885,0.8011528934751238,1.2772423874096717e-07,False,0.9616951942443848,0.8353178322664245,4.068267822265625,46,-0.10905325146658079,0.409450071730784,-0.09123497190220017,0.27059032289045193,0.4687544581081186,0.029803919472864676,0.021689451166561652,1.0054865027130322,0.9846774920370601,1.0193239990459473,1.0485353245261344,1.019949220166848,1.0441619270659084,1.0467055879899918
full,45,3,104278.89157834486,0.02400519341175844,0.023335882783730444,0.01727896867449347,0.04103315171057542,0.10198738581344338,0.15939863984073904,0.00015939863984073903,0.000494435408285686,0.1977741633142744,1.3955483266285489,1.0,0.7910966277122498,0.7910966532570978,2.554484801464696e-08,False,0.9529002904891968,0.8276786759269278,3.908414363861084,47,-0.10186752623745374,0.4777372484760625,-0.09590663707682065,0.21650472336581775,0.4495085483150823,0.03403033741882869,0.019993305738483153,1.0222140006378042,1.054929753081416,0.9992198688185272,0.9627499315256095,1.0142247510668565,1.0807433514899072,0.9436918990703851
full,45,4,102107.50039513834,-0.020214329442024725,-0.020822921593630084,-0.02472479163419435,0.02064001554227335,0.08663310931784553,0.1473018367375647,0.0001473018367375647,0.0004740394026573215,0.1896157610629286,1.3792315221258573,1.0,0.7584630846977234,0.7584630442517146,4.0446008764405406e-08,False,0.9360897541046143,0.8130772295476117,3.6478700637817383,48,-0.09637069569102355,0.5305128185344594,-0.09324506537190505,0.1584959863019841,0.4417900828910725,0.026106621537889757,0.03271025179752282,1.022748062827226,1.0116330078314992,1.0125485675873276,0.8998577524893313,0.9817671809256661,0.9866587607471095,1.0382775119617225
full,45,5,109035.10834509566,0.06844373342135568,0.06784622014199426,0.0576741075489744,0.08286421210771477,0.09100178032934042,0.07569608305181788,7.569608305181788e-05,0.000483697358784931,0.19347894351397243,1.3869578870279446,0.9999999999999999,0.7739156484603882,0.7739157740558893,1.2559550111035378e-07,False,0.9159299731254578,0.7955666662763602,3.5766966342926025,49,-0.0942407034869705,0.5160350642566169,-0.09923824002700193,0.16041336873812334,0.4755907497767891,0.016849872789212628,0.024589887953230305,1.028990413717977,1.0399761864870785,1.0121727778274432,0.9920961112867532,1.1142857142857145,0.933293269230769,0.9915966386554621
full,45,6,106867.47151196204,-0.01930703015711921,-0.01988017314820345,-0.02423997178271573,0.0642615700998721,0.11274659549746119,0.1227007508277893,0.00012270075082778932,0.0004618966246822051,0.18475864987288204,1.3695172997457639,0.9999999999999999,0.7390344738960266,0.7390345994915277,1.2559550111035378e-07,False,0.9627140760421753,0.8362028217514087,3.8285558223724365,50,-0.09305566629128798,0.5154926619891609,-0.09170298358159407,0.17869064132017748,0.4147827766303505,0.026876264384814663,0.04891630554837839,0.9524308174608502,0.9468745137780623,0.9571047153564893,1.0296367112810707,0.9903846153846152,1.0135222150676113,0.9600874794969929
full,45,7,107002.95329432575,0.0019322204894325345,0.0012677551030908507,-0.0033463276505444626,0.0654463552521134,0.09062225605571518,0.1889657468668053,0.0001889657468668053,0.00047443822558437083,0.18977529023374834,1.3795505804674966,1.0,0.759101152420044,0.7591011609349931,8.514949190185916e-09,False,0.9564635157585144,0.8307736540714136,3.6593706607818604,51,-0.09012581886989732,0.5682514336492335,-0.09964947136385102,0.10653624204652648,0.40040079025285585,0.03631422562258582,0.07827259866254668,1.0691438500861281,1.0726581795633896,1.0583749337868538,1.0225936242649336,0.9190938511326862,1.0320838627700126,1.019362186788155
full,45,8,106430.68131840447,-0.004777601316854563,-0.0053481886088430075,-0.010074924151042764,0.06042131121162386,0.10099760221106456,0.06649179118020201,6.649179118020201e-05,0.0005069990402885846,0.20279961611543385,1.4055992322308675,0.9999999999999999,0.8111984729766846,0.8111984644617349,8.514949634275126e-09,False,0.9563403129577637,0.8306666414783714,3.736292839050293,52,-0.10064970222967012,0.558392589113542,-0.10214991388576372,0.12147981407386915,0.41870311381561415,0.030659669211932583,0.0735644299004759,0.9916662901143084,1.0025358571630094,0.9627064136965677,0.9576271186440679,0.9838028169014084,1.0421668205601724,0.9972067039106144
full,45,9,107168.24373689113,0.007589268733228627,0.0069299793006127874,0.0029614451167882263,0.06688775972189953,0.07010006786974884,0.15031377971172333,0.00015031377971172334,0.0005042239784130029,0.20168959136520115,1.403379182730402,0.9999999999999999,0.8067582249641418,0.8067583654608041,1.4049666230420144e-07,False,0.965997576713562,0.8390548341972265,3.7703440189361572,53,-0.09800710050123079,0.5768303099487508,-0.10368249086397036,0.0854861411665167,0.38107247384531157,0.03323301779372351,0.12506764861089842,1.0436129187650538,1.0069045203783964,1.0537813804467038,1.0290771175726925,1.0293486041517539,0.9503839338452451,1.0114845938375352
full,45,10,98691.76044092023,-0.07824244065804797,-0.07909510317983304,-0.08292692668223303,-0.013255813385383064,0.05566707149900863,0.4170183837413788,0.0004170183837413788,0.0005084496310779027,0.20337985243116108,1.406759704862322,0.9999999999999999,0.8135193586349487,0.8135194097246439,5.10896951411155e-08,False,0.9831129312515259,0.8539210422605374,3.972135543823242,54,-0.10244708401816233,0.5660553585205759,-0.10093276841299875,0.07030070679528372,0.2042060803089823,0.03199058877570288,0.3308271180306162,0.9298536593307981,0.8801916899722919,0.9556161965613983,0.9324324324324325,0.9551460361613352,0.8760099440646364,0.9872611464968152
full,45,11,102179.54633662182,0.03613362431463685,0.03534019334663174,0.031523429533757835,0.021330554056694262,0.061258758166389884,0.2504707425832748,0.0002504707425832748,0.0005155838413962296,0.20623353655849186,1.4124670731169837,1.0,0.824934184551239,0.8249341462339674,3.831727157788123e-08,False,0.9746319651603699,0.8465545687113422,4.112904071807861,55,-0.1024892952825342,0.47234866502029554,-0.10374424127595766,0.05594153436166899,0.23196404161197798,0.017674767545291348,0.42830452801925795,0.9869331771848514,0.9986076251350232,0.9760156672096543,1.0082345191040842,1.0462322533673099,0.9882937211777227,1.0513323983169707
full,45,12,103954.58894722075,0.01824226241886473,0.017371799682406097,0.014340510842472048,0.038041504345984634,0.047408788936366485,0.34055288402097567,0.00034055288402097566,0.0005146807339042425,0.205872293561697,1.411744587123394,1.0,0.823489248752594,0.823489174246788,7.450580596923828e-08,False,0.8971861600875854,0.7792859971320119,3.365776777267456,56,-0.10084872134029865,0.5547751244157553,-0.10502357222139835,0.04568002559244633,0.07322843931615353,0.02723650634288788,0.504952197894454,1.0357733081792009,1.0341142880338432,1.0231835256931106,0.9411956876837635,1.048016701461378,0.9239052404881549,1.0130736392742796
full,45,13,99047.05730277994,-0.04661466310009976,-0.047208417580607565,-0.05047293502731922,-0.009621110643468933,0.05620640075731307,0.11864358718906129,0.00011864358718906129,0.0005043358369065183,0.20173433476260733,1.4034686695252143,0.9999999999999998,0.8069373965263367,0.8069373390504286,5.747590803295566e-08,False,0.8714144229888916,0.7569009507099637,3.2093536853790283,57,-0.10044460025216853,0.5245168280920811,-0.1012897345104388,0.04230289507125104,0.047542072566492205,0.02748595710311616,0.5598865819296666,0.9120432847339066,0.8673832471904358,0.9509451683395475,0.9694550503297468,0.9555112881806108,0.8717948717948719,1.0287068738477745
full,45,14,97707.85154316822,-0.012596134643084067,-0.0135209040639932,-0.016521731713642393,-0.02345920435901805,0.05367275996186552,0.4422852301171848,0.0004422852301171848,0.0004947201614933354,0.1978880645973342,1.3957761291946684,0.9999999999999999,0.7915522456169128,0.7915522583893368,1.277242400732348e-08,False,1.0079704523086548,0.8755120107183474,3.9891631603240967,58,-0.09458964105163303,0.3053829020687512,-0.10329842354570118,0.11501457009996685,0.11687935356582912,0.07496115778173718,0.5856500810810498,1.0000531712757406,0.9794685529360748,1.000391488535496,0.999641962047977,1.0055594162612926,1.0401069518716577,0.9831029185867896
full,45,15,94913.39988641668,-0.02767958182312258,-0.028600072692386624,-0.032892371299876454,-0.05359201250477241,0.055191263082441835,0.43859222158789635,0.0004385922215878964,0.0005085511678563697,0.2034204671425479,1.4068409342850958,0.9999999999999999,0.8136819005012512,0.8136818685701916,3.193105957421949e-08,False,0.8616256713867188,0.7483985490988732,3.1650125980377197,59,-0.09747999134872642,0.5246790128626994,-0.10594047579382149,0.03724309456135544,0.031241191817181435,0.03984219980026993,0.5704149681010416,0.9160800047452287,0.912869623396696,0.9328680427305247,1.0992120343839542,1.0241879751209397,1.1696658097686377,0.9851562499999998
full,45,16,99727.70897170182,0.051805507068377166,0.05072317597985587,0.04787156518543713,-0.0027303447668234337,0.05980205105023702,0.5241470783948898,0.0005241470783948898,0.0005054048062967403,0.20216192251869614,1.4043238450373923,0.9999999999999999,0.808647632598877,0.8086476900747845,5.747590758886645e-08,False,0.9144612550735474,0.7942909539855274,3.4914212226867676,60,0.03620626058961662,0.5697810019233397,-0.10495626527283874,0.02353154335703167,-0.09720565724585739,0.12214328747774872,0.4504998291709593,1.0911163764566931,1.1234912300099247,1.0672516751244587,0.9214727924405344,0.9787449392712549,0.9501831501831501,0.9801744647105474
full,45,17,98041.95596145604,-0.015913627399736674,-0.016903556971554656,-0.020383053354114708,-0.01997149097386175,0.06283814294152781,0.4951985387929848,0.0004951985387929848,0.0005112454454813685,0.2044981781925474,1.4089963563850947,0.9999999999999999,0.8179926872253418,0.8179927127701894,2.554484757055775e-08,False,0.8382599949836731,0.7281033804433137,3.0699832439422607,61,-0.10119256696530751,0.5580390659826142,-0.10330561122723989,0.02755927347711154,0.0369440098958356,0.023684781576905928,0.55827104726008,0.9575598807831897,0.9536357930098714,0.9593638617140574,0.9904526166902407,1.019303688383316,0.9602929838087895,1.0035059331175835
full,45,18,94018.80241811776,-0.04051844692671602,-0.041035019180155174,-0.04624274239063543,-0.06361703646556593,0.05194393797862486,0.028120562966380852,2.8120562966380854e-05,0.0005104112718254328,0.2041645087301731,1.4083290174603462,1.0,0.8166579008102417,0.8166580349206924,1.341104507446289e-07,False,0.8242602944374084,0.7159433950522323,3.012683868408203,62,-0.09818624518811703,0.560071574524045,-0.10597826354205608,0.025637825950980186,0.027563324198126793,0.023599285632371902,0.5672924984246492,0.906604323640961,0.8950099292047539,0.9116191074982402,0.9460906818993214,1.0010145417653027,0.8916097952629467,1.0064498790647676
full,45,19,93652.0622753524,-0.0028612394845859423,-0.0039007106380105627,-0.006928832098608934,-0.0677821456401424,0.05527445848064938,0.5457279128687722,0.0005457279128687722,0.0004972696836505618,0.1989078734602247,1.3978157469204493,1.0,0.7956315875053406,0.7956314938408986,9.36644419802235e-08,False,0.9544365406036377,0.8290130458219777,3.634915828704834,63,0.06699494698217937,0.4037365136401994,-0.10653008839913777,0.06947955169848033,0.07597972878387996,-0.09237778506108693,0.5827171323554856,1.0798634244603893,1.039007305019145,1.1395080340749941,0.8803773584905662,0.9280405405405406,0.9914452949122017,1.0066755674232308
full,45,20,98569.4962216455,0.053640268803409885,0.05250748170216535,0.0509639124168738,-0.014512641670987536,0.04611183104562122,0.5768547276301043,0.0005768547276301043,0.0004988411348313093,0.19953645393252373,1.3990729078650475,1.0,0.7981457710266113,0.7981458157300949,4.470348358154297e-08,False,0.962583601474762,0.836089492982096,3.9777908325195312,64,-0.09681620635092258,0.44306847266852856,-0.10272024758160114,0.05023861490190029,0.21261456422507763,0.01627294346690178,0.47734185867011547,1.0537528861202778,1.0436698440150798,1.056726336776278,1.1337333904843547,1.097196942118675,1.0286103542234333,1.0366047745358091
full,45,21,97547.26727648193,-0.009181401528946753,-0.010370641875504405,-0.013750268730214612,-0.025144043416062134,0.06237733970280027,0.6910676972142287,0.0006910676972142287,0.0005099136116249221,0.20396544464996888,1.4079308892999376,0.9999999999999998,0.8158617615699768,0.8158617785998752,1.7029898380371833e-08,False,1.052436113357544,0.9141343931737732,4.609442234039307,65,-0.11581305627311983,0.2539973833731243,-0.08815238837684905,0.15965534533773149,0.07514865483556474,0.18805295016084397,0.5271111109427042,0.9410285276370367,0.912668726840604,0.9582963540708176,1.0015122873345936,0.9499004644990046,1.0061810154525386,1.00921187308086
full,45,22,103333.09468608748,0.06078597671250341,0.059313065051905145,0.05410652857780898,0.03225582952115191,0.06586688718810133,0.8932442239352634,0.0008932442239352634,0.0004962303888584886,0.19849215554339544,1.396984311086791,1.0,0.7939684987068176,0.793968622173582,1.234667643679188e-07,False,0.9550652503967285,0.8295591362096935,3.791224241256714,66,-0.09733736195734569,0.562638561640467,-0.10115479358604976,0.04349825105496816,0.1946538942200797,0.026189114366258898,0.3715123342616218,1.0617528584451108,1.1068239035899863,1.0283217793331279,1.064175160437901,0.9811386657352429,1.100043878894252,1.0210446247464502
full,45,23,102709.47769343112,-0.005271471445854048,-0.00603501709254739,-0.00957699442535335,0.026380016277742335,0.07402362363887544,0.26554555339472646,0.0002655455533947265,0.0005023411821041789,0.20093647284167154,1.401872945683343,0.9999999999999999,0.8037458658218384,0.803745891366686,2.554484757055775e-08,False,1.0361988544464111,0.9000308892810944,4.332441329956055,67,-0.10411031118461064,0.5522214216845376,-0.0968261616570609,0.12497905322483607,0.1706771446125848,0.07315245696476527,0.27990639635494774,0.9738875049333385,0.9888637987703586,0.9580667059670183,0.9741042923022349,1.0316838732645068,0.9409652971679298,0.9865905140302956
full,45,24,109123.31456099197,0.06354456809131825,0.06244639746591818,0.054522834809229384,0.08360554843568935,0.054053946974352604,0.5413991074476924,0.0005413991074476924,0.0004916915696646485,0.19667662786585943,1.393353255731719,1.0,0.7867063879966736,0.786706511463438,1.234667643679188e-07,False,0.9275175929069519,0.8056315449353519,3.608013868331909,68,0.018535211150135317,0.5617450358612197,-0.0989022148506982,0.03509219682642392,0.16286737046071462,-0.09777441301516124,0.4184368135673659,1.0350516236175364,1.0668988139445743,1.0189072752337456,0.971959213401311,0.9986197377501727,0.9864349300551081,1.0646866347847974
full,46,1,100984.01614142809,0.011782361295005428,0.009840161414280901,0.0058200368459223216,0.009744276163962229,0.07848478636079814,1.4246516648147787,0.0014246516648147786,0.0004967757593840361,0.19871030375361443,1.3974206075072289,1.0,0.7948412299156189,0.7948412150144577,1.4901161193847656e-08,False,0.9506444334983826,0.8257192634407808,3.8648719787597656,46,-0.10674517787992954,0.4791496153920889,-0.09196512587368488,0.19824225269258022,0.4635053928941488,0.032075246796011925,0.02573779597878456,1.0054865027130322,0.9846774920370601,1.0193239990459473,1.0485353245261344,1.019949220166848,1.0441619270659084,1.0467055879899918
full,46,2,103787.51318187514,0.028371071830420425,0.027761789910600854,0.022177211949747026,0.03649295628885507,0.09142936350291636,0.10822175177080298,0.00010822175177080298,0.00048442666019712184,0.19377066407884874,1.3875413281576974,1.0,0.7750825881958008,0.7750826563153947,6.811959396557654e-08,False,0.9442240595817566,0.8201425975132884,3.723417282104492,47,-0.09968403460724015,0.5194592427994524,-0.09408662947160859,0.1628106188561235,0.44695385811584337,0.038815352001360465,0.025731592306068946,1.0222140006378042,1.054929753081416,0.9992198688185272,0.9627499315256095,1.0142247510668565,1.0807433514899072,0.9436918990703851
full,46,3,102167.6245272439,-0.015015388345008596,-0.015607741287649746,-0.01975365434742411,0.02121635437129976,0.08954104859737598,0.12757632562092375,0.00012757632562092374,0.00047398751867668964,0.18959500747067587,1.3791900149413518,1.0,0.7583800554275513,0.7583800298827037,2.554484757055775e-08,False,0.9371551871299744,0.8140026529151145,3.5692882537841797,48,-0.09716897883585521,0.5534008177263396,-0.09242602863482066,0.11644746682473592,0.4376585515482085,0.030685647789921083,0.051402523581470766,1.022748062827226,1.0116330078314992,1.0125485675873276,0.8998577524893313,0.9817671809256661,0.9866587607471095,1.0382775119617225
full,46,4,109178.09424806175,0.06926348792392045,0.06861733110911716,0.05847083384747928,0.08406534581203029,0.08756315186502495,0.12141470291784834,0.00012141470291784834,0.00048306879188333247,0.193227516753333,1.3864550335066659,1.0,0.772909939289093,0.7729100670133318,1.2772423874096717e-07,False,0.9126322865486145,0.7927023321096213,3.5055301189422607,49,-0.09546483041984696,0.5312500995184695,-0.09776268633348603,0.13592116055744033,0.47718806085841997,0.018302068912557173,0.03056612690644603,1.028990413717977,1.0399761864870785,1.0121727778274432,0.9920961112867532,1.1142857142857145,0.933293269230769,0.9915966386554621
full,46,5,106816.19416973634,-0.02103472671943174,-0.02163346131467525,-0.025373300670776734,0.06381236686737835,0.10240643452249582,0.14818599394389578,0.00014818599394389578,0.00046360053122043607,0.18544021248817444,1.3708804249763489,1.0,0.7417607307434082,0.7417608499526978,1.1920928955078125e-07,False,0.9688283205032349,0.8415135870123001,3.8307619094848633,50,-0.09535299614071846,0.5265509970486164,-0.09008721634745598,0.15741028264164925,0.40779416635632515,0.02869930863380432,0.06498545780777931,0.9524308174608502,0.9468745137780623,0.9571047153564893,1.0296367112810707,0.9903846153846152,1.0135222150676113,0.9600874794969929
full,46,6,107064.12705630052,0.002970767457369572,0.0023211170224826105,-0.002336554226070756,0.0659803358092651,0.09009046335915022,0.172985488814967,0.000172985488814967,0.00047495056742003996,0.18998022696801597,1.379960453936032,0.9999999999999999,0.7599208950996399,0.7599209078720639,1.277242400732348e-08,False,0.9625640511512756,0.8360725117868769,3.694027900695801,51,-0.09202386971030918,0.5701414964028767,-0.0979563572577068,0.09610816304172787,0.3904726824590138,0.036665762109415856,0.09659212295498165,1.0691438500861281,1.0726581795633896,1.0583749337868538,1.0225936242649336,0.9190938511326862,1.0320838627700126,1.019362186788155
full,46,7,106525.76957645289,-0.00443843578907277,-0.005028364725418566,-0.009155612389951481,0.06126000875092852,0.088705706632298,0.08586203306913376,8.586203306913376e-05,0.0005068725706743343,0.20274902826973373,1.4054980565394675,0.9999999999999999,0.8109960556030273,0.8109961130789349,5.747590758886645e-08,False,0.9591584801673889,0.8331144704148133,3.7493486404418945,52,-0.10137597072337357,0.5591366256454161,-0.10137305754636017,0.11372869860913071,0.4157831634261778,0.03092776824321064,0.08317277234579834,0.9916662901143084,1.0025358571630094,0.9627064136965677,0.9576271186440679,0.9838028169014084,1.0421668205601724,0.9972067039106144
full,46,8,107256.28486532171,0.0075116958583123505,0.006857639158800222,0.0030575926423596312,0.06765370322525333,0.06672203663930351,0.14602207658546307,0.00014602207658546306,0.0005033689870366029,0.20134759481464115,1.402695189629282,0.9999999999999999,0.8053903579711914,0.8053903792585642,2.1287372753420186e-08,False,0.9662946462631226,0.8393128655294577,3.7782773971557617,53,-0.09860730437295778,0.5764774653528417,-0.10274029044168337,0.08035888256771223,0.37750917407018797,0.03234761314732687,0.13465445967657225,1.0436129187650538,1.0069045203783964,1.0537813804467038,1.0290771175726925,1.0293486041517539,0.9503839338452451,1.0114845938375352
full,46,9,98799.71572655528,-0.07801179506585265,-0.07884450919948482,-0.08274165170462518,-0.01214866120431668,0.058785745501103374,0.3955237844160624,0.0003955237844160624,0.0005080565411065306,0.20322261644261225,1.4064452328852244,0.9999999999999999,0.8128904104232788,0.8128904657704488,5.534716995825306e-08,False,0.9818265438079834,0.8528037003238972,3.9722347259521484,54,-0.10289449936577252,0.5646671583609921,-0.10032811707683972,0.06784249895385333,0.2097997149186475,0.03090906568935939,0.3300041785197598,0.9298536593307981,0.8801916899722919,0.9556161965613983,0.9324324324324325,0.9551460361613352,0.8760099440646364,0.9872611464968152
full,46,10,102310.31481762942,0.036326450996003734,0.03553248170055778,0.031234124784736268,0.022581445690472268,0.06991964220105362,0.252395899700267,0.000252395899700267,0.0005140359473547766,0.20561437894191065,1.4112287578838212,0.9999999999999999,0.8224574327468872,0.8224575157676424,8.30207551594242e-08,False,0.9769615530967712,0.8485780230831171,4.151559829711914,55,-0.10250519136232991,0.4676520757909332,-0.10310918757958074,0.05516440128641467,0.2461474471326385,0.017185366579464484,0.4194650881524597,0.9869331771848514,0.9986076251350232,0.9760156672096543,1.0082345191040842,1.0462322533673099,0.9882937211777227,1.0513323983169707
full,46,11,104109.1874270542,0.018464177191933606,0.01758251465290983,0.014328216673566308,0.03946997886169623,0.05120632995315307,0.35340602589505044,0.00035340602589505044,0.0005126473879707712,0.20505895518830847,1.4101179103766168,0.9999999999999998,0.8202357292175293,0.8202358207532336,9.153570434961011e-08,False,0.9022341370582581,0.7836706142182874,3.395639419555664,56,-0.10067336287881648,0.5536417883953877,-0.10438559230949199,0.046210318537695055,0.0796749216637441,0.026696102427584772,0.49883582416389666,1.0357733081792009,1.0341142880338432,1.0231835256931106,0.9411956876837635,1.048016701461378,0.9239052404881549,1.0130736392742796
full,46,12,99196.38703932845,-0.046589205066596806,-0.04718892260270491,-0.05023892518017257,-0.00810123215831382,0.05335428320325039,0.1261822879314422,0.00012618228793144222,0.0005030388584626573,0.20121554338506292,1.4024310867701255,0.9999999999999998,0.8048622012138367,0.804862173540251,2.7673585645260346e-08,False,0.8748157620429993,0.7598553162745256,3.225691795349121,57,-0.10034219947244441,0.5228189823350735,-0.10087334391261851,0.04312317046735967,0.05049373182867253,0.027100184666258936,0.557679474087698,0.9120432847339066,0.8673832471904358,0.9509451683395475,0.9694550503297468,0.9555112881806108,0.8717948717948719,1.0287068738477745
full,46,13,97859.49280782389,-0.01254990480292939,-0.01347724722045085,-0.016668821626460207,-0.0218732708576328,0.05793565854282459,0.4460224115422794,0.0004460224115422794,0.0004935472352164133,0.19741889408656532,1.3948377881731306,0.9999999999999999,0.7896755337715149,0.7896755763462613,4.257474639501879e-08,False,1.0093941688537598,0.8767486351970143,4.000543117523193,58,-0.09450891401086536,0.30184441272701534,-0.10290998007569996,0.11666078333343777,0.1204255170055798,0.07353010986532482,0.5849580711552075,1.0000531712757406,0.9794685529360748,1.000391488535496,0.999641962047977,1.0055594162612926,1.0401069518716577,0.9831029185867896
full,46,14,95088.7901914225,-0.02739037199821781,-0.028313069451958994,-0.03212029299775492,-0.051648672768796366,0.04689782173182707,0.44196249970367973,0.00044196249970367976,0.0005071699965213027,0.20286799860852106,1.405735997217042,0.9999999999999999,0.8114719986915588,0.811471994434084,4.257474817137563e-09,False,0.8640938401222229,0.7505423732233443,3.174462080001831,59,-0.09729317895003728,0.5228256625788552,-0.10557481965848378,0.03839713015726634,0.03208611586264201,0.0399650005357606,0.5695940894739968,0.9160800047452287,0.912869623396696,0.9328680427305247,1.0992120343839542,1.0241879751209397,1.1696658097686377,0.9851562499999998
full,46,15,99895.0222077912,0.05162472791139128,0.05054467521033046,0.04758333982274525,-0.0010508811138800755,0.06028903664342088,0.5237872675061226,0.0005237872675061226,0.0005037729229245867,0.2015091691698347,1.4030183383396693,1.0,0.806036651134491,0.8060366766793385,2.554484757055775e-08,False,0.9138444662094116,0.7937552179851404,3.486781120300293,60,0.035370234932218275,0.5691260104732854,-0.10477893746324948,0.02370611631444522,-0.0967302317065852,0.12209899031690188,0.4512078171329839,1.0911163764566931,1.1234912300099247,1.0672516751244587,0.9214727924405344,0.9787449392712549,0.9501831501831501,0.9801744647105474
full,46,16,98212.69799759724,-0.015850963323595257,-0.016840921329338898,-0.020362674329776224,-0.018198278214966557,0.06430554457379485,0.49459328129887575,0.0004945932812988758,0.0005118155080292906,0.20472620321171625,1.4094524064234324,0.9999999999999999,0.8189048171043396,0.8189048128468648,4.257474817137563e-09,False,0.8398917317390442,0.7295206889808664,3.077420949935913,61,-0.10144985413977078,0.556892276342426,-0.10327634907194547,0.02813656495085784,0.037569780434880934,0.023856172870312414,0.558271408613239,0.9575598807831897,0.9536357930098714,0.9593638617140574,0.9904526166902407,1.019303688383316,0.9602929838087895,1.0035059331175835
full,46,17,94193.3326436426,-0.04040710060042574,-0.040925108829135026,-0.04585465338357088,-0.06164626723980038,0.04813328717474113,0.029059119522571564,2.9059119522571566e-05,0.0005109074592058148,0.20436298368232592,1.4087259673646517,0.9999999999999999,0.817452073097229,0.8174519347293034,1.3836792556176647e-07,False,0.8255012035369873,0.7170212350012135,3.017847776412964,62,-0.09842393680342607,0.5586546795176608,-0.10593904687889985,0.02610970900527068,0.027729774426136694,0.02392302879265376,0.5679457919406039,0.906604323640961,0.8950099292047539,0.9116191074982402,0.9460906818993214,1.0010145417653027,0.8916097952629467,1.0064498790647676
full,46,18,93729.62368491481,-0.003862095669411758,-0.0049229488511901565,-0.0075000739778343355,-0.06689855425179059,0.04495573931688252,0.5689631306699344,0.0005689631306699344,0.000496570531811033,0.19862821272441322,1.3972564254488264,0.9999999999999999,0.7945128679275513,0.7945128508976529,1.7029898380371833e-08,False,0.96233731508255,0.8358755713398851,3.681537628173828,63,0.07048370156969341,0.3907853088208607,-0.10644238229308811,0.07414057318653378,0.079254398388522,-0.09218583043132511,0.5839642307588032,1.0798634244603893,1.039007305019145,1.1395080340749941,0.8803773584905662,0.9280405405405406,0.9914452949122017,1.0066755674232308
full,46,19,98656.91751486306,0.053705617272712614,0.0525692266354556,0.051082131416416966,-0.01361366763698646,0.044055103967743196,0.5808933489024639,0.000580893348902464,0.0004981593215571983,0.19926372862287933,1.3985274572457587,0.9999999999999999,0.7970549464225769,0.7970549144915173,3.193105957421949e-08,False,0.9641749858856201,0.8374717519185412,3.9832215309143066,64,-0.09698175239775864,0.4356803933956793,-0.1022819762251207,0.051903866497533646,0.21183310848261627,0.016626643283026543,0.48321971696402344,1.0537528861202778,1.0436698440150798,1.056726336776278,1.1337333904843547,1.097196942118675,1.0286103542234333,1.0366047745358091
full,46,20,97737.36878076484,-0.008124016493766484,-0.009320671649402423,-0.01267093859121963,-0.023150113896666102,0.06268984663079975,0.6971746773592064,0.0006971746773592063,0.0005100101046264172,0.20400404185056686,1.4080080837011337,1.0,0.8160160779953003,0.8160161674022675,8.940696716308594e-08,False,1.0534635782241821,0.915026837817634,4.616940021514893,65,-0.11663363128900528,0.24145278334617615,-0.08737041056156158,0.16547968983650208,0.07712525874376297,0.19061481952667236,0.5293314903974533,0.9410285276370367,0.912668726840604,0.9582963540708176,1.0015122873345936,0.9499004644990046,1.0061810154525386,1.00921187308086
full,46,21,103521.72449750746,0.06067159913020559,0.05918264210404045,0.05368024382240616,0.03401918307101082,0.06978106290541516,0.9085154730294434,0.0009085154730294433,0.0004962577817163297,0.19850311268653192,1.3970062253730637,0.9999999999999999,0.7940123677253723,0.7940124507461275,8.30207551594242e-08,False,0.954317569732666,0.8289097090364372,3.7884039878845215,66,-0.0976049817566361,0.5609899618263756,-0.10089813092989583,0.04341315557914119,0.19281716724591594,0.02576428172843795,0.37551854630666115,1.0617528584451108,1.1068239035899863,1.0283217793331279,1.064175160437901,0.9811386657352429,1.100043878894252,1.0210446247464502
full,46,22,102896.66349482338,-0.0052683178353760685,-0.006037969380032204,-0.009638506639444289,0.0281511897124741,0.07541026561815145,0.2717234236853464,0.00027172342368534644,0.0005023038467126234,0.20092153868504936,1.4018430773700987,0.9999999999999999,0.8036862015724182,0.8036861547401974,4.6832220768067145e-08,False,1.0377897024154663,0.9014126822701097,4.353760242462158,67,-0.10470427359853474,0.5499038717576435,-0.09621726508651463,0.12692047868456158,0.17190803800310406,0.07343780462230953,0.27875134561743053,0.9738875049333385,0.9888637987703586,0.9580667059670183,0.9741042923022349,1.0316838732645068,0.9409652971679298,0.9865905140302956
full,46,23,109299.67503589147,0.06332620164058045,0.062227591484443234,0.05425511134995613,0.08508419657091992,0.05355791016979394,0.5423991807869503,0.0005423991807869502,0.0004913175451968397,0.1965270180787359,1.3930540361574717,1.0,0.7861078977584839,0.7861080723149434,1.745564595090343e-07,False,0.9283038973808289,0.8063145203235531,3.61841082572937,68,0.018034462417875013,0.5606831131236893,-0.09873541018792562,0.035047982420240126,0.16632850148848125,-0.09779160789081029,0.41643295862845014,1.0350516236175364,1.0668988139445743,1.0189072752337456,0.971959213401311,0.9986197377501727,0.9864349300551081,1.0646866347847974
full,46,24,111638.53659756301,0.022343833480088726,0.021398614048061093,0.015651036345248028,0.10425196309691753,0.07033460361499161,0.4222626994763101,0.0004222626994763101,0.000502726161586387,0.20109046463455477,1.4021809292691094,0.9999999999999999,0.8043619394302368,0.8043618585382188,8.089201797290002e-08,False,0.9613985419273376,0.8350601633377498,3.879568099975586,69,0.016516300716570426,0.5588908892657076,-0.10130090745432038,0.058928808995655585,0.3535790246512208,-0.09978955718023438,0.21317544100540023,1.0146423361916632,1.0003827389871474,1.0247643242463869,1.0041213937804423,1.0570145127850723,0.969058874086807,1.0042553191489363
full,47,1,102418.86421416824,0.026139762209944184,0.02418864214168237,0.018548766285738594,0.023617370029706097,0.10137207487935004,1.4135016495628017,0.0014135016495628017,0.0004897258071494955,0.19589032285979818,1.3917806457195963,0.9999999999999999,0.7835612893104553,0.7835612914391925,2.1287371865241766e-09,False,0.9492040872573853,0.8244681945917904,3.8178834915161133,47,-0.10389579486634051,0.4959038828632661,-0.09199452799345767,0.18583777892802442,0.4535805915615388,0.03660617742155278,0.023961892085415964,1.0222140006378042,1.054929753081416,0.9992198688185272,0.9627499315256095,1.0142247510668565,1.0807433514899072,0.9436918990703851
full,47,2,100577.98032766349,-0.017374098966149165,-0.01797407050575439,-0.022192702728362157,0.0057465891219982135,0.08643843641308543,0.13461413500564434,0.00013461413500564435,0.00047615215847534795,0.19046086339013918,1.3809217267802782,1.0,0.7618433833122253,0.7618434535605565,7.024833115210072e-08,False,0.9343916773796082,0.8116022988445748,3.596336603164673,48,-0.10028290509113244,0.5392802307116134,-0.09017795829900674,0.13301763923040458,0.4483167478548629,0.02738309332302638,0.042463152270231924,1.022748062827226,1.0116330078314992,1.0125485675873276,0.8998577524893313,0.9817671809256661,0.9866587607471095,1.0382775119617225
full,47,3,107438.97998161132,0.06884472924281426,0.06821572307970425,0.0590722127969451,0.0692391158486848,0.08840627859482986,0.10574593341776303,0.00010574593341776303,0.00048291891281093875,0.1931675651243755,1.3863351302487508,0.9999999999999999,0.7726703882217407,0.7726702604975015,1.2772423918505638e-07,False,0.9159639477729797,0.7955961762802469,3.557826280593872,49,-0.09644520176308496,0.518228248826095,-0.09672236336129053,0.1520176540528025,0.478351996413299,0.01700463811201708,0.02756502772016184,1.028990413717977,1.0399761864870785,1.0121727778274432,0.9920961112867532,1.1142857142857145,0.933293269230769,0.9915966386554621
full,47,4,105331.99862767757,-0.01901678196353429,-0.019610958278777124,-0.023910707988642806,0.05062088156634015,0.10584947412596293,0.1423405962330954,0.0001423405962330954,0.0004635375897799219,0.18541503591196878,1.3708300718239375,1.0,0.7416602373123169,0.7416601436478749,9.36644419802235e-08,False,0.9672719240188599,0.8401617182026647,3.8733065128326416,50,-0.09671859762498311,0.5062666652458054,-0.08869643828698567,0.17914302327803203,0.41941667773893904,0.02645351790956088,0.054135151739631376,0.9524308174608502,0.9468745137780623,0.9571047153564893,1.0296367112810707,0.9903846153846152,1.0135222150676113,0.9600874794969929
full,47,5,105323.3407748123,0.000567895975674082,-8.219584720758899e-05,-0.004336112934605484,0.05054284013069732,0.0851614299792531,0.1776153008852686,0.0001776153008852686,0.00047231870836445265,0.18892748334578108,1.377854966691562,0.9999999999999998,0.7557099461555481,0.7557099333831241,1.277242400732348e-08,False,0.9514627456665039,0.8264300403589596,3.6336326599121094,51,-0.09171014864529883,0.563434602426631,-0.09721733470048224,0.10714198063526834,0.4111309663525649,0.03240900273833955,0.07481093119297708,1.0691438500861281,1.0726581795633896,1.0583749337868538,1.0225936242649336,0.9190938511326862,1.0320838627700126,1.019362186788155
full,47,6,104687.71176780418,-0.005449256406971581,-0.006035025117244741,-0.011025526303675894,0.04477805168004301,0.10521475706043161,0.08238341552870598,8.238341552870598e-05,0.0005067683037902627,0.2027073215161051,1.4054146430322103,1.0,0.8108292818069458,0.8108292860644206,4.257474817137563e-09,False,0.9518587589263916,0.8267740131060192,3.7265994548797607,52,-0.10159442254475184,0.5507431062204498,-0.10111289897135325,0.13018922827073506,0.4292754264814513,0.02812583318778447,0.06437372735568456,0.9916662901143084,1.0025358571630094,0.9627064136965677,0.9576271186440679,0.9838028169014084,1.0421668205601724,0.9972067039106144
full,47,7,105479.90913518649,0.008219777764886915,0.007567243127248657,0.003923024740677671,0.051952160180222307,0.06502167519003257,0.14675600454211235,0.00014675600454211235,0.0005006682061191116,0.20026728244764463,1.4005345648952894,1.0,0.8010690808296204,0.8010691297905788,4.896095839868053e-08,False,0.9561309814453125,0.8304848184368795,3.7005321979522705,53,-0.0979310931371791,0.5736853493643659,-0.10233618931046554,0.08659894152411393,0.4007110012961285,0.03018364257046155,0.10908834769257478,1.0436129187650538,1.0069045203783964,1.0537813804467038,1.0290771175726925,1.0293486041517539,0.9503839338452451,1.0114845938375352
full,47,8,97009.08234306006,-0.0795152273215497,-0.08030749041762963,-0.08585970173322306,-0.03083131583868548,0.06152451428630545,0.35569967116628387,0.00035569967116628386,0.0005053729577256101,0.20214918309024404,1.404298366180488,0.9999999999999999,0.808596670627594,0.808596732360976,6.17333819619148e-08,False,0.9934163093566895,0.862870442772608,4.068569183349609,54,-0.10260669541146075,0.5616171916148491,-0.09954248767878329,0.07852767753813947,0.24767618972275937,0.030786329614264613,0.2835417946002313,0.9298536593307981,0.8801916899722919,0.9556161965613983,0.9324324324324325,0.9551460361613352,0.8760099440646364,0.9872611464968152
full,47,9,100461.17123206393,0.03640335766931879,0.03558521331843978,0.03205982732572697,0.004590542061256975,0.06724061148430968,0.27650699658053246,0.0002765069965805325,0.0005132120248994657,0.20528480995978632,1.4105696199195725,0.9999999999999998,0.8211392760276794,0.821139239839145,3.618853439135705e-08,False,0.9900679588317871,0.8599621024597222,4.300093173980713,55,-0.10222635710878034,0.45598745798426016,-0.10305845285100598,0.06319223796682696,0.28166637276964523,0.01701396969812255,0.38742477154093125,0.9869331771848514,0.9986076251350232,0.9760156672096543,1.0082345191040842,1.0462322533673099,0.9882937211777227,1.0513323983169707
full,47,10,102230.58790764798,0.018545251008705188,0.017612940939108812,0.01448336809191629,0.02181918301852115,0.054905457306957686,0.4034995958209039,0.0004034995958209039,0.0005122545321605037,0.20490181286420145,1.4098036257284028,1.0,0.8196072578430176,0.8196072514568056,6.38621200366174e-09,False,0.9169615507125854,0.7964626831838494,3.488821506500244,56,-0.10036617065114636,0.5516418859894787,-0.10453564221305509,0.05125026484685283,0.09333573734121661,0.026666863688400794,0.48200706099825247,1.0357733081792009,1.0341142880338432,1.0231835256931106,0.9411956876837635,1.048016701461378,0.9239052404881549,1.0130736392742796
full,47,11,97433.56658010968,-0.04629707446487308,-0.04692354241248986,-0.05051273815855098,-0.026340341526759126,0.04706427226541407,0.15323079058102207,0.00015323079058102208,0.0005038645983274494,0.20154583933097975,1.4030916786619596,1.0,0.8061832189559937,0.8061833573239192,1.3836792556176647e-07,False,0.8828322887420654,0.7668183828933948,3.2687363624572754,57,-0.10034556181303092,0.5177880427134889,-0.10120027751794883,0.046477594812001505,0.05534685536154679,0.0270448098225253,0.5548885366214173,0.9120432847339066,0.8673832471904358,0.9509451683395475,0.9694550503297468,0.9555112881806108,0.8717948717948719,1.0287068738477745
full,47,12,96151.01014382206,-0.012220058819455981,-0.013163394108467785,-0.016608064920983642,-0.04003067518917014,0.0583546251714526,0.4619481105889591,0.00046194811058895916,0.0004935137102646487,0.1974054841058595,1.394810968211719,0.9999999999999999,0.7896219491958618,0.7896219364234378,1.277242400732348e-08,False,1.0144716501235962,0.8811588793919284,4.040771484375,58,-0.09416303996528899,0.2888561540416309,-0.10324244414057052,0.12341271873031343,0.12624413307224,0.0742351615003177,0.5846573167613573,1.0000531712757406,0.9794685529360748,1.000391488535496,0.999641962047977,1.0055594162612926,1.0401069518716577,0.9831029185867896
full,47,13,93513.23488766993,-0.02649348578585231,-0.02743367180653189,-0.03220073718753902,-0.0693673480563699,0.05728128640678512,0.4584790351135388,0.00045847903511353884,0.0005077603299702917,0.20310413198811667,1.4062082639762334,1.0,0.8124165534973145,0.8124165279524669,2.554484757055775e-08,False,0.8694588541984558,0.7552023652406268,3.199817419052124,59,-0.09713232570460864,0.5180956715984004,-0.10597180628350802,0.04075634053775243,0.033520895455564775,0.04115865698882512,0.569572567407574,0.9160800047452287,0.912869623396696,0.9328680427305247,1.0992120343839542,1.0241879751209397,1.1696658097686377,0.9851562499999998
full,47,14,98230.55050336404,0.05154002736204277,0.05044543289899717,0.047735898478158255,-0.018013229973452782,0.07236439209517737,0.5383705954466547,0.0005383705954466547,0.0005031157351498094,0.20124629405992372,1.4024925881198473,1.0,0.8049852252006531,0.8049851762396947,4.896095839868053e-08,False,0.91678386926651,0.7963083510407151,3.50498366355896,60,0.036151169400129995,0.5687242807554347,-0.10477766527661256,0.024036035473857603,-0.09646862878331117,0.12523770944348403,0.4470970989870174,1.0911163764566931,1.1234912300099247,1.0672516751244587,0.9214727924405344,0.9787449392712549,0.9501831501831501,0.9801744647105474
full,47,15,96580.45189645026,-0.01579887856289619,-0.016798222125989803,-0.020573580458071505,-0.035406213539112885,0.06361193784822801,0.5033968176160539,0.0005033968176160539,0.0005125045510275024,0.20500182041100096,1.4100036408220016,0.9999999999999998,0.8200072646141052,0.8200072816440032,1.7029897936282623e-08,False,0.8413047194480896,0.7307479945109375,3.084155797958374,61,-0.10157374878014838,0.5560214460960455,-0.10342807163085257,0.028701726081115847,0.03810373108301843,0.023967053475124483,0.5582078636756964,0.9575598807831897,0.9536357930098714,0.9593638617140574,0.9904526166902407,1.019303688383316,0.9602929838087895,1.0035059331175835
full,47,16,92632.32514356977,-0.040359810761524395,-0.04087914971772466,-0.04677597178599143,-0.07953675830776308,0.05290854034682476,0.030057550008808026,3.0057550008808026e-05,0.00051126985677651,0.20450794271060402,1.409015885421208,0.9999999999999999,0.8180317282676697,0.8180317708424161,4.257474639501879e-08,False,0.8263658881187439,0.7177722904861009,3.0216293334960938,62,-0.09843233759914127,0.5580533168145588,-0.10607560511146275,0.026418373254793015,0.028005842385547486,0.024039568645613518,0.5679908416100911,0.906604323640961,0.8950099292047539,0.9116191074982402,0.9460906818993214,1.0010145417653027,0.8916097952629467,1.0064498790647676
full,47,17,92134.11879112998,-0.0043087388571909635,-0.00537832070681199,-0.008050112019770218,-0.08537424910637226,0.04425242442322077,0.5777656712702343,0.0005777656712702343,0.0004970220476388931,0.19880881905555725,1.3976176381111145,1.0,0.795235276222229,0.795235276222229,0.0,False,0.9655942320823669,0.8387044935019597,3.703005790710449,63,0.0718260332942009,0.3859432637691498,-0.1066160723567009,0.07599466294050217,0.08092285692691803,-0.09219274669885635,0.5841220021247864,1.0798634244603893,1.039007305019145,1.1395080340749941,0.8803773584905662,0.9280405405405406,0.9914452949122017,1.0066755674232308
full,47,18,96999.61738458979,0.05394900203879738,0.05280886882404556,0.052461701060164304,-0.030931901550849572,0.039612929907167645,0.58396617057068,0.00058396617057068,0.000498392027137535,0.199356810855014,1.398713621710028,1.0,0.7974272966384888,0.797427243420056,5.3218432771728885e-08,False,0.9661534428596497,0.8391902178115492,4.000573635101318,64,-0.09702335750418051,0.43147504622382776,-0.10233345335083349,0.053269340789743824,0.21419096285743372,0.016707831195422573,0.48371362978858606,1.0537528861202778,1.0436698440150798,1.056726336776278,1.1337333904843547,1.097196942118675,1.0286103542234333,1.0366047745358091
full,47,19,96144.15618606126,-0.007614674109505781,-0.008819222401019844,-0.01255902799727087,-0.04010481725458992,0.06772224587061046,0.7041683649378163,0.0007041683649378163,0.000510359789643969,0.2041439158575876,1.408287831715175,0.9999999999999998,0.8165756464004517,0.81657566343035,1.7029898380371833e-08,False,1.0545061826705933,0.9159324325334024,4.6279120445251465,65,-0.11685906563486376,0.23532061065946305,-0.08728485022272384,0.16982531334672654,0.07809692408357347,0.1914730050734111,0.5294280626944132,0.9410285276370367,0.912668726840604,0.9582963540708176,1.0015122873345936,0.9499004644990046,1.0061810154525386,1.00921187308086
full,47,20,101826.55567537092,0.060604481769432894,0.05910291082396002,0.05503082232518706,0.01793791082548346,0.060238115097726454,0.9202464169689586,0.0009202464169689586,0.0004965257298733507,0.19861029194934027,1.3972205838986806,1.0,0.7944410443305969,0.7944411677973613,1.234667643679188e-07,False,0.9548410177230835,0.8293643701840405,3.793586492538452,66,-0.09766615235379764,0.5605932319802898,-0.10094413959554263,0.04375443926879338,0.1937545979661601,0.025668434266533174,0.37483958846756393,1.0617528584451108,1.1068239035899863,1.0283217793331279,1.064175160437901,0.9811386657352429,1.100043878894252,1.0210446247464502
full,47,21,101215.07526084113,-0.005233295239670421,-0.006005117333824361,-0.009720679041618772,0.012004884230039425,0.07575304892349473,0.2736371329852514,0.0002736371329852514,0.00050254653607096,0.20101861442838398,1.4020372288567677,0.9999999999999999,0.8040745258331299,0.8040744577135355,6.811959440966575e-08,False,1.0384149551391602,0.9019557698855002,4.361711025238037,67,-0.10480468613760813,0.5494234125529016,-0.09621392829077585,0.12832599984748022,0.17281638192278997,0.07318522887570517,0.2772675912295069,0.9738875049333385,0.9888637987703586,0.9580667059670183,0.9741042923022349,1.0316838732645068,0.9409652971679298,0.9865905140302956
full,47,22,107511.08428813296,0.06330701825408802,0.06220426167807913,0.05497992158609704,0.06986334793167026,0.05757084231067591,0.5460265097873552,0.0005460265097873553,0.0004916124671165432,0.1966449868466173,1.3932899736932345,1.0,0.7865798473358154,0.786579947386469,1.0005065353979603e-07,False,0.9284588098526001,0.8064490755868896,3.6202242374420166,68,0.017957795943532667,0.5605281503604991,-0.09879266603716783,0.03520216287246772,0.16654325143567153,-0.09785232080944947,0.4164136262344463,1.0350516236175364,1.0668988139445743,1.0189072752337456,0.971959213401311,0.9986197377501727,0.9864349300551081,1.0646866347847974
full,47,23,109812.85255564879,0.022355215968262065,0.021409590301842973,0.015502463136418992,0.08935978191328764,0.07987941690396774,0.42253004546676365,0.00042253004546676366,0.0005028462316840886,0.20113849267363548,1.402276985347271,1.0,0.8045539855957031,0.8045539706945419,1.4901161193847656e-08,False,0.9614917039871216,0.8351410828747236,3.8805978298187256,69,0.016442973166704178,0.5587474126368761,-0.10133163444697857,0.05921064503490925,0.3537997920066118,-0.09980685822665691,0.21293766982853413,1.0146423361916632,1.0003827389871474,1.0247643242463869,1.0041213937804423,1.0570145127850723,0.969058874086807,1.0042553191489363
full,47,24,113307.05140910653,0.03293985954140899,0.03181958005951091,0.025259318384248945,0.11744239430483527,0.056465880145973806,0.5838140243930476,0.0005838140243930477,0.0005013289422328983,0.2005315768931593,1.4010631537863187,1.0,0.8021262884140015,0.8021263075726375,1.915863601098522e-08,False,0.9497182965278625,0.824914831089214,3.7731502056121826,70,-0.10090381891599723,0.5626506781471627,-0.09962775797716208,0.04934710769781045,0.18910310922988824,0.0186096051973956,0.38082107662090237,1.0024823479186857,1.0579639578806326,0.9651039618260693,0.9328358208955223,0.9767898005884277,0.945011086474501,1.0153013182674198
full,48,1,97601.61649490581,-0.022138938841327005,-0.023983835050941815,-0.029778085738447334,-0.024573194494369455,0.10409782488155761,1.4109915872769696,0.0014109915872769696,0.0004774553767804589,0.19098215071218355,1.381964301424367,1.0,0.7639285326004028,0.763928602848734,7.024833115210072e-08,False,0.9400031566619873,0.8164763678198782,3.7154593467712402,48,-0.10139433055051736,0.511929685782109,-0.08958782016166619,0.1723431000219924,0.449794436405812,0.026777349944625578,0.030137578557644568,1.022748062827226,1.0116330078314992,1.0125485675873276,0.8998577524893313,0.9817671809256661,0.9866587607471095,1.0382775119617225
full,48,2,104172.8087236694,0.06791854276516718,0.0673266741346088,0.05990979438298095,0.04005660185987947,0.09440003942535949,0.07111696207097593,7.111696207097593e-05,0.0004832630604505539,0.19330522418022156,1.3866104483604431,1.0,0.7732208371162415,0.7732208967208862,5.960464477539063e-08,False,0.9212260842323303,0.8001668099348828,3.6356918811798096,49,-0.09587793424725533,0.5009585507214069,-0.09742728993296623,0.17494109645485878,0.4772385247051716,0.016528382897377014,0.023638669401407242,1.028990413717977,1.0399761864870785,1.0121727778274432,0.9920961112867532,1.1142857142857145,0.933293269230769,0.9915966386554621
full,48,3,102362.57865201226,-0.016795596648339406,-0.01737718406401989,-0.022498106696393984,0.023080491749274734,0.11043993171578496,0.1302073363746915,0.0001302073363746915,0.00046149006911686496,0.18459602764674599,1.369192055293492,0.9999999999999999,0.7383840680122375,0.7383841105869839,4.257474639501879e-08,False,0.9647045135498047,0.8379316938036822,3.9061810970306396,50,-0.09533420737300602,0.48670339052166256,-0.08926182027373997,0.20454765324081692,0.42639001671757015,0.026331221950905648,0.040623745215790596,0.9524308174608502,0.9468745137780623,0.9571047153564893,1.0296367112810707,0.9903846153846152,1.0135222150676113,0.9600874794969929
full,48,4,102224.67255565019,-0.0006784041489013015,-0.0013472315584280858,-0.005730920953343352,0.021762579424640438,0.0882601725741811,0.1998306597982135,0.0001998306597982135,0.00046967486185686924,0.1878699447427477,1.3757398894854955,1.0,0.7514798045158386,0.751479778970991,2.554484757055775e-08,False,0.9429396390914917,0.8190269640505574,3.591712236404419,51,-0.08960503020456859,0.559322181556906,-0.09826491453817912,0.11767964384385518,0.42234579047986437,0.03236089966126851,0.056161429200853624,1.0691438500861281,1.0726581795633896,1.0583749337868538,1.0225936242649336,0.9190938511326862,1.0320838627700126,1.019362186788155
full,48,5,101536.0786800253,-0.0061506728481933726,-0.00673608296715289,-0.012304511956709584,0.015128402632782478,0.11340670329703248,0.08187694634710047,8.187694634710047e-05,0.0005073296704462598,0.2029318681785039,1.4058637363570077,1.0,0.8117275238037109,0.8117274727140154,5.108969558520471e-08,False,0.9465435743331909,0.8221573024277706,3.7183303833007812,52,-0.1010027091417994,0.5451844994510924,-0.10192915903670449,0.14589615804808478,0.43506774944918497,0.028184479900768805,0.04859898132937293,0.9916662901143084,1.0025358571630094,0.9627064136965677,0.9576271186440679,0.9838028169014084,1.0421668205601724,0.9972067039106144
full,48,6,102342.56496519098,0.008591899589392993,0.007942854359258789,0.0038433601764978178,0.022889449428864173,0.07835373239167753,0.14407568212066368,0.00014407568212066368,0.0004996476668332304,0.19985906673329218,1.3997181334665842,1.0,0.7994361519813538,0.7994362669331685,1.1495181473364369e-07,False,0.9485208988189697,0.8238747846539825,3.6438610553741455,53,-0.09664665854402951,0.5728290533380849,-0.10321240818926267,0.0953359981732709,0.4148733174162252,0.030882623578820906,0.08593807422689029,1.0436129187650538,1.0069045203783964,1.0537813804467038,1.0290771175726925,1.0293486041517539,0.9503839338452451,1.0114845938375352
full,48,7,93890.32282843915,-0.08184127454665902,-0.0825877496780213,-0.09127488597916474,-0.06507249083299826,0.06625891434604586,0.30971620551177437,0.00030971620551177435,0.000503627633942025,0.20145105357681004,1.4029021071536198,0.9999999999999999,0.8058041930198669,0.8058042143072397,2.1287372753420186e-08,False,1.0022339820861816,0.8705293759919025,4.11019229888916,54,-0.10165098948138102,0.5628414090190614,-0.09980006409542902,0.09191636847598211,0.2784268196140017,0.03462100880486624,0.23364544766289846,0.9298536593307981,0.8801916899722919,0.9556161965613983,0.9324324324324325,0.9551460361613352,0.8760099440646364,0.9872611464968152
full,48,8,97154.21754743,0.03559111903794121,0.034762844781722535,0.03213168316569441,-0.02929139387264068,0.07298827589326347,0.2850769311189651,0.0002850769311189651,0.0005150512738951615,0.2060205095580646,1.4120410191161292,1.0,0.8240820169448853,0.8240820382322585,2.1287373197509396e-08,False,1.0018064975738525,0.8701580676622953,4.410873889923096,55,-0.10195850847022875,0.4586018371794905,-0.10406200108783586,0.07466923179371016,0.31444871904594557,0.018138707748481198,0.34016201379043715,0.9869331771848514,0.9986076251350232,0.9760156672096543,1.0082345191040842,1.0462322533673099,0.9882937211777227,1.0513323983169707
full,48,9,98840.67623862837,0.018335202060096867,0.017358574169721974,0.014890728468072765,-0.011729217215923349,0.05342896377289132,0.4436044639774731,0.0004436044639774731,0.0005158993442143712,0.2063597376857485,1.4127194753714971,1.0,0.8254388570785522,0.8254389507429942,9.36644419802235e-08,False,0.9377023577690125,0.814477919293502,3.6239426136016846,56,-0.10044411250523158,0.556368041251387,-0.10591562518051692,0.05940778872796468,0.10976155421563558,0.029822598610605516,0.4509997548801558,1.0357733081792009,1.0341142880338432,1.0231835256931106,0.9411956876837635,1.048016701461378,0.9239052404881549,1.0130736392742796
full,48,10,94104.40729388694,-0.04724329878791145,-0.0479182167198734,-0.0534042642583146,-0.06264948556236272,0.049679918237504624,0.20245393578495305,0.00020245393578495306,0.0005061814322003296,0.20247257288013187,1.4049451457602635,0.9999999999999998,0.8098903894424438,0.809890291520527,9.792191679736106e-08,False,0.8846327066421509,0.7683822060116486,3.282966375350952,57,-0.10013026265161379,0.5233573439930166,-0.10234231022851809,0.04722958537084715,0.05671153323990957,0.026834552309342785,0.5483395579670156,0.9120432847339066,0.8673832471904358,0.9509451683395475,0.9694550503297468,0.9555112881806108,0.8717948717948719,1.0287068738477745
full,48,11,92826.02004568682,-0.012658889011415209,-0.013584775516493397,-0.017583608268324145,-0.07728414889254442,0.05897889876284876,0.44418757941041664,0.00044418757941041664,0.0004940098630530494,0.19760394522121977,1.3952078904424394,0.9999999999999999,0.7904158234596252,0.7904157808848788,4.257474639501879e-08,False,1.0099914073944092,0.8772673900021822,4.018796443939209,58,-0.0933731890150479,0.3031520002654621,-0.10423075620617187,0.1216224038175174,0.12074237849031175,0.07020009096179688,0.5818870716861315,1.0000531712757406,0.9794685529360748,1.000391488535496,0.999641962047977,1.0055594162612926,1.0401069518716577,0.9831029185867896
full,48,12,90157.4260181969,-0.027815782053156046,-0.028748340456442034,-0.03450208685086619,-0.10917097366795425,0.052305241509127305,0.4520365553242818,0.0004520365553242818,0.0005076642361070428,0.20306569444281714,1.4061313888856344,1.0,0.812262773513794,0.8122627777712688,4.257474817137563e-09,False,0.8632272481918335,0.7497896610364843,3.1738812923431396,59,-0.09642171540430614,0.5291702779276031,-0.106643979038511,0.03851644641586713,0.03095045632549695,0.04033480158873967,0.5640937121851104,0.9160800047452287,0.912869623396696,0.9328680427305247,1.0992120343839542,1.0241879751209397,1.1696658097686377,0.9851562499999998
full,48,13,94703.80403605479,0.051583609062336944,0.050427105327300215,0.05010369088329596,-0.05592379332438324,0.0628697892055011,0.596015134028026,0.000596015134028026,0.0005043635118220533,0.20174540472882135,1.4034908094576426,1.0,0.8069815039634705,0.8069816189152852,1.1495181473364369e-07,False,0.9388660192489624,0.8154886628125932,3.6568000316619873,60,0.04270302184990474,0.5714744819062096,-0.10553273132869176,0.025648590709481917,-0.0962126734001296,0.15580217966011592,0.4061171306031091,1.0911163764566931,1.1234912300099247,1.0672516751244587,0.9214727924405344,0.9787449392712549,0.9501831501831501,0.9801744647105474
full,48,14,93092.62619441077,-0.015941549032658542,-0.01701281018268952,-0.02155242539484908,-0.07419893591963089,0.06554565599202858,0.5759631028132779,0.0005759631028132779,0.0005132452345320157,0.20529809381280628,1.4105961876256123,0.9999999999999998,0.8211922645568848,0.8211923752512247,1.1069433991650612e-07,False,0.8428136110305786,0.732058601087068,3.0911991596221924,61,-0.10112780971186502,0.5584502156291689,-0.10417028410094126,0.02911003599209444,0.03823872389537947,0.024675726092287464,0.5548233922038759,0.9575598807831897,0.9536357930098714,0.9593638617140574,0.9904526166902407,1.019303688383316,0.9602929838087895,1.0035059331175835
full,48,15,89253.31473780159,-0.04072200062680831,-0.04124184281353638,-0.048656065278239874,-0.12040656746215905,0.048968674714234245,0.033570880868605324,3.3570880868605324e-05,0.0005084858448909862,0.2033943379563945,1.406788675912789,0.9999999999999999,0.8135773539543152,0.813577351825578,2.1287371865241766e-09,False,0.8249218463897705,0.7165180117770387,3.013573169708252,62,-0.09710069719169823,0.5605585577764681,-0.10629364076469627,0.026064567533986893,0.027293522176997986,0.024004312498228875,0.5654733779707125,0.906604323640961,0.8950099292047539,0.9116191074982402,0.9460906818993214,1.0010145417653027,0.8916097952629467,1.0064498790647676
full,48,16,88876.39379129038,-0.003186094798185435,-0.0042230470388521235,-0.007017393576061008,-0.12515816331197382,0.04531595452492472,0.5450362573776928,0.0005450362573776928,0.0004957718242491995,0.1983087296996798,1.3966174593993597,1.0,0.7932349443435669,0.7932349187987193,2.554484757055775e-08,False,0.954419732093811,0.8289984461358443,3.638366937637329,63,0.0671398299080985,0.4040598305208342,-0.10794145294598173,0.07153529993125371,0.07430336943694524,-0.09036727675369807,0.5812703999025481,1.0798634244603893,1.039007305019145,1.1395080340749941,0.8803773584905662,0.9280405405405406,0.9914452949122017,1.0066755674232308
full,48,17,93589.96508719624,0.054180748730633166,0.05303513221941469,0.054416503058825276,-0.06849062190408595,0.04502076698125206,0.588861738464662,0.000588861738464662,0.0004984655111495937,0.1993862044598375,1.3987724089196751,1.0,0.7975447773933411,0.7975448178393503,4.0446009208494615e-08,False,0.9677432179450989,0.8405710789057049,4.020969867706299,64,-0.09627539425023965,0.4444361874567611,-0.10311081020959786,0.053519549380455694,0.2161850133644683,0.016974948878799162,0.4682705053793533,1.0537528861202778,1.0436698440150798,1.056726336776278,1.1337333904843547,1.097196942118675,1.0286103542234333,1.0366047745358091
full,48,18,92731.77865911416,-0.007941500308421001,-0.00916964150251065,-0.012932736541317331,-0.07837897046711584,0.06088775956574881,0.7285339465098721,0.0007285339465098722,0.0005102055280336312,0.2040822112134525,1.4081644224269048,0.9999999999999999,0.816328763961792,0.8163288448538095,8.089201752881081e-08,False,1.0576446056365967,0.9186584320854297,4.69091272354126,65,-0.11535617602722986,0.2406365286026682,-0.08872603518622263,0.1591350297842707,0.07479848074061529,0.21208217846495764,0.5174299936209406,0.9410285276370367,0.912668726840604,0.9582963540708176,1.0015122873345936,0.9499004644990046,1.0061810154525386,1.00921187308086
full,48,19,98258.10837448211,0.06110802227719403,0.059594777489203166,0.05772425701341212,-0.017727713817562885,0.05853999272281671,0.9292270610375062,0.0009292270610375062,0.0004978895014418023,0.19915580057672094,1.3983116011534418,0.9999999999999999,0.7966232299804688,0.7966232023068835,2.7673585201171136e-08,False,0.9616501927375793,0.8352787444542586,3.8295035362243652,66,-0.09723062094833171,0.5638305020651646,-0.10192517962838923,0.047263078125459795,0.19809248271797383,0.028668934213263636,0.36130080345485893,1.0617528584451108,1.1068239035899863,1.0283217793331279,1.064175160437901,0.9811386657352429,1.100043878894252,1.0210446247464502
full,48,20,97600.52393314173,-0.005907367076975145,-0.006692419101273495,-0.010999728807037246,-0.024584663792398986,0.08285557664402286,0.28825099340506954,0.00028825099340506956,0.0005017781709986075,0.20071126839944298,1.401422536798886,0.9999999999999999,0.8028450608253479,0.8028450735977719,1.277242400732348e-08,False,1.0442674160003662,0.9070391528006533,4.396917819976807,67,-0.10374364789043156,0.5507253951260022,-0.09696762050901142,0.13013004724468502,0.17004773978676113,0.0849699026771954,0.26483818356479916,0.9738875049333385,0.9888637987703586,0.9580667059670183,0.9741042923022349,1.0316838732645068,0.9409652971679298,0.9865905140302956
full,48,21,103670.0108383873,0.06331553042158333,0.062187032002034126,0.05720982900862634,0.03540089181729256,0.05551453202130401,0.5695078213300023,0.0005695078213300023,0.000492357306980661,0.19694292279226439,1.3938858455845289,1.0,0.7877715826034546,0.7877716911690578,1.0856560317407116e-07,False,0.9305565357208252,0.8082711371251213,3.622920513153076,68,0.019428554390157976,0.5627534253788846,-0.09951653198472091,0.03683615236410073,0.16353292896279267,-0.09742639080754348,0.4143918616963284,1.0350516236175364,1.0668988139445743,1.0189072752337456,0.971959213401311,0.9986197377501727,0.9864349300551081,1.0646866347847974
full,48,22,105863.73746021795,0.022105651464723985,0.021160667430144997,0.01645118350534784,0.055389480863751506,0.07074811082222211,0.4208154657057353,0.0004208154657057353,0.0005041585263929198,0.2016634105571679,1.4033268211143357,0.9999999999999999,0.806653618812561,0.8066536422286714,2.3416110384033573e-08,False,0.9639867544174194,0.8373082561426209,3.8914246559143066,69,0.017487539776733924,0.5606498726244484,-0.10201291660112996,0.06139858519392352,0.3493782289858375,-0.09965049395603795,0.21274918397622447,1.0146423361916632,1.0003827389871474,1.0247643242463869,1.0041213937804423,1.0570145127850723,0.969058874086807,1.0042553191489363
full,48,23,109284.01830256468,0.033451639236264485,0.03230833262080912,0.02687806944632189,0.0849531198318575,0.05371139043568192,0.604292830718415,0.000604292830718415,0.0005026186670043639,0.20104746680174557,1.402094933603491,0.9999999999999999,0.8041898608207703,0.8041898672069818,6.38621155957253e-09,False,0.94697505235672,0.822532079477133,3.740640163421631,70,-0.10040364494281157,0.5645892016057457,-0.100643821858934,0.04961397046489374,0.17690761307520525,0.019508377781936093,0.3904283038739647,1.0024823479186857,1.0579639578806326,0.9651039618260693,0.9328358208955223,0.9767898005884277,0.945011086474501,1.0153013182674198
full,48,24,112075.37339976824,0.02657488824790777,0.02554220773137561,0.019281484964156763,0.10774332517007001,0.07017440748111513,0.5067777489977223,0.0005067777489977224,0.0004996761280511107,0.19987045122044428,1.3997409024408884,0.9999999999999999,0.7994817495346069,0.7994818048817769,5.534716995825306e-08,False,0.9542157053947449,0.8288212307967134,3.885887861251831,71,0.01617592998913356,0.5552023617284638,-0.0986480223281043,0.03928085097244807,0.3117211131112916,-0.10122242889233998,0.27749019541910713,1.0647274634440285,1.0659156475343874,1.0455609523922245,1.0168,0.9832663989290497,1.0154856874706712,0.9983769997681431
full,49,1,107528.71144770419,0.07734701890894868,0.07528711447704195,0.06578672049802806,0.07001582504190729,0.08458209087758452,1.434814195547785,0.0014348141955477852,0.000479031755988087,0.1916127023952348,1.3832254047904695,0.9999999999999999,0.7664507031440735,0.766450809580939,1.0643686554345777e-07,False,0.9319025278091431,0.8094402509984051,3.6994457244873047,49,0.020279751824481135,0.49693011279617033,-0.09537366990532195,0.18274057443652833,0.46630783911262236,-0.09623903248991286,0.02535442422543252,1.028990413717977,1.0399761864870785,1.0121727778274432,0.9920961112867532,1.1142857142857145,0.933293269230769,0.9915966386554621
full,49,2,104734.7090408785,-0.02538360582450294,-0.02598378023142711,-0.029627741485234414,0.04520668538860895,0.09637203663872144,0.16933620029262142,0.00016933620029262143,0.0004466592640216861,0.17866370560867445,1.357327411217349,1.0,0.7146547436714172,0.714654822434698,7.876328078637584e-08,False,0.9851107001304626,0.855656282261018,4.005343437194824,50,0.02748446113296918,0.502273668934192,-0.09308971704116889,0.20285265653261117,0.38163973896631176,-0.08557398856750556,0.06441318004259042,0.9524308174608502,0.9468745137780623,0.9571047153564893,1.0296367112810707,0.9903846153846152,1.0135222150676113,0.9600874794969929
full,49,3,105822.33393153007,0.011109389008013393,0.010384569743990602,0.00563521103724775,0.05501989717309841,0.08356001494483423,0.25097639699067376,0.00025097639699067376,0.0004661361048264163,0.18645444193056654,1.372908883861133,0.9999999999999999,0.7458177804946899,0.7458177677222659,1.277242400732348e-08,False,0.9739871025085449,0.845994448128796,3.7516047954559326,51,0.04808968837772096,0.5743559652141161,-0.10287779037441527,0.10458136137042726,0.36421090896640507,-0.08357665155615127,0.09521651800189698,1.0691438500861281,1.0726581795633896,1.0583749337868538,1.0225936242649336,0.9190938511326862,1.0320838627700126,1.019362186788155
full,49,4,105222.73428717324,-0.004774179506223053,-0.00566609733579293,-0.009950446524818905,0.049635036787006315,0.09131172277453622,0.38230042372431056,0.00038230042372431054,0.0005142978326018367,0.2057191330407347,1.4114382660814695,1.0,0.8228764533996582,0.822876532162939,7.876328078637584e-08,False,0.9469730257987976,0.8225303192312872,3.6848294734954834,52,-0.0989754521953208,0.5636213323367494,-0.10674368084541389,0.12102136521467141,0.4265972873462098,0.028747178081955232,0.06573197006114892,0.9916662901143084,1.0025358571630094,0.9627064136965677,0.9576271186440679,0.9838028169014084,1.0421668205601724,0.9972067039106144
full,49,5,105911.44061433442,0.007224268144839785,0.006545223632770991,0.0023374857820061597,0.05581493916091951,0.07684833183814066,0.16952157818845334,0.00016952157818845334,0.0005048798769712448,0.20195195078849792,1.4039039015769958,1.0,0.8078076839447021,0.8078078031539917,1.1920928955078125e-07,False,0.968161940574646,0.8409347767606257,3.7746336460113525,53,-0.09473614767193794,0.5809531100094318,-0.10721580311655998,0.08857866749167442,0.3747513182461262,0.03721406310796738,0.12045479193329811,1.0436129187650538,1.0069045203783964,1.0537813804467038,1.0290771175726925,1.0293486041517539,0.9503839338452451,1.0114845938375352
full,49,6,97357.18232801899,-0.07993877496744706,-0.08076802880497946,-0.08586443053641954,-0.027145585038366615,0.05807812674266837,0.3905893393925258,0.00039058933939252585,0.000511119964399508,0.20444798575980322,1.4088959715196065,1.0,0.8177919983863831,0.8177919430392131,5.534716995825306e-08,False,0.9887861609458923,0.8588487469622035,3.9898548126220703,54,-0.10082728096417018,0.5739013659102576,-0.10362070479563304,0.0746858896953719,0.20708162656852178,0.03662474027701787,0.3121543633086341,0.9298536593307981,0.8801916899722919,0.9556161965613983,0.9324324324324325,0.9551460361613352,0.8760099440646364,0.9872611464968152
full,49,7,100673.7694277528,0.03484985226825854,0.03406617796886802,0.030225568621332667,0.006692601574199819,0.07225235982467537,0.2344929118241583,0.0002344929118241583,0.0005230770672538451,0.20923082690153805,1.418461653803076,1.0,0.8369233012199402,0.8369233076061522,6.38621200366174e-09,False,0.9869412779808044,0.8572463019792135,4.241627216339111,55,-0.10224808087306364,0.4901634744767632,-0.10698274602847441,0.06467121014637606,0.2675664714936699,0.0179136964891638,0.36891597429556505,0.9869331771848514,0.9986076251350232,0.9760156672096543,1.0082345191040842,1.0462322533673099,0.9882937211777227,1.0513323983169707
full,49,8,102367.98974230542,0.017744995855907275,0.01682881573008399,0.013772299506207671,0.023132130935328843,0.05334459709842703,0.37354995576398714,0.00037354995576398714,0.0005270614475011826,0.21082457900047302,1.421649158000946,1.0,0.8432982563972473,0.8432983160018921,5.960464477539063e-08,False,0.9266689419746399,0.8048944161014217,3.5448734760284424,56,-0.10133291035890579,0.56842290610075,-0.10949166864156723,0.05642305687069893,0.09154856950044632,0.03392313793301582,0.460506908595562,1.0357733081792009,1.0341142880338432,1.0231835256931106,0.9411956876837635,1.048016701461378,0.9239052404881549,1.0130736392742796
full,49,9,97273.67361067035,-0.04910046309933225,-0.04976473743852128,-0.05341903077302386,-0.028027381799535567,0.04519036076318904,0.18568278742688044,0.00018568278742688043,0.0005131360090204648,0.20525440360818592,1.4105088072163716,0.9999999999999998,0.8210176229476929,0.8210176144327432,8.514949634275126e-09,False,0.8669544458389282,0.7530270637786763,3.2013049125671387,57,-0.10019767550485476,0.5438909504030431,-0.10505672810333117,0.041181569120713635,0.04631605850798742,0.026087698659726544,0.547778126916715,0.9120432847339066,0.8673832471904358,0.9509451683395475,0.9694550503297468,0.9555112881806108,0.8717948717948719,1.0287068738477745
full,49,10,95814.18752152052,-0.014139178045402767,-0.015003916630015435,-0.018363354285349683,-0.04368677110098451,0.05407929967801476,0.3802260032721928,0.0003802260032721928,0.0004972995418523039,0.19891981674092157,1.397839633481843,0.9999999999999999,0.7956792712211609,0.7956792669636861,4.257474817137563e-09,False,0.9873961210250854,0.8576413736277402,3.871643304824829,58,-0.09257274440356664,0.35506829300097054,-0.10634707233735494,0.10598081776074,0.09883058496883937,0.061116051461015425,0.5779240695493562,1.0000531712757406,0.9794685529360748,1.000391488535496,0.999641962047977,1.0055594162612926,1.0401069518716577,0.9831029185867896
full,49,11,92840.74761341767,-0.03016303331183856,-0.031033398967506787,-0.03583106446190576,-0.07711325652388057,0.048091580780194106,0.3857829017298563,0.0003857829017298563,0.0005120550521782466,0.20482202087129867,1.4096440417425975,1.0,0.8192880749702454,0.819288083485195,8.514949634275126e-09,False,0.850391685962677,0.7386408333399873,3.1250178813934326,59,-0.09597139911992211,0.5479597438658987,-0.10885062175137655,0.03369882968919616,0.02695480627673011,0.03834105549114089,0.5578675855483328,0.9160800047452287,0.912869623396696,0.9328680427305247,1.0992120343839542,1.0241879751209397,1.1696658097686377,0.9851562499999998
full,49,12,98276.21433023814,0.05977449263846757,0.058546132560816755,0.05598297076760967,-0.01754021236480896,0.07180146782923882,0.6525894893067222,0.0006525894893067223,0.0005071596069527525,0.20286384278110098,1.4057276855622018,0.9999999999999999,0.8114553689956665,0.8114553711244037,2.1287371865241766e-09,False,0.9606611728668213,0.8344196927095329,3.8017332553863525,60,0.05571167144392217,0.5755370219371148,-0.1062025542237929,-0.09666128855730807,0.02792022909436906,0.18176196116421903,0.36193295914147583,1.0911163764566931,1.1234912300099247,1.0672516751244587,0.9214727924405344,0.9787449392712549,0.9501831501831501,0.9801744647105474
full,49,13,96568.93721415746,-0.016229075369692647,-0.01737223119262321,-0.021431164146783664,-0.03552967325542378,0.06883406512337695,0.6495284395558493,0.0006495284395558493,0.000513161462066429,0.20526458482657162,1.410529169653143,0.9999999999999998,0.8210582733154297,0.821058339306286,6.599085633496315e-08,False,0.84140944480896,0.7308389578036202,3.0845823287963867,61,-0.0999031670923744,0.5624872363571609,-0.10536141773419722,0.029251017740794583,0.035831085539289875,0.025662365502544804,0.5520328796867813,0.9575598807831897,0.9536357930098714,0.9593638617140574,0.9904526166902407,1.019303688383316,0.9602929838087895,1.0035059331175835
full,49,14,92541.63224343209,-0.04118794567549089,-0.04170393800435179,-0.04759977049890044,-0.08059472883457008,0.05069429839508265,0.03341209994895128,3.341209994895128e-05,0.0005048907082527876,0.20195628330111504,1.40391256660223,1.0,0.8078251481056213,0.8078251332044601,1.4901161193847656e-08,False,0.8227725028991699,0.7146511157416736,3.002847194671631,62,-0.09470673464238644,0.5634282249957323,-0.1072495486587286,0.025825902819633484,0.025925545021891594,0.02417510189116001,0.5626015085726976,0.906604323640961,0.8950099292047539,0.9116191074982402,0.9460906818993214,1.0010145417653027,0.8916097952629467,1.0064498790647676
full,49,15,92317.33883228783,-0.0014216490784755287,-0.0024237027779481224,-0.005445935347817666,-0.08322013247878823,0.05641063407199033,0.510010477155447,0.000510010477155447,0.0004939736425876618,0.1975894570350647,1.3951789140701294,1.0,0.7903578281402588,0.7903578281402588,0.0,False,0.9422246217727661,0.8184059078985818,3.5687673091888428,63,0.06568176299333572,0.4229379966855049,-0.1088392436504364,0.06636688113212585,0.06474126130342484,-0.0887502133846283,0.5778615549206734,1.0798634244603893,1.039007305019145,1.1395080340749941,0.8803773584905662,0.9280405405405406,0.9914452949122017,1.0066755674232308
full,49,16,97203.42965776278,0.054071103041644086,0.05292711951274365,0.05236741852140003,-0.028770284670854407,0.04164858573067591,0.587580429656165,0.000587580429656165,0.0004983090875404222,0.1993236350161689,1.3986472700323378,0.9999999999999999,0.7972946166992188,0.7972945400646756,7.663454315576246e-08,False,0.9679352045059204,0.8407378363136337,4.013235092163086,64,-0.09482818256531445,0.460927350712674,-0.10449545245085445,0.05522904012884411,0.20984534759606632,0.017602769924061623,0.45571912665452274,1.0537528861202778,1.0436698440150798,1.056726336776278,1.1337333904843547,1.097196942118675,1.0286103542234333,1.0366047745358091
full,49,17,96260.35117638644,-0.008462044137237612,-0.009702111177525063,-0.013943154574766256,-0.03884931623364918,0.0772824602394297,0.7416721848504885,0.0007416721848504885,0.0005097606272569724,0.203904250902789,1.407808501805578,1.0,0.815617024898529,0.8156170036111559,2.1287373197509396e-08,False,1.0582939386367798,0.9192224355632242,4.725316524505615,65,-0.11299232499940054,0.24946109844105582,-0.09091192590338845,0.15031885994332175,0.0686396498765264,0.22920022798436027,0.5062844146575247,0.9410285276370367,0.912668726840604,0.9582963540708176,1.0015122873345936,0.9499004644990046,1.0061810154525386,1.00921187308086
full,49,18,102074.49381766387,0.06191360204383578,0.06040018107375955,0.056187388301503716,0.020323331912569187,0.059705196894292996,0.9273534800325121,0.0009273534800325121,0.0004988458300275463,0.1995383320110185,1.399076664022037,0.9999999999999999,0.798153281211853,0.7981533280440738,4.6832220768067145e-08,False,0.9686498045921326,0.8413585300620527,3.861462354660034,66,-0.09632267270769393,0.5670179703405924,-0.10321565930332458,0.05200626860771859,0.19808986570153916,0.0324653030506202,0.349958924310548,1.0617528584451108,1.1068239035899863,1.0283217793331279,1.064175160437901,0.9811386657352429,1.100043878894252,1.0210446247464502
full,49,19,101318.76797736189,-0.0066106112791807226,-0.007403669732146123,-0.011597508750117842,0.013016028557083725,0.08580410789264761,0.29887734140668587,0.00029887734140668587,0.0004997774399816989,0.1999109759926796,1.3998219519853592,1.0,0.7996439337730408,0.7996439039707184,2.9802322387695312e-08,False,1.0488297939300537,0.9110019839190941,4.42545223236084,67,-0.10223948955535889,0.5508496165275574,-0.09767148643732071,0.13346222043037415,0.1653984636068344,0.0949038490653038,0.25529682636260986,0.9738875049333385,0.9888637987703586,0.9580667059670183,0.9741042923022349,1.0316838732645068,0.9409652971679298,0.9865905140302956
full,49,20,107604.28731479548,0.06318222123649253,0.06203706838241452,0.0549601468282809,0.07066899939171756,0.05385648012705869,0.5852402544447353,0.0005852402544447352,0.0004924395600599903,0.1969758240239961,1.393951648047992,0.9999999999999998,0.7879031896591187,0.7879032960959842,1.0643686554345777e-07,False,0.9341742396354675,0.8114134348196993,3.6338067054748535,68,0.021257066833121424,0.5644490623048373,-0.09990623806204116,0.039369078086955195,0.16107966537986482,-0.09706958596195495,0.4108209514192172,1.0350516236175364,1.0668988139445743,1.0189072752337456,0.971959213401311,0.9986197377501727,0.9864349300551081,1.0646866347847974
full,49,21,109862.14805051676,0.021930423593294224,0.02098299976762008,0.014843612283505333,0.08976838907229401,0.08511554794142236,0.4223746785095759,0.0004223746785095759,0.0005051476362028293,0.2020590544811317,1.4041181089622632,0.9999999999999999,0.8082362413406372,0.8082362179245264,2.3416110828122783e-08,False,0.9675661325454712,0.8404172644819371,3.9064652919769287,69,0.01881326468927519,0.5620607204203094,-0.10246500452714308,0.06551273832363741,0.3461233443979706,-0.09959404995398863,0.20954898664993898,1.0146423361916632,1.0003827389871474,1.0247643242463869,1.0041213937804423,1.0570145127850723,0.969058874086807,1.0042553191489363
full,49,22,113426.21131496124,0.03359867254875071,0.032441230466435655,0.025721306589426063,0.1183695651940575,0.05759739064674865,0.6171561069786549,0.0006171561069786549,0.0005032890516200235,0.20131562064800945,1.4026312412960187,0.9999999999999999,0.8052625060081482,0.8052624825920374,2.3416110828122783e-08,False,0.9471367597579956,0.8226725367412469,3.7305915355682373,70,-0.09964878564434393,0.5660680561725582,-0.10166683500366552,0.05164165342492716,0.16987842614097254,0.020379413983651562,0.3933480709258999,1.0024823479186857,1.0579639578806326,0.9651039618260693,0.9328358208955223,0.9767898005884277,0.945011086474501,1.0153013182674198
full,49,23,116343.77980142388,0.02676771490777674,0.02572217173296165,0.018724138357635423,0.14047832921811132,0.06769251332836787,0.5190334314746516,0.0005190334314746517,0.0004997713597757476,0.19990854391029905,1.399817087820598,0.9999999999999999,0.7996340990066528,0.799634175641196,7.663454315576246e-08,False,0.9556601047515869,0.8300758201373957,3.8878636360168457,71,0.017035854714257365,0.556602297084672,-0.09877328787531173,0.040196371929986124,0.30981695439134327,-0.10113525603498733,0.27625706579004017,1.0647274634440285,1.0659156475343874,1.0455609523922245,1.0168,0.9832663989290497,1.0154856874706712,0.9983769997681431
full,49,24,120686.91023877251,0.03829777255949218,0.0373301472993357,0.027749650404813083,0.1714097261902271,0.06363493134605387,0.41793835642082366,0.00041793835642082365,0.0005144304183444807,0.2057721673377923,1.4115443346755845,0.9999999999999999,0.8230885863304138,0.823088669351169,8.30207551594242e-08,False,0.9683933854103088,0.8411358071906123,3.9507956504821777,72,-0.10350555474204678,0.5581882566745793,-0.10226661259574552,0.06384807532387118,0.2248825103576694,0.017353433051279593,0.34149989193039276,1.0311389371500623,1.0404774891800428,1.033478927516993,1.0743509047993705,1.0571817562968002,1.0083179297597042,1.0134695773339524
full,50,1,98163.5898284536,-0.016576957324554997,-0.018364101715463987,-0.024412558695957653,-0.018707650919812968,0.1140981555228937,1.3562242553702422,0.0013562242553702422,0.00046269816612558697,0.18507926645023481,1.3701585329004697,1.0,0.7403170466423035,0.7403170658009395,1.915863601098522e-08,False,0.9809439778327942,0.8520371132580167,4.045346736907959,50,-0.08806404338351317,0.49889665975102354,-0.09701522306672164,0.2336312843752759,0.3741556121302503,0.025809011821235933,0.0525866983724492,0.9524308174608502,0.9468745137780623,0.9571047153564893,1.0296367112810707,0.9903846153846152,1.0135222150676113,0.9600874794969929
full,50,2,98850.57361188186,0.00772085094179964,0.006998356362362124,0.002578230652957256,-0.01162791824184195,0.09003004050027524,0.23111504263111535,0.00023111504263111535,0.00048610114093337745,0.19444045637335097,1.388880912746702,1.0,0.7777617573738098,0.7777618254934038,6.811959396557654e-08,False,0.9857545495033264,0.8562155227206412,3.926175594329834,51,-0.08718605445963998,0.5659998570169722,-0.107254401913711,0.16050416869776588,0.34196438533919193,0.038299678691795874,0.08767236662762504,1.0691438500861281,1.0726581795633896,1.0583749337868538,1.0225936242649336,0.9190938511326862,1.0320838627700126,1.019362186788155
full,50,3,98136.21623982137,-0.006578493677035779,-0.007226638611782743,-0.012103359531258948,-0.01899180375595466,0.09478948034292473,0.1415927702827113,0.0001415927702827113,0.0005110571466918503,0.2044228586767401,1.4088457173534803,1.0,0.817691445350647,0.8176914347069606,1.0643686376710093e-08,False,0.9663354158401489,0.8393482775341219,3.878340005874634,52,-0.1000169427799327,0.5462989820433515,-0.1044059158968074,0.1723856343222516,0.3980308188391583,0.029035373990024843,0.0586720494819539,0.9916662901143084,1.0025358571630094,0.9627064136965677,0.9576271186440679,0.9838028169014084,1.0421668205601724,0.9972067039106144
full,50,4,98842.55095491176,0.007884704525764619,0.0071974928538540706,0.0038314331694013983,-0.011710028058828925,0.06900685055448676,0.17238698846527511,0.0001723869884652751,0.0005096811668149063,0.20387246672596254,1.407744933451925,0.9999999999999999,0.8154898285865784,0.81548986690385,3.831727157788123e-08,False,0.9777426719665527,0.8492564943128303,3.872509241104126,53,-0.0968201096568789,0.5742806185569083,-0.10705235706908364,0.12216497106211524,0.3647044290389333,0.032655573316982794,0.11006687475102286,1.0436129187650538,1.0069045203783964,1.0537813804467038,1.0290771175726925,1.0293486041517539,0.9503839338452451,1.0114845938375352
full,50,5,90925.56755904322,-0.07923704650892527,-0.08009691493575444,-0.09090411962408373,-0.0998006686630164,0.0562695803979252,0.4244089211736408,0.0004244089211736408,0.0005098925451082843,0.20395701804331373,1.4079140360866274,0.9999999999999999,0.8158280849456787,0.8158280721732547,1.277242400732348e-08,False,1.003624677658081,0.8717373188176689,4.123854637145996,54,-0.10141373266066825,0.5588853971234389,-0.10254328538264548,0.11153788279209817,0.18311590115938867,0.033521039145333414,0.31689679782305447,0.9298536593307981,0.8801916899722919,0.9556161965613983,0.9324324324324325,0.9551460361613352,0.8760099440646364,0.9872611464968152
full,50,6,94249.48506043277,0.0374578817031852,0.03655646690608916,0.0353611910244449,-0.06101375446115176,0.06851446354839487,0.3537529408931731,0.0003537529408931731,0.0005154935563249247,0.20619742252996992,1.4123948450599397,0.9999999999999999,0.8247896432876587,0.8247896901198795,4.6832220768067145e-08,False,1.0092506408691406,0.8766239683735767,4.3895792961120605,55,-0.10035786618079459,0.40557205836687765,-0.10583955634917533,0.1026918233505317,0.21691738228712762,0.0221002378634044,0.4589159206620284,0.9869331771848514,0.9986076251350232,0.9760156672096543,1.0082345191040842,1.0462322533673099,0.9882937211777227,1.0513323983169707
full,50,7,95587.14320699654,0.01508305055181558,0.014192736922711724,0.012425630892169897,-0.04616579850542557,0.04844650127112581,0.36478447169065464,0.00036478447169065463,0.0005126849109573024,0.205073964382921,1.4101479287658418,0.9999999999999998,0.8202958703041077,0.8202958575316837,1.277242400732348e-08,False,0.9193506240844727,0.7985378059483946,3.497307538986206,56,-0.09758354191269195,0.530958419399602,-0.10749042247022905,0.0749934815934726,0.06387435431991303,0.030302842812878733,0.5049448662570544,1.0357733081792009,1.0341142880338432,1.0231835256931106,0.9411956876837635,1.048016701461378,0.9239052404881549,1.0130736392742796
full,50,8,91505.98634839532,-0.04208281146719228,-0.04269566723804441,-0.04928994205179877,-0.09282467727592159,0.05262126562605515,0.13626384309359957,0.00013626384309359957,0.0005037203936704568,0.20148815746818272,1.4029763149363652,0.9999999999999999,0.8059524893760681,0.8059526298727304,1.4049666230420144e-07,False,0.9138904809951782,0.7937951859202291,3.431910276412964,57,-0.09760155794875963,0.4740185263965811,-0.10388659951942308,0.07521244617445128,0.0527003418122019,0.03486245604498045,0.5646943870399679,0.9120432847339066,0.8673832471904358,0.9509451683395475,0.9694550503297468,0.9555112881806108,0.8717948717948719,1.0287068738477745
full,50,9,90476.55439664026,-0.010268114070730694,-0.011249886404542497,-0.015187689883022855,-0.10525871223620986,0.05507309845469157,0.5067369916609356,0.0005067369916609356,0.00048571319452353885,0.19428527780941557,1.388570555618831,0.9999999999999998,0.7771411538124084,0.777141111237662,4.257474639501879e-08,False,1.0301082134246826,0.8947406257071139,4.144858360290527,58,-0.08828744505132949,0.22276126380477632,-0.10599783275808608,0.17000444765601838,0.12458178188119615,0.09048881168876374,0.5864489727786608,1.0000531712757406,0.9794685529360748,1.000391488535496,0.999641962047977,1.0055594162612926,1.0401069518716577,0.9831029185867896
full,50,10,87606.71543361724,-0.0305197325883102,-0.03171914516596119,-0.03883465993829841,-0.1414650064785683,0.05256731391879944,0.7335334005100386,0.0007335334005100386,0.000504403223416635,0.20176128936665397,1.4035225787333079,1.0,0.8070452213287354,0.8070451574666158,6.386211959252819e-08,False,0.918409526348114,0.7977203788407302,3.449812412261963,59,0.04218937882355281,0.4590511401849134,-0.10875285363623072,0.06948922627738544,-0.09300843573042325,0.05658080482057162,0.5744507392602307,0.9160800047452287,0.912869623396696,0.9328680427305247,1.0992120343839542,1.0241879751209397,1.1696658097686377,0.9851562499999998
full,50,11,91932.83163820727,0.050296696795127716,0.049381102614993955,0.0497650266772567,-0.0877506785991351,0.07898602404352996,0.38122951558658047,0.0003812295155865805,0.0004908988066017627,0.1963595226407051,1.3927190452814102,1.0,0.785438060760498,0.7854380905628204,2.9802322387695312e-08,False,0.9385769963264465,0.8152376206918088,3.636906385421753,60,0.04638325050473213,0.5543642565608025,-0.10188750177621841,0.025771047919988632,-0.0944720208644867,0.14082322269678116,0.4290177449584007,1.0911163764566931,1.1234912300099247,1.0672516751244587,0.9214727924405344,0.9787449392712549,0.9501831501831501,0.9801744647105474
full,50,12,90451.07546937317,-0.015065595782615904,-0.016117812781677343,-0.020689377400270704,-0.10557004967685657,0.05740012645098472,0.5652775509016854,0.0005652775509016854,0.0005036052529300962,0.20144210117203848,1.402884202344077,1.0,0.8057683706283569,0.8057684046881541,3.4059797204832876e-08,False,0.8654553890228271,0.751724999572092,3.180833578109741,61,-0.09764228814414569,0.5307839507503169,-0.10379981302789279,0.04506540990301541,0.03898584789463452,0.027702602956976213,0.5589042896670955,0.9575598807831897,0.9536357930098714,0.9593638617140574,0.9904526166902407,1.019303688383316,0.9602929838087895,1.0035059331175835
full,50,13,86997.74261296671,-0.03742419989763801,-0.03817901377608013,-0.046581147226086576,-0.1494551122421348,0.0539216932161667,0.282479194658143,0.000282479194658143,0.0005019888760788101,0.20079555043152403,1.4015911008630477,0.9999999999999998,0.8031823039054871,0.8031822017260954,1.0217939161449863e-07,False,0.8500413298606873,0.7383365178963968,3.108447790145874,62,0.03076385866318429,0.5323091910353728,-0.10626564015235221,0.0372892708650657,0.030220729964120036,-0.09452991027917182,0.570212499903781,0.906604323640961,0.8950099292047539,0.9116191074982402,0.9460906818993214,1.0010145417653027,0.8916097952629467,1.0064498790647676
full,50,14,85868.07512033406,-0.011989368421507995,-0.012985020745403641,-0.017552502990063862,-0.1645771709667614,0.04860888530874573,0.5175710554633822,0.0005175710554633822,0.0004906714734222208,0.19626858936888833,1.3925371787377767,1.0,0.7850743532180786,0.7850743574755534,4.257474817137563e-09,False,1.0189768075942993,0.8850720094511916,4.066006183624268,63,0.11571789107152394,0.275016691003527,-0.1077586678521974,0.12267215124198369,0.09622627070971898,-0.08850992151669093,0.5866355853421348,1.0798634244603893,1.039007305019145,1.1395080340749941,0.8803773584905662,0.9280405405405406,0.9914452949122017,1.0066755674232308
full,50,15,91292.41823272439,0.06413659013874717,0.06317066156180573,0.0669013327028191,-0.09538121495563923,0.04589246616606118,0.41375529925738075,0.0004137552992573808,0.0004943680031491178,0.19774720125964712,1.3954944025192941,1.0,0.7909888625144958,0.7909888050385883,5.747590758886645e-08,False,1.017250657081604,0.8835726941659955,4.439745903015137,64,0.021675804363829737,0.3242300187370607,-0.10457281422402179,0.11364270347569669,0.2507047389767,-0.09317438703562533,0.48749393570635996,1.0537528861202778,1.0436698440150798,1.056726336776278,1.1337333904843547,1.097196942118675,1.0286103542234333,1.0366047745358091
full,50,16,91564.00203488005,0.004559472164783918,0.002974877951675392,-0.0012155838069030957,-0.09213225479054943,0.08929087943985788,1.0719184215579716,0.0010719184215579715,0.0005067290791443416,0.20269163165773665,1.4053832633154733,1.0,0.8107664585113525,0.8107665266309465,6.811959396557654e-08,False,1.0420305728912354,0.9050962555622956,4.584846496582031,65,-0.11956060039145605,0.09123737258570533,-0.0831310312662806,0.29780614269631245,0.08897457910435538,0.21728756917374473,0.5073859680976187,0.9410285276370367,0.912668726840604,0.9582963540708176,1.0015122873345936,0.9499004644990046,1.0061810154525386,1.00921187308086
full,50,17,96839.40680887499,0.059429170372181206,0.057614397107559334,0.056240580112353576,-0.03263746955165514,0.06508410253081422,1.218027840767588,0.001218027840767588,0.0004964136917676244,0.19856547670704977,1.3971309534140997,1.0,0.7942618131637573,0.7942619068281993,9.36644419802235e-08,False,0.995015025138855,0.8642590696572603,4.117642402648926,66,-0.0951674399631364,0.5394942643386977,-0.10339803674391337,0.0820551770074027,0.22533844730683736,0.027682814214910784,0.3239947738392013,1.0617528584451108,1.1068239035899863,1.0283217793331279,1.064175160437901,0.9811386657352429,1.100043878894252,1.0210446247464502
full,50,18,96209.79727178444,-0.005582342569075083,-0.006501583991867732,-0.011314771752536732,-0.03939518464536995,0.09114113317643842,0.4304117006914957,0.0004304117006914957,0.0004944175721279214,0.19776702885116854,1.395534057702337,0.9999999999999999,0.7910681962966919,0.7910681154046739,8.089201797290002e-08,False,1.0733330249786377,0.9322852199854951,4.854412078857422,67,-0.10475097703082223,0.49429200483219965,-0.09301605182034631,0.23424468828099113,0.20643775058644157,0.08031716836350303,0.18247541678803306,0.9738875049333385,0.9888637987703586,0.9580667059670183,0.9741042923022349,1.0316838732645068,0.9409652971679298,0.9865905140302956
full,50,19,101562.39373827777,0.05690755915182222,0.055634629926229806,0.05173053195207317,0.015383585210722583,0.060964758080387385,0.7074850488986287,0.0007074850488986287,0.0004976311246199268,0.1990524498479707,1.3981048996959413,0.9999999999999999,0.7962099313735962,0.7962097993918826,1.3198171355810473e-07,False,0.9743991494178772,0.8463523475268125,3.96769642829895,68,0.019953584032399302,0.5499270127287932,-0.09975855637873923,0.0668557302228042,0.22010611157332147,-0.09929389346923148,0.3422100112906524,1.0350516236175364,1.0668988139445743,1.0189072752337456,0.971959213401311,0.9986197377501727,0.9864349300551081,1.0646866347847974
full,50,20,103999.25506651332,0.02498710536064408,0.023993736643459274,0.01856056160396016,0.038454651083371316,0.09021008537377144,0.4625823199748993,0.0004625823199748993,0.0005070400158209461,0.20281600632837843,1.4056320126567567,0.9999999999999998,0.8112640380859375,0.8112640253135135,1.277242400732348e-08,False,0.9667685627937317,0.8397245041977103,3.876862049102783,69,0.016388086335999613,0.5463391558400221,-0.10209714461650168,0.11563584368143762,0.40261715810213766,-0.10071886171187674,0.12183576236878121,1.0146423361916632,1.0003827389871474,1.0247643242463869,1.0041213937804423,1.0570145127850723,0.969058874086807,1.0042553191489363
full,50,21,106613.49476901298,0.026247063571245954,0.025137100268917356,0.020021292801672728,0.062032435793814567,0.07112983817541045,0.5735689029097557,0.0005735689029097557,0.0005085915526641267,0.2034366210656507,1.4068732421313013,0.9999999999999999,0.813746452331543,0.8137464842626025,3.193105957421949e-08,False,0.9935592412948608,0.8629945918766792,4.126562595367432,70,-0.10129824307348048,0.554156422348959,-0.10213837799217021,0.09882617715213979,0.2503699359617063,0.018918277429682856,0.2811658081731626,1.0024823479186857,1.0579639578806326,0.9651039618260693,0.9328358208955223,0.9767898005884277,0.945011086474501,1.0153013182674198
full,50,22,109231.51477383242,0.025584461917414147,0.024556178469635537,0.019132073648672268,0.08451329081123327,0.06697562737492865,0.5031051864581448,0.0005031051864581448,0.0005000294412353209,0.20001177649412838,1.4000235529882565,0.9999999999999999,0.8000470995903015,0.8000471059765131,6.38621155957253e-09,False,0.962163507938385,0.8357246043726325,3.8751044273376465,71,0.01674344124538557,0.5483736350600208,-0.09878866081791265,0.06530974352998392,0.3805311276976551,-0.10122311567621572,0.18905382896108286,1.0647274634440285,1.0659156475343874,1.0455609523922245,1.0168,0.9832663989290497,1.0154856874706712,0.9983769997681431
full,50,23,113971.95128568137,0.044367185147077715,0.043398066223508724,0.034774208067573226,0.12259113867989635,0.06607279602179719,0.41376370776976845,0.00041376370776976845,0.0005146155652723143,0.20584622610892572,1.4116924522178513,0.9999999999999999,0.8233848810195923,0.8233849044357027,2.3416110384033573e-08,False,0.9977467060089111,0.8666317775136324,4.202977180480957,72,-0.10433163414044042,0.5436620720263039,-0.10151459196848531,0.11437264909701686,0.30216184338288643,0.015949572303465415,0.22970008929925304,1.0311389371500623,1.0404774891800428,1.033478927516993,1.0743509047993705,1.0571817562968002,1.0083179297597042,1.0134695773339524
full,50,24,112265.21669433759,-0.014081525869268252,-0.014975040543665719,-0.016491691017147175,0.10925215356535478,0.0630541180521121,0.39193618829761234,0.0003919361882976124,0.0005147511578564132,0.2059004631425653,1.4118009262851305,1.0,0.8236019015312195,0.8236018525702611,4.896095839868053e-08,False,0.9905924201011658,0.8604176437302484,4.061730861663818,73,-0.11124291031488348,0.538563082526837,-0.09465755282768182,0.13784935564867087,0.11820401490799018,0.029879153306995115,0.38140485675207203,0.9822836111014266,0.9783176430619793,0.9764445432283997,0.9483705602343465,0.963940759819704,0.9404216315307058,1.0171860678276812
full,51,1,100407.22224906155,0.005871423706668599,0.004072222490615562,-0.00021139958664703317,0.004055706750371368,0.08534212674036802,1.3104380230818475,0.0013104380230818476,0.00047986261546611786,0.19194504618644714,1.3838900923728943,1.0,0.7677801251411438,0.7677801847457886,5.960464477539063e-08,False,0.9853675365447998,0.8558793675360149,3.979454278945923,51,-0.08834617957472801,0.5457065664231777,-0.10359886661171913,0.187668826431036,0.35041504725813866,0.03097495436668396,0.07717965170741081,1.0691438500861281,1.0726581795633896,1.0583749337868538,1.0225936242649336,0.9190938511326862,1.0320838627700126,1.019362186788155
full,51,2,99499.80638652906,-0.008385536311979469,-0.009037356498934224,-0.014369511893843202,-0.005027081274186829,0.10573447738570008,0.14874086050050606,0.00014874086050050607,0.0005088075476565531,0.20352301906262127,1.4070460381252423,0.9999999999999999,0.8140919804573059,0.8140920762504846,9.579317872265847e-08,False,0.9665142893791199,0.8395036451159891,3.959019899368286,52,-0.10060083945947035,0.5187630570892776,-0.10292217960315092,0.20547639498753206,0.40630122194332735,0.024770015052386685,0.04821232999009745,0.9916662901143084,1.0025358571630094,0.9627064136965677,0.9576271186440679,0.9838028169014084,1.0421668205601724,0.9972067039106144
full,51,3,100337.3469780366,0.00910686117654258,0.008417509761314834,0.004212435888164606,0.0033621277440237796,0.08353546260092005,0.17967577491487782,0.00017967577491487783,0.0005036879078085933,0.20147516312343733,1.4029503262468748,1.0,0.8059006929397583,0.8059006524937495,4.0446008764405406e-08,False,0.9687234163284302,0.8414224684038075,3.8383383750915527,53,-0.09622536466589995,0.5632258145404714,-0.10524979845753737,0.14094444497355393,0.3833229033542531,0.02589303946920804,0.08808896078595094,1.0436129187650538,1.0069045203783964,1.0537813804467038,1.0290771175726925,1.0293486041517539,0.9503839338452451,1.0114845938375352
full,51,4,92292.0366735341,-0.07935023422066112,-0.08018260943518452,-0.09012809962189812,-0.08351710076278196,0.06497742230184761,0.39864143516336187,0.00039864143516336187,0.0005058846449745553,0.20235385798982214,1.4047077159796442,0.9999999999999999,0.8094154000282288,0.8094154319592883,3.193105957421949e-08,False,1.0197855234146118,0.8857744510875707,4.322742938995361,54,-0.101472817627447,0.5402287763676472,-0.10088104036237514,0.13858873370502675,0.21460238817547048,0.029630535947425013,0.27930342379425255,0.9298536593307981,0.8801916899722919,0.9556161965613983,0.9324324324324325,0.9551460361613352,0.8760099440646364,0.9872611464968152
full,51,5,95887.00702603527,0.03996379062832589,0.03895211853670233,0.037518382160190746,-0.04289416367796295,0.062091098492565326,0.4613463000527449,0.0004613463000527449,0.0005119226686656474,0.204769067466259,1.409538134932518,1.0,0.8190762400627136,0.819076269865036,2.9802322387695312e-08,False,1.032228708267212,0.8965824641251434,4.65083646774292,55,-0.09958494454622269,0.3257538080215454,-0.10518412292003632,0.1328548640012741,0.2594813108444214,0.023469306528568268,0.46320977807044983,0.9869331771848514,0.9986076251350232,0.9760156672096543,1.0082345191040842,1.0462322533673099,0.9882937211777227,1.0513323983169707
full,51,6,97058.01148056294,0.013177830422289594,0.012212337112678107,0.009942370622431185,-0.0303116504712877,0.0528028516848813,0.4423989738736833,0.00044239897387368334,0.0005109910427459649,0.20439641709838596,1.4087928341967717,0.9999999999999999,0.8175855875015259,0.8175856683935434,8.089201752881081e-08,False,0.946752667427063,0.8223389183815161,3.695552349090576,56,-0.09635044527905329,0.4943226511989321,-0.10804597181933268,0.09702878551823751,0.07696975128991262,0.030644835105964108,0.5054303939853395,1.0357733081792009,1.0341142880338432,1.0231835256931106,0.9411956876837635,1.048016701461378,0.9239052404881549,1.0130736392742796
full,51,7,93515.2925360019,-0.03582948139883513,-0.03650104602926585,-0.04127349590290033,-0.06934381840811321,0.044826559321496415,0.1906296036073141,0.0001906296036073141,0.0005061336819614683,0.2024534727845873,1.4049069455691747,1.0,0.809813916683197,0.8098138911383495,2.554484757055775e-08,False,0.9597601890563965,0.8336371081152295,3.721731185913086,57,-0.09796891787222453,0.4065977366907256,-0.10448455491236278,0.1124509083373206,0.07099833658763341,0.042298551116670885,0.5701079400522369,0.9120432847339066,0.8673832471904358,0.9509451683395475,0.9694550503297468,0.9555112881806108,0.8717948717948719,1.0287068738477745
full,51,8,92613.81697626128,-0.008674992486131017,-0.00963987317254622,-0.013216954231344872,-0.07975249552269226,0.0561655423353165,0.48774557454245415,0.0004877455745424542,0.0004860526802284378,0.19442107209137513,1.38884214418275,0.9999999999999998,0.7776842713356018,0.7776842883655002,1.7029898380371833e-08,False,1.0350595712661743,0.8990413204840904,4.180621147155762,58,-0.0868082738348416,0.16585319276366914,-0.10761279825653353,0.19881725843463624,0.14345469112907136,0.09906345392976487,0.5872324758342333,1.0000531712757406,0.9794685529360748,1.000391488535496,0.999641962047977,1.0055594162612926,1.0401069518716577,0.9831029185867896
full,51,9,90747.50352537222,-0.018944827734525438,-0.02015156606025037,-0.02478107407229369,-0.10195868883644676,0.05149761517078359,0.7274379879236221,0.0007274379879236222,0.0005033603789550918,0.20134415158203675,1.4026883031640733,0.9999999999999998,0.8053765296936035,0.8053766063281467,7.663454315576246e-08,False,0.9703319668769836,0.8428196376580059,3.764045476913452,59,0.060824682669980173,0.38193923022065845,-0.10933706377233782,0.10482918258224214,-0.09200708780969893,0.07385711159024919,0.5798939445189066,0.9160800047452287,0.912869623396696,0.9328680427305247,1.0992120343839542,1.0241879751209397,1.1696658097686377,0.9851562499999998
full,51,10,95117.85546595686,0.04918293745611724,0.04815947294200473,0.04714318097876331,-0.0513273192517516,0.06976377211863702,0.48768740573099667,0.0004876874057309967,0.000488275880260127,0.1953103521040508,1.3906207042081014,0.9999999999999999,0.781241238117218,0.7812414084162027,1.7029898469189675e-07,False,0.9551457166671753,0.8296290283241622,3.7520980834960938,60,0.055374615958758755,0.5425013128135885,-0.1016130026962076,0.028773454150983258,-0.09369734940784319,0.1494146707866873,0.4192462983940329,1.0911163764566931,1.1234912300099247,1.0672516751244587,0.9214727924405344,0.9787449392712549,0.9501831501831501,0.9801744647105474
full,51,11,93708.08083974697,-0.013700295271425356,-0.014821345785223872,-0.01858922612382416,-0.06714382691299625,0.05545436925159016,0.6336252130568026,0.0006336252130568026,0.0005036438110151461,0.20145752440605846,1.4029150488121167,0.9999999999999999,0.8058301210403442,0.8058300976242334,2.3416110828122783e-08,False,0.8948961496353149,0.7772969193261682,3.328662872314453,61,-0.09751861622290953,0.49940913835806505,-0.10393890818314894,0.06160920406026499,0.04878944823784487,0.030913376382419033,0.5607363573674644,0.9575598807831897,0.9536357930098714,0.9593638617140574,0.9904526166902407,1.019303688383316,0.9602929838087895,1.0035059331175835
full,51,12,90262.25433992017,-0.035984883964953474,-0.036771924779033904,-0.04335999946821001,-0.10788281027646707,0.052420322094783936,0.31209593851651485,0.00031209593851651486,0.0005046570913067887,0.20186283652271547,1.403725673045431,1.0,0.8074514269828796,0.8074513460908621,8.089201752881081e-08,False,0.8733867406845093,0.7586140840934975,3.2151944637298584,62,0.03648616267102103,0.5095611315752779,-0.1067519012306418,0.047339591064623404,0.03584839669721465,-0.09511093529207368,0.5726275545145785,0.906604323640961,0.8950099292047539,0.9116191074982402,0.9460906818993214,1.0010145417653027,0.8916097952629467,1.0064498790647676
full,51,13,88734.46187970699,-0.01588783573882535,-0.01692615004340181,-0.021176844289959494,-0.12695786824700828,0.04203572638836566,0.5631472617387773,0.0005631472617387773,0.0004924869218042918,0.19699476872171676,1.3939895374434335,1.0,0.787979245185852,0.7879790748868669,1.7029898513598596e-07,False,1.032696008682251,0.8969883561084285,4.173121452331543,63,0.13042988521712165,0.22984398049967628,-0.10860838102442877,0.14281982822077613,0.10710345847266059,-0.08838638769728799,0.5867976163114821,1.0798634244603893,1.039007305019145,1.1395080340749941,0.8803773584905662,0.9280405405405406,0.9914452949122017,1.0066755674232308
full,51,14,94731.23026723936,0.06856645801688788,0.06758105318384522,0.06861753444981934,-0.055618086220323715,0.054444951537304415,0.42761079328400753,0.00042761079328400753,0.0004949892591685057,0.19799570366740227,1.3959914073348045,1.0,0.7919828295707703,0.7919828146696091,1.4901161193847656e-08,False,1.0316598415374756,0.8960883527618178,4.586855888366699,64,0.023542139679193497,0.26428491435945034,-0.10480808652937412,0.1443354096263647,0.2811520453542471,-0.09318761713802814,0.48468119464814663,1.0537528861202778,1.0436698440150798,1.056726336776278,1.1337333904843547,1.097196942118675,1.0286103542234333,1.0366047745358091
full,51,15,95189.97435538431,0.0064195477554012115,0.004842585563924695,0.0006856197358247858,-0.0505308009292853,0.08803331110427252,1.060466195855822,0.001060466195855822,0.0005076660614992891,0.20306642459971566,1.4061328491994314,1.0,0.8122656941413879,0.8122656983988628,4.257474817137563e-09,False,1.0297954082489014,0.8944689265836088,4.520302772521973,65,-0.12179783412388395,0.06665295681783132,-0.08126859047583171,0.336524102304663,0.09389087877103261,0.21114781818219594,0.4948506685239928,0.9410285276370367,0.912668726840604,0.9582963540708176,1.0015122873345936,0.9499004644990046,1.0061810154525386,1.00921187308086
full,51,16,100560.43275006073,0.05829030465538487,0.05641831958716814,0.0526751380554333,0.005573094056323891,0.06857513860351787,1.2726267256907053,0.0012726267256907055,0.0004978162901742118,0.19912651606968473,1.3982530321393694,0.9999999999999999,0.7965061068534851,0.7965060642787387,4.257474639501879e-08,False,1.0092289447784424,0.8766051233886385,4.27318000793457,66,-0.09486554030861175,0.5258745008281298,-0.10426097576107299,0.1014733218720981,0.24405040379081452,0.026829911129815226,0.30089837844882694,1.0617528584451108,1.1068239035899863,1.0283217793331279,1.064175160437901,0.9811386657352429,1.100043878894252,1.0210446247464502
full,51,17,99944.02260681152,-0.005181100455237453,-0.006129748315436223,-0.010415765634303251,-0.0005600874542412981,0.08565168247476124,0.46059663806642803,0.00046059663806642806,0.0004934468146945749,0.19737872587782995,1.39475745175566,1.0,0.7895148396492004,0.78951490351132,6.386211959252819e-08,False,1.0756970643997192,0.93433859853665,4.9544572830200195,67,-0.10545805522373744,0.46802633575030733,-0.09192067065409251,0.2698605912072318,0.22305284014769963,0.07640065572091512,0.16003830305167607,0.9738875049333385,0.9888637987703586,0.9580667059670183,0.9741042923022349,1.0316838732645068,0.9409652971679298,0.9865905140302956
full,51,18,105294.93150963701,0.05485951620338314,0.053539058797707595,0.04794583777447623,0.05028667034321965,0.05801840045969434,0.75089327405606,0.00075089327405606,0.0005016759450414351,0.20067037801657406,1.401340756033148,0.9999999999999999,0.8026816248893738,0.8026815120662958,1.1282307799120872e-07,False,0.9854958653450012,0.8559908325156084,4.076539039611816,68,0.019316841981240673,0.5429288885955299,-0.1002519436712776,0.07956431726259844,0.23499376992029802,-0.10041843434529646,0.3238665602569069,1.0350516236175364,1.0668988139445743,1.0189072752337456,0.971959213401311,0.9986197377501727,0.9864349300551081,1.0646866347847974
full,51,19,107863.83382204776,0.025384317429461456,0.024397207686826183,0.018559470500221206,0.07290519484984559,0.08118108012809462,0.45396633233342853,0.00045396633233342855,0.000509170281833836,0.2036681127335344,1.4073362254670687,1.0,0.8146723508834839,0.8146724509341374,1.0005065353979603e-07,False,0.966712236404419,0.8396755797175821,3.8935086727142334,69,0.015568338866744719,0.5395331257688147,-0.10236069320568017,0.1319821947919471,0.40955905855766367,-0.10130741952785424,0.10702539474836417,1.0146423361916632,1.0003827389871474,1.0247643242463869,1.0041213937804423,1.0570145127850723,0.969058874086807,1.0042553191489363
full,51,20,110360.02216976456,0.024240891690907596,0.02314203249844593,0.017649497740303284,0.09387477427132052,0.06640163362343282,0.5626340662794455,0.0005626340662794455,0.0005107941478490829,0.20431765913963318,1.4086353182792664,1.0,0.8172706961631775,0.8172706365585327,5.960464477539063e-08,False,1.0012478828430176,0.8696728610720723,4.207118034362793,70,-0.10183237493038177,0.5484534576535225,-0.1024852842092514,0.11559908092021942,0.26215044409036636,0.01821061223745346,0.25990406423807144,1.0024823479186857,1.0579639578806326,0.9651039618260693,0.9328358208955223,0.9767898005884277,0.945011086474501,1.0153013182674198
full,51,21,113051.81664530594,0.025403727821177613,0.024391028767651424,0.017801618518853174,0.11544986213052488,0.07546938680702384,0.48688439173357834,0.00048688439173357834,0.0005012136923947505,0.2004854769579002,1.4009709539158002,0.9999999999999999,0.8019418716430664,0.8019419078316004,3.618853394726784e-08,False,0.9658523797988892,0.8389287177595628,3.9015650749206543,71,0.016518932900258465,0.5447849027280296,-0.09903021236615522,0.07296845237059252,0.38378626028341906,-0.10145526459174498,0.18242692867560045,1.0647274634440285,1.0659156475343874,1.0455609523922245,1.0168,0.9832663989290497,1.0154856874706712,0.9983769997681431
full,51,22,118066.4320911341,0.045329146116215746,0.0443567878396971,0.033476206080075156,0.15301920936501945,0.08186282308838813,0.41504231574279915,0.00041504231574279916,0.000515583986416459,0.20623359456658363,1.4124671891331673,1.0,0.8249344229698181,0.8249343782663345,4.470348358154297e-08,False,1.0025649070739746,0.8708168137841473,4.258380889892578,72,-0.10473358072340488,0.5374367292970419,-0.10150001384317875,0.12928669713437557,0.3073355909436941,0.015413414686918259,0.2167611625045538,1.0311389371500623,1.0404774891800428,1.033478927516993,1.0743509047993705,1.0571817562968002,1.0083179297597042,1.0134695773339524
full,51,23,116176.09975641337,-0.015117222556811805,-0.016010751754246377,-0.016918166290641735,0.1392377588017658,0.06273431454776189,0.39323288840906945,0.00039323288840906943,0.0005144231167754957,0.20576924671019828,1.4115384934203965,1.0,0.8230769634246826,0.823076986840793,2.3416110384033573e-08,False,0.9990900754928589,0.867798613421704,4.160281658172607,73,-0.11183936441583292,0.5313221782978093,-0.09392988229436536,0.1536866695220981,0.12393948143082004,0.02874674169080596,0.36807417576866486,0.9822836111014266,0.9783176430619793,0.9764445432283997,0.9483705602343465,0.963940759819704,0.9404216315307058,1.0171860678276812
full,51,24,114076.9626237582,-0.01701405456499261,-0.018068579828867004,-0.018989152002507698,0.12339882041026973,0.06300427222023228,0.5554255050207886,0.0005554255050207886,0.0005179278925061226,0.20717115700244904,1.414342314004898,1.0,0.8286846280097961,0.8286846280097961,0.0,False,0.9580305814743042,0.8321347900577082,3.9134366512298584,74,-0.10373324528336525,0.5456702150404453,-0.10343791171908379,0.05750122666358948,0.3791980780661106,0.013478118926286697,0.21132351830601692,0.953865200398201,0.9405989802128366,0.9695992992920063,0.9972972972972974,1.0277221108884433,0.9517543859649122,0.9894120297364272
full,52,1,98895.27845356392,-0.009133017373676888,-0.011047215464360716,-0.016330507387279716,-0.011170619707135954,0.10319775360287528,1.4234047659805842,0.0014234047659805842,0.0005103052806641374,0.20412211226565496,1.40824422453131,1.0,0.81648850440979,0.8164884490626201,5.534716995825306e-08,False,0.9627894759178162,0.8362683132512627,3.9718008041381836,52,-0.10047432460955211,0.5086541282279151,-0.10364778765610286,0.2207001256091254,0.4109195577246802,0.02358031219669751,0.04026798850723676,0.9916662901143084,1.0025358571630094,0.9627064136965677,0.9576271186440679,0.9838028169014084,1.0421668205601724,0.9972067039106144
full,52,2,99773.25053421399,0.009565825514544102,0.008877795728764903,0.003992406112000973,-0.0022726478747752132,0.09811131440719534,0.17731592963848783,0.00017731592963848785,0.0005044269787945918,0.20177079151783672,1.4035415830356732,0.9999999999999999,0.8070831298828125,0.8070831660713464,3.618853394726784e-08,False,0.9620538353919983,0.8356293440092085,3.8128039836883545,53,-0.09553837110953672,0.5593448273305381,-0.1062324204083,0.15290948668760912,0.39263686457914965,0.02452154936535017,0.07235806355518953,1.0436129187650538,1.0069045203783964,1.0537813804467038,1.0290771175726925,1.0293486041517539,0.9503839338452451,1.0114845938375352
full,52,3,91606.14667112123,-0.08105939043258326,-0.08185664814330296,-0.09232934090674247,-0.09162980470092119,0.059443681611929707,0.3624311478010244,0.00036243114780102443,0.0005055289209953377,0.2022115683981351,1.40442313679627,1.0,0.8088462352752686,0.8088462735925401,3.831727157788123e-08,False,1.0280108451843262,0.892918874800502,4.4114909172058105,54,-0.10093380989772935,0.5356782701398646,-0.10127775850040574,0.1626115467931543,0.24048328665750365,0.029897316225937415,0.2335411485816751,0.9298536593307981,0.8801916899722919,0.9556161965613983,0.9324324324324325,0.9551460361613352,0.8760099440646364,0.9872611464968152
full,52,4,95156.6162580803,0.039802289126889656,0.03875798421808696,0.0377584429170875,-0.050899074939609434,0.05944573688448512,0.4917113030595439,0.000491711303059544,0.000513123639726213,0.2052494558904852,1.4104989117809705,1.0,0.8209978342056274,0.8209978235619411,1.0643686376710093e-08,False,1.0453014373779297,0.907937292357545,4.866518020629883,55,-0.09907213092914649,0.30942979215511257,-0.10617732496133872,0.15509930013545922,0.2896071648491281,0.022701955799545565,0.42841124295123983,0.9869331771848514,0.9986076251350232,0.9760156672096543,1.0082345191040842,1.0462322533673099,0.9882937211777227,1.0513323983169707
full,52,5,96218.79102235378,0.012171225219179904,0.01116238477199194,0.009383955433588189,-0.03929803043116342,0.044341781497156445,0.48373454968844143,0.00048373454968844145,0.0005134717694350652,0.20538870777402607,1.4107774155480521,1.0,0.8215547204017639,0.8215548310961043,1.1069434036059533e-07,False,0.9679996967315674,0.840793853549082,3.8810293674468994,56,-0.09566069660442217,0.4907399314854826,-0.1097280111696039,0.11642863335353987,0.08996124299509184,0.030526132455893917,0.4777327674840178,1.0357733081792009,1.0341142880338432,1.0231835256931106,0.9411956876837635,1.048016701461378,0.9239052404881549,1.0130736392742796
full,52,6,92774.56001084203,-0.03509302486580268,-0.035795825066140874,-0.040646777449695165,-0.07788169502839537,0.04126225704926433,0.22016183180468424,0.00022016183180468424,0.0005084641277790069,0.20338565111160278,1.4067713022232056,1.0,0.8135426044464111,0.8135426044464111,0.0,False,0.9677826762199402,0.840605351927763,3.798983573913574,57,-0.09732438996434212,0.3976670242846012,-0.10606126114726067,0.12603025510907173,0.0746169276535511,0.040273383259773254,0.5647980608046055,0.9120432847339066,0.8673832471904358,0.9509451683395475,0.9694550503297468,0.9555112881806108,0.8717948717948719,1.0287068738477745
full,52,7,91883.73221069171,-0.008637916403121948,-0.009602069792044476,-0.013538094008847833,-0.08833193421766405,0.061757096391582965,0.4867658636399679,0.00048676586363996787,0.00048626160515206207,0.19450464206082482,1.3890092841216497,1.0,0.7780186533927917,0.7780185682432994,8.514949234594837e-08,False,1.0329118967056274,0.8971758740629514,4.178481101989746,58,-0.08527614602020808,0.15745132735797338,-0.10922849604061674,0.21180773845740727,0.14469013682433537,0.09495690039225987,0.585598539028849,1.0000531712757406,0.9794685529360748,1.000391488535496,0.999641962047977,1.0055594162612926,1.0401069518716577,0.9831029185867896
full,52,8,90167.77817511605,-0.01746303325972942,-0.01867527574566663,-0.02306932043244421,-0.10904362981849958,0.04715249663217372,0.7296392225793429,0.0007296392225793429,0.0005049106904438564,0.20196427617754256,1.403928552355085,1.0,0.8078570365905762,0.8078571047101701,6.811959396557654e-08,False,0.975297212600708,0.8471323952962203,3.8101131916046143,59,0.06215885920183997,0.37483593342559673,-0.11100256921989576,0.11327394364135604,-0.0909617069576468,0.07369136331336837,0.5780041765953814,0.9160800047452287,0.912869623396696,0.9328680427305247,1.0992120343839542,1.0241879751209397,1.1696658097686377,0.9851562499999998
full,52,9,94542.34161868416,0.04958504677698494,0.048515817203260925,0.04774706469420434,-0.057727133555969035,0.0713886313665241,0.5308819913438388,0.0005308819913438388,0.0004883537228618349,0.19534148914473398,1.3906829782894679,1.0,0.7813659310340881,0.7813659565789357,2.554484757055775e-08,False,0.9689427018165588,0.841612937358719,3.8524200916290283,60,0.06374318578413554,0.5425307122724397,-0.10216579160520009,0.031050984348569594,-0.09317569753953389,0.16101647594145366,0.3970001307981355,1.0911163764566931,1.1234912300099247,1.0672516751244587,0.9214727924405344,0.9787449392712549,0.9501831501831501,0.9801744647105474
full,52,10,93157.84755707698,-0.01347162935784052,-0.014644169352090342,-0.01857268337386794,-0.07344687133020011,0.05705891199273722,0.6835347355476448,0.0006835347355476448,0.0005057238747498819,0.2022895498999528,1.4045790997999055,1.0,0.809158205986023,0.809158199599811,6.38621200366174e-09,False,0.9019062519073486,0.7833858167948115,3.3723623752593994,61,-0.09733557248754163,0.4945524305637394,-0.10495397741241116,0.06734910314636569,0.050866232120564986,0.031094333955219794,0.5584274501140629,0.9575598807831897,0.9536357930098714,0.9593638617140574,0.9904526166902407,1.019303688383316,0.9602929838087895,1.0035059331175835
full,52,11,89733.32848859006,-0.035963606651572944,-0.03676039279877885,-0.04398749538834003,-0.11441313594775848,0.06042461541563325,0.32089001419288743,0.0003208900141928874,0.0005059621775788921,0.20238487103155686,1.4047697420631136,0.9999999999999998,0.8095394372940063,0.8095394841262271,4.6832220768067145e-08,False,0.8771041631698608,0.76184299623808,3.236027956008911,62,0.03715476925883973,0.5077625491789408,-0.1075116268226079,0.049893261598689204,0.03640229414616311,-0.09487324420894896,0.5711719968489237,0.906604323640961,0.8950099292047539,0.9116191074982402,0.9460906818993214,1.0010145417653027,0.8916097952629467,1.0064498790647676
full,52,12,88147.58718736973,-0.01663157476918231,-0.017671709362948262,-0.02214224683286603,-0.13446100104176817,0.04188763477712686,0.5655966720410754,0.0005655966720410755,0.0004926893620618752,0.1970757448247501,1.3941514896495,0.9999999999999999,0.7883028984069824,0.788302979299,8.089201752881081e-08,False,1.0336146354675293,0.8977862651959784,4.1871657371521,63,0.13039573388440268,0.22678626435143606,-0.10933367801564081,0.14696499066693441,0.10726490723235266,-0.08774206680910929,0.5856638486896242,1.0798634244603893,1.039007305019145,1.1395080340749941,0.8803773584905662,0.9280405405405406,0.9914452949122017,1.0066755674232308
full,52,13,94183.80903605517,0.06947993534402452,0.06847858280969876,0.0701928083649552,-0.06175361798882317,0.050291493759795906,0.4416572919913701,0.00044165729199137013,0.0004950798795159373,0.19803195180637495,1.39606390361275,1.0,0.7921278476715088,0.7921278072255,4.0446008764405406e-08,False,1.0351128578186035,0.8990876045954497,4.6402668952941895,64,0.023549973432506838,0.26080900936254436,-0.105158927451287,0.1514057269585984,0.2854553213609117,-0.09287302435508796,0.4768119206918137,1.0537528861202778,1.0436698440150798,1.056726336776278,1.1337333904843547,1.097196942118675,1.0286103542234333,1.0366047745358091
full,52,14,94648.10761598202,0.006510264646574004,0.004929706970643988,0.0009004209186984826,-0.05654515994902232,0.08616074242204746,1.06339858685221,0.00106339858685221,0.0005081700640065331,0.20326802560261323,1.4065360512052263,0.9999999999999999,0.8130719661712646,0.8130721024104526,1.3623918793115308e-07,False,1.0312139987945557,0.8957010986757243,4.546807289123535,65,-0.12128197614635744,0.06444383944783891,-0.08198604945625579,0.34340978946004597,0.09495314742837632,0.21375220801149095,0.486709041254861,0.9410285276370367,0.912668726840604,0.9582963540708176,1.0015122873345936,0.9499004644990046,1.0061810154525386,1.00921187308086
full,52,15,99992.08157255426,0.05834331511169277,0.056461498187100334,0.052652074055807296,-7.919054510319157e-05,0.07627790696223659,1.2808643696563584,0.0012808643696563585,0.0004987962490745954,0.19951849962983814,1.399036999259676,0.9999999999999999,0.798073947429657,0.7980739985193521,5.10896951411155e-08,False,1.0127695798873901,0.8796804799691363,4.306548595428467,66,-0.0947271761085306,0.5250033709619726,-0.10479132352130754,0.10732068600399153,0.248271000704595,0.027363957038947506,0.2915594849203314,1.0617528584451108,1.1068239035899863,1.0283217793331279,1.064175160437901,0.9811386657352429,1.100043878894252,1.0210446247464502
full,52,16,99374.35757584653,-0.005227291669697709,-0.006177729146077615,-0.010900289665010075,-0.006295813521873139,0.09367333376480252,0.46242938084261753,0.0004624293808426175,0.0004934591321008547,0.19738365284034187,1.3947673056806837,0.9999999999999999,0.7895346283912659,0.7895346113613675,1.7029898380371833e-08,False,1.0760750770568848,0.9346669361588432,4.964165687561035,67,-0.10531016226325718,0.4645351490804127,-0.0920734905770847,0.2756386420556477,0.2249050906726292,0.07754285846437725,0.1547619125672749,0.9738875049333385,0.9888637987703586,0.9580667059670183,0.9741042923022349,1.0316838732645068,0.9409652971679298,0.9865905140302956
full,52,17,104655.33723068945,0.054471121547001955,0.05314227717962616,0.047600875682259805,0.044482559168748326,0.06354994016723324,0.7585631103387901,0.0007585631103387902,0.0005024314764887094,0.20097259059548378,1.4019451811909676,1.0,0.8038903474807739,0.8038903623819351,1.4901161193847656e-08,False,0.9878515005111694,0.8580369112236965,4.096459865570068,68,0.019454892724752426,0.5422757249325514,-0.10052497871220112,0.08279904536902905,0.23647247068583965,-0.10044761188328266,0.31997045688331127,1.0350516236175364,1.0668988139445743,1.0189072752337456,0.971959213401311,0.9986197377501727,0.9864349300551081,1.0646866347847974
full,52,18,107209.00200456823,0.025385782188832806,0.024400712294775806,0.018577343526138324,0.0672425064106188,0.08365207431464292,0.45168014190026695,0.00045168014190026697,0.000509463833378894,0.20378553335155764,1.4075710667031152,1.0,0.8151420950889587,0.8151421334062303,3.831727157788123e-08,False,0.9669885039329529,0.8399155426439248,3.8986871242523193,69,0.015538780816963721,0.5386288788701807,-0.10249769421560426,0.13551004497068267,0.4096015420343195,-0.10128783913595338,0.104506286659411,1.0146423361916632,1.0003827389871474,1.0247643242463869,1.0041213937804423,1.0570145127850723,0.969058874086807,1.0042553191489363
full,52,19,109649.28832072986,0.02385762289547677,0.02276195347903376,0.017745772258754223,0.08800137664829333,0.060261959578406146,0.5594552361539431,0.0005594552361539431,0.0005112562275358609,0.20450249101434437,1.4090049820286885,0.9999999999999999,0.8180099129676819,0.818009964057377,5.10896951411155e-08,False,1.0027084350585938,0.8709414806075849,4.220755100250244,70,-0.10182559011237963,0.5478376123522009,-0.10267690090196474,0.11933608087045805,0.26359146567327635,0.018251263669558926,0.2554860684488501,1.0024823479186857,1.0579639578806326,0.9651039618260693,0.9328358208955223,0.9767898005884277,0.945011086474501,1.0153013182674198
full,52,20,112322.18623624934,0.02539038881689004,0.024376792193134156,0.01785338683995058,0.10970393872437512,0.07698350472262414,0.48773225822619026,0.00048773225822619027,0.0005012548967663731,0.20050195870654924,1.4010039174130984,0.9999999999999999,0.8020079135894775,0.8020078348261968,7.876328078637584e-08,False,0.9661633968353271,0.8391988637249687,3.9011614322662354,71,0.0165742566542966,0.544465905587588,-0.09906138612755708,0.07463903592101165,0.3854422332452876,-0.10144057257899217,0.17938052729836532,1.0647274634440285,1.0659156475343874,1.0455609523922245,1.0168,0.9832663989290497,1.0154856874706712,0.9983769997681431
full,52,21,117332.32307299104,0.045579412135305475,0.0446050509220306,0.03469662034333121,0.14771993444814702,0.0663875076088139,0.41641587923680023,0.00041641587923680023,0.0005159049767202565,0.20636199068810263,1.4127239813762051,0.9999999999999999,0.8254479169845581,0.8254479627524103,4.576785217480506e-08,False,1.0033258199691772,0.8714777343273384,4.265976905822754,72,-0.10478195002568622,0.5367164591859495,-0.10158004066241641,0.13266375461327176,0.30885860124336817,0.01541319941835742,0.21270997622715573,1.0311389371500623,1.0404774891800428,1.033478927516993,1.0743509047993705,1.0571817562968002,1.0083179297597042,1.0134695773339524
full,52,22,115424.98150071256,-0.015360263803553376,-0.016255892002512873,-0.01719372407889315,0.1336364216841338,0.06220422629759882,0.39535114674695904,0.00039535114674695904,0.0005146626835422857,0.2058650734169143,1.4117301468338286,0.9999999999999999,0.8234602212905884,0.8234602936676572,7.23770687827141e-08,False,1.0008703470230103,0.8693449376253722,4.179839611053467,73,-0.11195019419704166,0.5303482956119946,-0.09391487921987263,0.15711649720157894,0.12471943561519894,0.028832683605807152,0.36484816138233456,0.9822836111014266,0.9783176430619793,0.9764445432283997,0.9483705602343465,0.963940759819704,0.9404216315307058,1.0171860678276812
full,52,23,113348.4300325161,-0.016932238200227934,-0.01799048560543748,-0.01968940245275458,0.11776457802447604,0.07635117586193615,0.5589524643229586,0.0005589524643229587,0.0005181018788633602,0.2072407515453441,1.414481503090688,0.9999999999999999,0.8289629220962524,0.8289630061813762,8.408512375268629e-08,False,0.9583307504653931,0.8323955135306449,3.913177490234375,74,-0.10374205120440042,0.545484830359263,-0.10349870034094369,0.058612745920462256,0.3808509900367686,0.013500373544437533,0.2087918116844126,0.953865200398201,0.9405989802128366,0.9695992992920063,0.9972972972972974,1.0277221108884433,0.9517543859649122,0.9894120297364272
full,52,24,113285.49655498666,0.0006853941728697244,-0.0005552214310456938,-0.0032725613126261934,0.11727446989242907,0.05564906361158439,0.732840119195836,0.000732840119195836,0.0005076949018985033,0.20307796075940132,1.4061559215188026,1.0,0.8123118281364441,0.8123118430376053,1.4901161193847656e-08,False,0.9243440628051758,0.8028750517126414,3.60640025138855,75,0.01776910200715065,0.5517221037298441,-0.10231575928628445,0.03786097653210163,0.14944527484476566,-0.10076220147311687,0.4462805036455393,0.9753702827932057,0.9734845260871898,0.9817779805097796,0.9632210607820363,0.9691257718557038,0.9810547875064004,1.0403005464480872
full,53,1,100824.33597645504,0.010121523783872988,0.008243359764550373,0.003806392356546613,0.008175962365351341,0.08739140017609456,1.3563548124262266,0.0013563548124262267,0.0005047205330005714,0.20188821320022857,1.403776426400457,1.0,0.8075529336929321,0.8075528528009142,8.089201797290002e-08,False,0.9720650911331177,0.8443250102597893,3.946094274520874,53,-0.09454502644283433,0.5453876358057772,-0.10734318675739424,0.185982878186873,0.3753783207918916,0.020703210362366248,0.07443616805332046,1.0436129187650538,1.0069045203783964,1.0537813804467038,1.0290771175726925,1.0293486041517539,0.9503839338452451,1.0114845938375352
full,53,2,92862.00249681181,-0.07812753099129066,-0.0789723374077329,-0.08814291849117922,-0.07686671955446212,0.06200473142731526,0.41149820813110904,0.0004114982081311091,0.0005053246420408997,0.20212985681635992,1.40425971363272,1.0,0.8085193037986755,0.8085194272654399,1.234667643679188e-07,False,1.0395655632019043,0.9029551753504665,4.632213115692139,54,-0.10096443497708865,0.5007440889520305,-0.10116542183927127,0.19599361664482526,0.2206921721143382,0.026409942124571123,0.25829003698059494,0.9298536593307981,0.8801916899722919,0.9556161965613983,0.9324324324324325,0.9551460361613352,0.8760099440646364,0.9872611464968152
full,53,3,96736.86897968962,0.042890184935473696,0.04172714758128171,0.039792585437888044,-0.03373203055595586,0.06684207121236424,0.6042711138725281,0.0006042711138725281,0.0005115571551557097,0.20462286206228392,1.409245724124568,1.0,0.8184913992881775,0.8184914482491359,4.896095839868053e-08,False,1.0457876920700073,0.9083596478166827,4.7836198806762695,55,-0.0978913815425975,0.2043799398733037,-0.10673148051968642,0.20464823528059892,0.3014256594968694,0.026204592947449007,0.46796443446406294,0.9869331771848514,0.9986076251350232,0.9760156672096543,1.0082345191040842,1.0462322533673099,0.9882937211777227,1.0513323983169707
full,53,4,97389.74737966519,0.0077896881536405616,0.006749013141128746,0.0043740308657607,-0.026802129490684168,0.05111740399021985,0.5197742969862053,0.0005197742969862052,0.0005133903718420438,0.2053561487368175,1.410712297473635,1.0,0.8214246034622192,0.82142459494727,8.514949190185916e-09,False,0.9931769371032715,0.8626625266750477,4.127639293670654,56,-0.09298909721629961,0.4225348878119673,-0.1123670515205179,0.15679112555725233,0.09503119172794477,0.033401691487857266,0.4975972521517958,1.0357733081792009,1.0341142880338432,1.0231835256931106,0.9411956876837635,1.048016701461378,0.9239052404881549,1.0130736392742796
full,53,5,94776.43297629416,-0.026089142596673276,-0.02683356794410041,-0.030410487032019977,-0.05511461931693895,0.04195994411530387,0.2530551648565701,0.0002530551648565701,0.0005116041403795993,0.20464165615183968,1.4092833123036794,1.0,0.8185665607452393,0.8185666246073589,6.386211959252819e-08,False,1.0053335428237915,0.8732216202412384,4.081143856048584,57,-0.09642402508429118,0.3019201414925712,-0.1082176310675485,0.18625482491084508,0.09255328348704747,0.0506213339311736,0.5732920723302024,0.9120432847339066,0.8673832471904358,0.9509451683395475,0.9694550503297468,0.9555112881806108,0.8717948717948719,1.0287068738477745
full,53,6,93248.62718434386,-0.015003548278743728,-0.016120102265638647,-0.01949094687416742,-0.07240184675651373,0.044074388691852776,0.6462586309228624,0.0006462586309228624,0.00048794576632125026,0.19517830652850013,1.3903566130570002,1.0,0.7807132601737976,0.7807132261140004,3.4059797204832876e-08,False,1.0298782587051392,0.8945408895755432,4.1548380851745605,58,0.1087475238101823,0.11637283542326518,-0.10968459716864992,0.23395497032574245,0.15022650786808558,-0.0854937093598502,0.5858764691012246,1.0000531712757406,0.9794685529360748,1.000391488535496,0.999641962047977,1.0055594162612926,1.0401069518716577,0.9831029185867896
full,53,7,92646.53347707524,-0.00527037217371451,-0.006456864035953469,-0.00953829892351079,-0.07937119983819296,0.05137891683663119,0.6896815491574153,0.0006896815491574153,0.0005038086245102543,0.20152344980410172,1.4030468996082033,0.9999999999999998,0.8060938715934753,0.8060937992164066,7.23770687827141e-08,False,1.0162546634674072,0.8827075851046824,4.095085144042969,59,0.0895913147500583,0.2857234605721065,-0.11039002452577867,0.1542735376528331,-0.09113342527832305,0.08999644007001603,0.5819386967590876,0.9160800047452287,0.912869623396696,0.9328680427305247,1.0992120343839542,1.0241879751209397,1.1696658097686377,0.9851562499999998
full,53,8,97082.01726052197,0.04906788263295603,0.04787533453201753,0.045622257557445076,-0.030056882024273923,0.0738412051294793,0.651641795677798,0.0006516417956777981,0.00048577405778425076,0.1943096231137003,1.3886192462274007,1.0,0.7772384881973267,0.7772384924548015,4.257474817137563e-09,False,0.9928671717643738,0.8623934679203114,4.050363063812256,60,0.08600270694919995,0.5243927235049861,-0.1017882978277547,0.03434399089642934,-0.09252132528594562,0.1685463482780116,0.3810238534850734,1.0911163764566931,1.1234912300099247,1.0672516751244587,0.9214727924405344,0.9787449392712549,0.9501831501831501,0.9801744647105474
full,53,9,95850.88746370598,-0.011394593235905193,-0.012681337198754639,-0.016436944906976177,-0.04328715827347018,0.06413337315559829,0.7967056153076036,0.0007967056153076037,0.00050571704815541,0.20228681926216402,1.404573638524328,1.0,0.8091473579406738,0.8091472770486559,8.089201797290002e-08,False,0.9393209218978882,0.8158837862330566,3.6007192134857178,61,-0.09651842447263856,0.44561232147472246,-0.10576839478952546,0.09661740330713134,0.06411735234516006,0.03547517103808265,0.5604645710970675,0.9575598807831897,0.9536357930098714,0.9593638617140574,0.9904526166902407,1.019303688383316,0.9602929838087895,1.0035059331175835
full,53,10,92464.94621917933,-0.03447310424824046,-0.03532509019083141,-0.04088246156166994,-0.08149092265689029,0.053573943564996826,0.3766559756227901,0.00037665597562279007,0.0005061387616608823,0.20245550466435294,1.4049110093287058,1.0,0.8098219633102417,0.8098220186574117,5.534716995825306e-08,False,0.9027950763702393,0.7841578399140395,3.3653218746185303,62,0.045394000198159895,0.47982665204576086,-0.10772890544363428,0.06271944248250552,0.04184960627130099,-0.09472659922071866,0.5726658036666257,0.906604323640961,0.8950099292047539,0.9116191074982402,0.9460906818993214,1.0010145417653027,0.8916097952629467,1.0064498790647676
full,53,11,90612.95598409792,-0.01898336934119982,-0.02002910628089738,-0.024194651120820903,-0.10359494306255113,0.04181261430320128,0.5741720753056663,0.0005741720753056663,0.0004923691706998009,0.19694766827992036,1.3938953365598405,0.9999999999999998,0.7877907156944275,0.7877906731196811,4.257474639501879e-08,False,1.0388033390045166,0.9022931158246693,4.232090473175049,63,0.1439097129872867,0.1952065878680774,-0.11019487891878404,0.16199069257293428,0.11098648394857133,-0.08675278936113631,0.5848541909030505,1.0798634244603893,1.039007305019145,1.1395080340749941,0.8803773584905662,0.9280405405405406,0.9914452949122017,1.0066755674232308
full,53,12,97103.68758384023,0.07268943841911368,0.07163138570251926,0.07049464565328221,-0.02982700748268763,0.06546579853162562,0.4920805607523236,0.0004920805607523236,0.0004947613246206726,0.19790452984826906,1.395809059696538,1.0,0.7916181087493896,0.791618119393076,1.0643686376710093e-08,False,1.0421476364135742,0.9051979356458635,4.731760501861572,64,0.0248210211949689,0.22984973580709525,-0.10531545935996942,0.17408388347498008,0.30541100592485493,-0.09258907048829965,0.4637388834463699,1.0537528861202778,1.0436698440150798,1.056726336776278,1.1337333904843547,1.097196942118675,1.0286103542234333,1.0366047745358091
full,53,13,98204.96278178827,0.013197508372072564,0.011341229415177345,0.006735259429663118,-0.018278477659019243,0.09626540788010535,1.3262488022446632,0.0013262488022446632,0.0005075313496802534,0.20301253987210136,1.4060250797442027,1.0,0.8120502829551697,0.8120501594884053,1.234667643679188e-07,False,1.0298434495925903,0.8945106547645434,4.58347225189209,65,-0.12167461163231302,-0.08133792823978833,0.054395083870206556,0.36333565467170303,0.09996990167668887,0.21997821384242602,0.46533368581107687,0.9410285276370367,0.912668726840604,0.9582963540708176,1.0015122873345936,0.9499004644990046,1.0061810154525386,1.00921187308086
full,53,14,103657.12321925184,0.05773296477397416,0.055518176302131295,0.049594193482700534,0.03528096387082269,0.07930496094282805,1.595927923385586,0.0015959279233855861,0.0005001686925866774,0.20006747703467098,1.4001349540693417,0.9999999999999999,0.8002699613571167,0.8002699081386835,5.3218433215818095e-08,False,1.022627830505371,0.8882432476583532,4.411324977874756,66,-0.0941121101911579,0.5179618700806583,-0.10595536684351309,0.12582730794591562,0.27107156360788004,0.028487702033349438,0.25671903336686747,1.0617528584451108,1.1068239035899863,1.0283217793331279,1.064175160437901,0.9811386657352429,1.100043878894252,1.0210446247464502
full,53,15,103020.95789023982,-0.005172811916123732,-0.006137208030232766,-0.010134133005268837,0.02932372162039487,0.08353781509682034,0.47823063816343037,0.00047823063816343036,0.0004916502375687872,0.19666009502751486,1.3933201900550298,1.0,0.7866404056549072,0.7866403801100597,2.554484757055775e-08,False,1.0783069133758545,0.9366054845545229,5.024263381958008,67,-0.10499133595398494,0.44385663739272524,-0.09166875907352992,0.29678211680480415,0.23823168448039464,0.08236160448619298,0.13542805186339787,0.9738875049333385,0.9888637987703586,0.9580667059670183,0.9741042923022349,1.0316838732645068,0.9409652971679298,0.9865905140302956
full,53,16,108284.64889073443,0.05245354648898726,0.0510933999090033,0.04388272722214199,0.07650806439880631,0.06603231112538901,0.7901003914219993,0.0007901003914219993,0.0005030932516923973,0.20123730067695894,1.4024746013539178,0.9999999999999999,0.8049491047859192,0.8049492027078355,9.792191635327185e-08,False,0.9963852167129517,0.8654492029368214,4.172554969787598,68,0.01997555685894828,0.5388887960995947,-0.10078635173184533,0.09366206718342643,0.25160227609532215,-0.10045094894511361,0.29710860443966725,1.0350516236175364,1.0668988139445743,1.0189072752337456,0.971959213401311,0.9986197377501727,0.9864349300551081,1.0646866347847974
full,53,17,110949.66113442928,0.025575689291424064,0.0246111731533063,0.018335546997452212,0.0986903522054241,0.07693481618331169,0.43118964295302126,0.0004311896429530213,0.0005097160149099572,0.2038864059639829,1.4077728119279658,0.9999999999999999,0.8155456781387329,0.8155456238559315,5.4282801364990974e-08,False,0.9659156203269958,0.8389836477843416,3.9020423889160156,69,0.015414122758167115,0.5345323786937765,-0.10269287667636362,0.1477643654548696,0.4130947993003896,-0.10119352928761927,0.09308073975678,1.0146423361916632,1.0003827389871474,1.0247643242463869,1.0041213937804423,1.0570145127850723,0.969058874086807,1.0042553191489363
full,53,18,114120.27459508543,0.02943308268168887,0.028577045015167446,0.021672777028008055,0.12373151611478428,0.06736773762704241,0.31971996703318173,0.0003197199670331817,0.000512188199375357,0.2048752797501428,1.4097505595002855,0.9999999999999999,0.8195009827613831,0.819501119000571,1.3623918793115308e-07,False,1.0066959857940674,0.8744050231690358,4.258989334106445,70,0.018389088766915446,0.5455025338700838,-0.10303203974451339,0.13091955121074403,0.2710685038140842,-0.10184324000562942,0.23899560208831513,1.0024823479186857,1.0579639578806326,0.9651039618260693,0.9328358208955223,0.9767898005884277,0.945011086474501,1.0153013182674198
full,53,19,116917.9421300864,0.025287767922202553,0.024515078893101894,0.017188529921032394,0.1446992807251345,0.07558469378635643,0.2528764073337826,0.0002528764073337826,0.0005010390893689224,0.200415635747569,1.4008312714951379,1.0,0.8016625642776489,0.8016625429902757,2.1287373197509396e-08,False,0.9659490585327148,0.8390126918407986,3.890057325363159,71,0.016706726380756903,0.5431835640754019,-0.09905471759183068,0.07943919939654212,0.39304706347840174,-0.1013609181557383,0.16803908241646628,1.0647274634440285,1.0659156475343874,1.0455609523922245,1.0168,0.9832663989290497,1.0154856874706712,0.9983769997681431
full,53,20,122247.91163276776,0.04656587345837848,0.045587267493564676,0.03357785329263124,0.18199011611421545,0.07425964192899423,0.41878656830106475,0.0004187865683010648,0.0005167147743382624,0.20668590973530498,1.4133718194706097,0.9999999999999999,0.8267435431480408,0.8267436389412195,9.579317872265847e-08,False,1.0048028230667114,0.8727606429173645,4.282306671142578,72,-0.1048734196062599,0.5338029778961624,-0.10181249012904509,0.14414145717663424,0.31737228403134005,0.015318793377705975,0.19605039725346224,1.0311389371500623,1.0404774891800428,1.033478927516993,1.0743509047993705,1.0571817562968002,1.0083179297597042,1.0134695773339524
full,53,21,120134.75626597262,-0.016380167667850887,-0.01728581976224708,-0.01801018276371502,0.16760142436544545,0.0724298202989004,0.4059064824666295,0.0004059064824666295,0.0005152515228837728,0.20610060915350914,1.4122012183070183,1.0,0.8244024515151978,0.8244024366140366,1.4901161193847656e-08,False,1.008028507232666,0.8755624365846382,4.259494781494141,73,-0.11236087791621685,0.5264101047068834,-0.09373973123729229,0.17027263529598713,0.12929937429726124,0.0292360819876194,0.35088241286575794,0.9822836111014266,0.9783176430619793,0.9764445432283997,0.9483705602343465,0.963940759819704,0.9404216315307058,1.0171860678276812
full,53,22,118027.23450125573,-0.01646445045643008,-0.01754298115069164,-0.018578221126609507,0.1527379216960636,0.07429436914455304,0.5788260945784195,0.0005788260945784195,0.0005183609648208532,0.2073443859283413,1.4146887718566827,1.0,0.8293774724006653,0.8293775437133655,7.131270018945202e-08,False,0.9579325318336487,0.8320496252219296,3.8963818550109863,74,-0.10362141725740262,0.5448910579351443,-0.10372296867093869,0.06287616344967059,0.39149200769939596,0.013570153553571024,0.19451500329055957,0.953865200398201,0.9405989802128366,0.9695992992920063,0.9972972972972974,1.0277221108884433,0.9517543859649122,0.9894120297364272
full,53,23,117872.23870208445,-6.422735676836488e-05,-0.0013132206293424709,-0.0038729284652611433,0.15162381659056756,0.055176467195302205,0.7417122790856021,0.0007417122790856021,0.0005081419606826136,0.20325678427304544,1.4065135685460908,1.0,0.8130270838737488,0.8130271370921816,5.3218432771728885e-08,False,0.9302408695220947,0.8079969529486573,3.651174545288086,75,0.017977847584656287,0.5515793532665287,-0.1025609328810658,0.03967239787536006,0.15810563867645602,-0.10069585139197965,0.4359215468700443,0.9753702827932057,0.9734845260871898,0.9817779805097796,0.9632210607820363,0.9691257718557038,0.9810547875064004,1.0403005464480872
full,53,24,123789.87937686195,0.050941100031714814,0.05020385410456152,0.03777158574923115,0.19217951820145807,0.055682317233186986,0.18823561977062903,0.00018823561977062903,0.0005135207782898631,0.20540831131594522,1.4108166226318903,0.9999999999999999,0.8216331005096436,0.8216332452637807,1.44754137121339e-07,False,0.9592887163162231,0.8332275920963794,3.909914493560791,76,0.019316435392413817,0.5558781480150563,-0.10427797532507352,0.04485987552574702,0.24139858835509845,-0.1011303359908717,0.34395526402762955,1.0891792688816473,1.1069920631695078,1.0876782985427245,0.965032154340836,1.0026827632461435,0.978079331941545,0.9929962792733641
full,54,1,91713.17453869499,-0.08130873301496222,-0.08286825461305003,-0.09350804541203236,-0.09035588946720718,0.0630431188965035,1.1949984335473607,0.0011949984335473606,0.0005039910253669534,0.20159641014678137,1.4031928202935628,1.0,0.8063856959342957,0.8063856405871257,5.534716995825306e-08,False,1.0196346044540405,0.8856433645439894,4.267096519470215,54,-0.0995672872023923,0.553912706140961,-0.10202912294438907,0.14166972732969693,0.20779214001127652,0.0338560374719756,0.2643657991928714,0.9298536593307981,0.8801916899722919,0.9556161965613983,0.9324324324324325,0.9551460361613352,0.8760099440646364,0.9872611464968152
full,54,2,95017.57600695566,0.03696014704780426,0.036029736020821046,0.03483595640640928,-0.05243686697163907,0.06166132178317656,0.38616423202412475,0.0003861642320241248,0.0005114871236894812,0.20459484947579248,1.4091896989515849,1.0,0.8183794617652893,0.8183793979031697,6.386211959252819e-08,False,1.0308982133865356,0.895426810955387,4.6712236404418945,55,-0.09853608480521611,0.3880070266979081,-0.10605876467057637,0.1304864255445344,0.2440225003021104,0.0218925444143159,0.42018635251692366,0.9869331771848514,0.9986076251350232,0.9760156672096543,1.0082345191040842,1.0462322533673099,0.9882937211777227,1.0513323983169707
full,54,3,96258.47114958281,0.01401121954311213,0.013059637961468473,0.011112884766883413,-0.038869606027743364,0.04908752354024593,0.42812667574201313,0.00042812667574201315,0.0005107469191508635,0.20429876766034538,1.4085975353206908,0.9999999999999999,0.8171949982643127,0.8171950706413815,7.23770687827141e-08,False,0.9377873539924622,0.8145517460751557,3.624472141265869,56,-0.09599832977567402,0.528899545116084,-0.10830043788467136,0.09234026287283215,0.07034699831690105,0.030702406806605187,0.48200955454792294,1.0357733081792009,1.0341142880338432,1.0231835256931106,0.9411956876837635,1.048016701461378,0.9239052404881549,1.0130736392742796
full,54,4,92130.51785340595,-0.04224379487783381,-0.04288405214500168,-0.04904419453204942,-0.08541667115250151,0.04994258814582546,0.16728188523224416,0.00016728188523224417,0.0005014387810868877,0.20057551243475508,1.40115102486951,0.9999999999999998,0.8023020625114441,0.8023020497390201,1.277242400732348e-08,False,0.917036771774292,0.7965280193678935,3.45683217048645,57,-0.09622737978185927,0.4736146980098315,-0.1043481326528958,0.08272968019757951,0.05183053548846925,0.033077759402138834,0.5593228393367358,0.9120432847339066,0.8673832471904358,0.9509451683395475,0.9694550503297468,0.9555112881806108,0.8717948717948719,1.0287068738477745
full,54,5,91080.54877754913,-0.0104209780933735,-0.011396539391295701,-0.015928153030299163,-0.09792926527304213,0.06831117819517085,0.5050096022231239,0.0005050096022231239,0.0004813113116792271,0.19252452467169084,1.3850490493433816,1.0,0.7700980305671692,0.7700980986867632,6.811959396557654e-08,False,1.028112769126892,0.8930074048121625,4.132483005523682,58,-0.08636181162936349,0.22292447728770118,-0.10616271304232736,0.17797148866312842,0.11972691757338386,0.08689600867884498,0.5850056324686324,1.0000531712757406,0.9794685529360748,1.000391488535496,0.999641962047977,1.0055594162612926,1.0401069518716577,0.9831029185867896
full,54,6,88100.01420657439,-0.03152441816613483,-0.03272416131631206,-0.03982087870786334,-0.13507359675927932,0.05353094443252292,0.7393628816519466,0.0007393628816519467,0.0005002005158790521,0.20008020635162083,1.4001604127032414,0.9999999999999999,0.8003208637237549,0.8003208254064829,3.831727202197044e-08,False,0.9142428636550903,0.7941012616096655,3.424211263656616,59,0.04095054524285452,0.46529356124145643,-0.10805199561374529,0.06881902100784437,-0.09202821073787554,0.05352303119642393,0.5714940476630415,0.9160800047452287,0.912869623396696,0.9328680427305247,1.0992120343839542,1.0241879751209397,1.1696658097686377,0.9851562499999998
full,54,7,92480.46593426199,0.050630997434676805,0.0497213509797676,0.050296676680167414,-0.08130943102171573,0.06934978114792364,0.3820255207163946,0.0003820255207163946,0.00048415915774447575,0.19366366309779032,1.3873273261955805,1.0,0.7746546864509583,0.774654652391161,3.4059797204832876e-08,False,0.9434213638305664,0.8194453848425103,3.6541762351989746,60,0.05062569731048175,0.5527202529566628,-0.1004453929407256,0.026697792645011625,-0.09321827015706471,0.13982734509876796,0.42379257508686613,1.0911163764566931,1.1234912300099247,1.0672516751244587,0.9214727924405344,0.9787449392712549,0.9501831501831501,0.9801744647105474
full,54,8,90986.93117449277,-0.015096855179084212,-0.016149732212972112,-0.02062215851154134,-0.09905893856582715,0.05745301934859836,0.571925790714366,0.000571925790714366,0.0004976618250033686,0.19906473000134745,1.398129460002695,1.0,0.7962588667869568,0.79625892000539,5.3218433215818095e-08,False,0.8664073348045349,0.7525518491722255,3.1792712211608887,61,-0.0957140951816525,0.5278952092464482,-0.10335063481969495,0.047417723440698195,0.03732908224420886,0.027934527822903205,0.558488187247089,0.9575598807831897,0.9536357930098714,0.9593638617140574,0.9904526166902407,1.019303688383316,0.9602929838087895,1.0035059331175835
full,54,9,87518.16988648675,-0.037375674903960876,-0.03812373099334121,-0.04607452893150771,-0.14261987116163977,0.050271926713901724,0.2815462180546352,0.0002815462180546352,0.0004958566358046873,0.19834265432187492,1.3966853086437498,0.9999999999999999,0.7933706641197205,0.7933706172874997,4.6832220768067145e-08,False,0.8533456325531006,0.7412065987481031,3.116008996963501,62,0.03299431343163761,0.5265842101403645,-0.10546374853168217,0.03906097103442463,0.029150272054331627,-0.09287890579019276,0.5705528876611164,0.906604323640961,0.8950099292047539,0.9116191074982402,0.9460906818993214,1.0010145417653027,0.8916097952629467,1.0064498790647676
full,54,10,86372.41784221775,-0.01208224717747819,-0.013091590532058328,-0.017226183277082547,-0.15777701375312492,0.04138081371194791,0.5378982552460263,0.0005378982552460263,0.0004843116604856083,0.1937246641942433,1.3874493283884866,1.0,0.7748986482620239,0.7748986567769731,8.514949190185916e-09,False,1.0219569206237793,0.8876605027394938,4.079689979553223,63,0.12669677180903297,0.2593580250229154,-0.10718669103724615,0.12882608813898902,0.091887748667172,-0.08653797315699716,0.5869560305561339,1.0798634244603893,1.039007305019145,1.1395080340749941,0.8803773584905662,0.9280405405405406,0.9914452949122017,1.0066755674232308
full,54,11,91870.88484602871,0.06461493594836654,0.0636599870789234,0.06700448504734963,-0.08848412821532414,0.045768009809022875,0.4077946596911976,0.0004077946596911976,0.0004895977995225362,0.19583911980901447,1.391678239618029,1.0,0.7833566069602966,0.7833564792360579,1.2772423874096717e-07,False,1.0217472314834595,0.887478369066382,4.448456764221191,64,0.02385074751717703,0.31018598856670515,-0.10382906613605364,0.12482706191284315,0.24159949006778852,-0.09201005367296083,0.49537583174450056,1.0537528861202778,1.0436698440150798,1.056726336776278,1.1337333904843547,1.097196942118675,1.0286103542234333,1.0366047745358091
full,54,12,92275.28867581894,0.005980118270084267,0.004401871501161558,0.0006727188546169979,-0.08371375950195592,0.0819529971750245,1.0668342347655977,0.0010668342347655978,0.000503262494291578,0.20130499771663124,1.4026099954332625,0.9999999999999999,0.8052200675010681,0.805219990866525,7.663454315576246e-08,False,1.032118320465088,0.8964865824984797,4.50606632232666,65,-0.1198245936206409,0.07694000963653835,-0.08148040409599033,0.3124246693083218,0.08510369275297436,0.22080301706280026,0.5060336089559964,0.9410285276370367,0.912668726840604,0.9582963540708176,1.0015122873345936,0.9499004644990046,1.0061810154525386,1.00921187308086
full,54,13,97626.86562185572,0.05980172974197284,0.05799577571453507,0.05647500946825491,-0.024308210276219322,0.05861079514963388,1.2145587338932922,0.0012145587338932922,0.0004909437615424394,0.19637750461697578,1.3927550092339516,1.0,0.7855100631713867,0.7855100184679031,4.470348358154297e-08,False,1.000600814819336,0.8691108249278703,4.158559799194336,66,-0.09316872619092464,0.5308547038584948,-0.10320877842605114,0.09117593057453632,0.21181249804794788,0.02892034873366356,0.33361402340233326,1.0617528584451108,1.1068239035899863,1.0283217793331279,1.064175160437901,0.9811386657352429,1.100043878894252,1.0210446247464502
full,54,14,96901.16106327769,-0.006477021675854733,-0.007433451375863487,-0.012016782082560934,-0.03197937880949375,0.08691227098573004,0.4750601074525289,0.00047506010745252894,0.000488068453435387,0.1952273813741548,1.3904547627483095,0.9999999999999999,0.7809094786643982,0.780909525496619,4.6832220768067145e-08,False,1.0822124481201172,0.9399977889311523,5.009673595428467,67,-0.10405279908861434,0.467689713197095,-0.09117458228554046,0.2598498963883945,0.2018788212112018,0.08574224050555909,0.1800667100719043,0.9738875049333385,0.9888637987703586,0.9580667059670183,0.9741042923022349,1.0316838732645068,0.9409652971679298,0.9865905140302956
full,54,15,102227.91085862162,0.05628702762658988,0.05497095944872621,0.050666419467314136,0.021793567333120545,0.0621305335060032,0.7516014432268484,0.0007516014432268484,0.0004951134124504668,0.19804536498018677,1.3960907299603735,0.9999999999999999,0.7921814918518066,0.7921814599207471,3.193105957421949e-08,False,0.9823275208473206,0.8532388434513859,4.020298004150391,68,0.02128738750304493,0.544410288599985,-0.0987755877098867,0.0766621979751757,0.21424213078405174,-0.09926977727030006,0.3414433601179293,1.0350516236175364,1.0668988139445743,1.0189072752337456,0.971959213401311,0.9986197377501727,0.9864349300551081,1.0646866347847974
full,54,16,104672.7029654747,0.024929749448925786,0.023915113654568998,0.01867456936650615,0.04464108438105352,0.08345895362853646,0.48499833366700584,0.00048499833366700586,0.0005054484254547528,0.20217937018190113,1.404358740363802,0.9999999999999999,0.8087173700332642,0.8087174807276041,1.1069433991650612e-07,False,0.9708430171012878,0.8432635302427874,3.9158854484558105,69,0.016614363661834164,0.5406711000416959,-0.10131535945194109,0.1326914924596037,0.40071200313312666,-0.10086401072996004,0.11149041088564055,1.0146423361916632,1.0003827389871474,1.0247643242463869,1.0041213937804423,1.0570145127850723,0.969058874086807,1.0042553191489363
full,54,17,107912.02829227236,0.031830366624773454,0.030947183315463977,0.025227814764480248,0.07331924362354836,0.06900688956029179,0.3460809396845954,0.0003460809396845954,0.0005102240586919444,0.20408962347677778,1.4081792469535555,0.9999999999999999,0.8163583874702454,0.8163584939071109,1.0643686554345777e-07,False,1.00141179561615,0.869815233897842,4.196240425109863,70,0.019383189933640604,0.5504167580178805,-0.10201458845819747,0.11486463035855973,0.24740864868674958,-0.10207503501858031,0.27201639647994724,1.0024823479186857,1.0579639578806326,0.9651039618260693,0.9328358208955223,0.9767898005884277,0.945011086474501,1.0153013182674198
full,54,18,110579.17973343532,0.025522599785767985,0.024715979148674405,0.018510620338765934,0.09567062948864091,0.07681531052653243,0.28890445402690335,0.00028890445402690335,0.0004979509753840311,0.19918039015361244,1.3983607803072249,0.9999999999999999,0.7967216968536377,0.7967215606144498,1.3623918793115308e-07,False,0.9636596441268921,0.8370241317543213,3.872121810913086,71,0.017192112548010674,0.5463858417102269,-0.09812813784394947,0.07103897844042095,0.38695164237703594,-0.10105225230966297,0.1776118150779179,1.0647274634440285,1.0659156475343874,1.0455609523922245,1.0168,0.9832663989290497,1.0154856874706712,0.9983769997681431
full,54,19,115511.73545514,0.04559050692324096,0.044606550108214016,0.03516536968215422,0.1342870955407307,0.06902192739871155,0.42511284883533207,0.00042511284883533205,0.0005163839199979391,0.20655356799917562,1.4131071359983511,0.9999999999999999,0.8262141942977905,0.8262142719967023,7.769891174902455e-08,False,1.002851128578186,0.8710654226239095,4.255353927612305,72,-0.10452830272593669,0.5394704244764787,-0.10202526527323894,0.1330946437748415,0.30692817789635485,0.015550492863569937,0.2115098289879305,1.0311389371500623,1.0404774891800428,1.033478927516993,1.0743509047993705,1.0571817562968002,1.0083179297597042,1.0134695773339524
full,54,20,113656.5020526183,-0.01514420464646049,-0.016060994973469134,-0.017325366630919506,0.12015592426288024,0.06388390706138082,0.41442608168082573,0.00041442608168082575,0.0005168953471417938,0.20675813885671754,1.4135162777134351,1.0,0.8270325064659119,0.8270325554268703,4.896095839868053e-08,False,0.9984438419342041,0.8672373020846149,4.1596903800964355,73,-0.11251135782471727,0.5307953296495336,-0.09424678103200027,0.1600906489683049,0.1163732869816678,0.029345929090465822,0.3701529441667455,0.9822836111014266,0.9783176430619793,0.9764445432283997,0.9483705602343465,0.963940759819704,0.9404216315307058,1.0171860678276812
full,54,21,111633.32423432363,-0.016473777179848992,-0.01780081017589319,-0.019453334884767994,0.10421013898954345,0.07015099222862413,0.8325436312173095,0.0008325436312173095,0.0005176278516384108,0.20705114065536434,1.4141022813107287,0.9999999999999999,0.8282045125961304,0.8282045626214574,5.002532699194262e-08,False,0.95490962266922,0.8294239596831172,3.875450372695923,74,0.013602797208087769,0.5476860378735832,-0.1036928619391152,0.05810049295957598,0.3896402393334678,-0.10335827871624914,0.1980215732806495,0.953865200398201,0.9405989802128366,0.9695992992920063,0.9972972972972974,1.0277221108884433,0.9517543859649122,0.9894120297364272
full,54,22,111549.00682256812,0.00026941695912552355,-0.0007553068255723439,-0.0037309381782877106,0.10353303136923653,0.061076611159615664,0.5166997648775578,0.0005166997648775578,0.0005082731215017184,0.20330924860068733,1.4066184972013747,0.9999999999999999,0.8132369518280029,0.8132369944027493,4.257474639501879e-08,False,0.9252175688743591,0.8036337694441521,3.6116158962249756,75,0.01830385838236126,0.5554752855428627,-0.10235178630266872,0.037147751344101754,0.15224309851016316,-0.10095746229801861,0.4401392548211983,0.9753702827932057,0.9734845260871898,0.9817779805097796,0.9632210607820363,0.9691257718557038,0.9810547875064004,1.0403005464480872
full,54,23,117209.06885075483,0.051484150642952864,0.05074058648670632,0.04008775029011943,0.14682369734263112,0.06405831366550327,0.19332890106098988,0.0001933289010609899,0.0005140780418046884,0.20563121672187534,1.4112624334437505,0.9999999999999999,0.822524905204773,0.8225248668875009,3.831727202197044e-08,False,0.9565913677215576,0.8308847048755139,3.8839640617370605,76,0.01993338125092642,0.5598018254552568,-0.10427220059292658,0.04241286324603216,0.23768637435776846,-0.10135901612894876,0.3457967724118914,1.0891792688816473,1.1069920631695078,1.0876782985427245,0.965032154340836,1.0026827632461435,0.978079331941545,0.9929962792733641
full,54,24,119540.29649133638,0.020908130651734913,0.019889481790440255,0.014002078014610002,0.16346200456975235,0.05272458425022454,0.47693730039255955,0.00047693730039255955,0.0005213478207588195,0.20853912830352783,1.4170782566070557,1.0,0.8341565132141113,0.8341565132141113,0.0,False,0.9364343881607056,0.8133765748852846,3.7303004264831543,77,-0.10546796768903732,0.5271327495574951,-0.10307116061449051,0.0499744638800621,0.15728814899921417,0.014513038098812103,0.45963072776794434,1.0442292370169115,1.0551892045973597,1.0483617643675298,0.9808413161182841,0.9802675585284282,0.9829242262540022,1.0125633678642274
full,55,1,103631.2358193868,0.03810547894023486,0.03631235819386802,0.031688681623121384,0.03503997410313131,0.0670258496001985,1.2190745494195394,0.0012190745494195395,0.0005097200654979264,0.20388802619917054,1.4077760523983411,1.0,0.8155520558357239,0.8155521047966823,4.896095839868053e-08,False,1.055605173110962,0.9168870035012354,5.034700870513916,55,-0.09615974367729255,0.31762063263782436,-0.107728282521878,0.18328697739967278,0.2828418290508645,0.02292218006082944,0.39721640704997946,0.9869331771848514,0.9986076251350232,0.9760156672096543,1.0082345191040842,1.0462322533673099,0.9882937211777227,1.0513323983169707
full,55,2,104730.80706328408,0.011649991971987017,0.010610422959865806,0.007503048604851537,0.045171112454289286,0.05256179492612878,0.5185633519930499,0.0005185633519930499,0.0005095624976924487,0.2038249990769795,1.407649998153959,1.0,0.815299928188324,0.8152999963079179,6.811959396557654e-08,False,0.9685150980949402,0.8412415254852385,3.8844947814941406,56,-0.09324245261294503,0.5091126476015364,-0.11058254646403448,0.12605514270918708,0.08364625168698173,0.030991121062210608,0.4540198360170637,1.0357733081792009,1.0341142880338432,1.0231835256931106,0.9411956876837635,1.048016701461378,0.9239052404881549,1.0130736392742796
full,55,3,100523.90632159822,-0.03947398916049494,-0.040168703551991425,-0.0423707701589156,0.005211758483819051,0.048228323768907316,0.2205940314701625,0.0002205940314701625,0.0005029321781226567,0.2011728712490627,1.4023457424981252,0.9999999999999999,0.8046914339065552,0.8046914849962503,5.10896951411155e-08,False,0.9414844512939453,0.8177630039893427,3.6257598400115967,57,-0.09480817137019976,0.4423284802053656,-0.10636469987886293,0.10871698441249983,0.059037280402013226,0.03436093138796942,0.5567291948412145,0.9120432847339066,0.8673832471904358,0.9509451683395475,0.9694550503297468,0.9555112881806108,0.8717948717948719,1.0287068738477745
full,55,4,99442.1128778766,-0.009790390926029069,-0.010761553975635607,-0.01362098138915889,-0.005610169635157813,0.0559810654036405,0.4997788752828326,0.0004997788752828326,0.0004814675131014415,0.19258700524057662,1.3851740104811532,1.0,0.770348072052002,0.7703480209623064,5.108969558520471e-08,False,1.029810905456543,0.894482387287136,4.158298015594482,58,-0.0842592279825892,0.1944021199430738,-0.10832777725798742,0.2006061737026487,0.1269517604793821,0.08675772590296607,0.583869225212506,1.0000531712757406,0.9794685529360748,1.000391488535496,0.999641962047977,1.0055594162612926,1.0401069518716577,0.9831029185867896
full,55,5,96542.02129882773,-0.027942018776242805,-0.02916361584764815,-0.03283748699930798,-0.03581837892609219,0.05258555416747212,0.7575176251786097,0.0007575176251786097,0.0004999848455190659,0.19999393820762634,1.3999878764152527,1.0,0.7999757528305054,0.7999757528305054,0.0,False,0.9329515099525452,0.8103513853113943,3.535079002380371,59,0.0468791127204895,0.4420225918292999,-0.10897088050842285,0.08240169286727905,-0.09102305769920349,0.05717206001281738,0.5715184807777405,0.9160800047452287,0.912869623396696,0.9328680427305247,1.0992120343839542,1.0241879751209397,1.1696658097686377,0.9851562499999998
full,55,6,101388.27050815725,0.05117316526793725,0.05019833999879553,0.04610752782482366,0.013692614551952031,0.06806931306441118,0.4466061102492469,0.0004466061102492469,0.0004811930310513292,0.19247721242053167,1.3849544248410635,1.0,0.7699089646339417,0.7699088496821269,1.1495181473364369e-07,False,0.9604309797286987,0.8342197494902156,3.764314889907837,60,0.06289976036974362,0.5496200466794627,-0.1002360140638692,0.029138814125742235,-0.09224119835666247,0.14812214619347028,0.40269644505211283,1.0911163764566931,1.1234912300099247,1.0672516751244587,0.9214727924405344,0.9787449392712549,0.9501831501831501,0.9801744647105474
full,55,7,99795.40586541,-0.014603654504082852,-0.0157105416116069,-0.019037154738730692,-0.0020501358035052153,0.06588808766546891,0.6286315140979631,0.0006286315140979631,0.0004952911154500077,0.19811644618000307,1.3962328923600063,1.0,0.7924656867980957,0.7924657847200125,9.792191679736106e-08,False,0.8797721862792969,0.7641604116661168,3.243705987930298,61,-0.09445212887866158,0.5154912386621748,-0.10366431730134149,0.05587221948163848,0.041307574936321784,0.028715389647654105,0.5567300234522139,0.9575598807831897,0.9536357930098714,0.9593638617140574,0.9904526166902407,1.019303688383316,0.9602929838087895,1.0035059331175835
full,55,8,96027.23023920583,-0.0370014748802987,-0.03775900897969331,-0.0421423323871952,-0.04137128344635088,0.0564236948869906,0.2916390965027467,0.0002916390965027467,0.0004953114435608897,0.1981245774243559,1.396249154848712,1.0,0.7924982309341431,0.7924983096974239,7.876328078637584e-08,False,0.8638572096824646,0.7503368386348696,3.161968946456909,62,0.036082049299563684,0.5177506109965699,-0.105270812820111,0.04354643582233361,0.030989460114921846,-0.09285376460424491,0.5697560211909669,0.906604323640961,0.8950099292047539,0.9116191074982402,0.9460906818993214,1.0010145417653027,0.8916097952629467,1.0064498790647676
full,55,9,94619.80838732893,-0.013626361112734187,-0.014656487002394969,-0.017842358568383076,-0.05686115523133495,0.04704973566798018,0.5606125901852335,0.0005606125901852335,0.0004842898010143212,0.1937159204057285,1.3874318408114568,0.9999999999999999,0.774863600730896,0.7748636816229135,8.089201752881081e-08,False,1.0282869338989258,0.8931586824110348,4.13114595413208,63,0.1345872144613947,0.2396103303347315,-0.10743682725088938,0.13786687063319342,0.09575520562274115,-0.08627909315483911,0.5858962993536676,1.0798634244603893,1.039007305019145,1.1395080340749941,0.8803773584905662,0.9280405405405406,0.9914452949122017,1.0066755674232308
full,55,10,100918.67115285271,0.06756377527886026,0.06657023379015103,0.0635374496236044,0.009103084120690386,0.048535794568418764,0.44201439193316855,0.00044201439193316855,0.000489081365189382,0.1956325460757528,1.3912650921515055,1.0,0.7825301885604858,0.782530184303011,4.257474817137563e-09,False,1.0327345132827759,0.8970218007795002,4.591000080108643,64,0.024491515542779646,0.28260209837130135,-0.10371990076133183,0.14171711781195231,0.26620345988443916,-0.09191264531442098,0.4806183544652803,1.0537528861202778,1.0436698440150798,1.056726336776278,1.1337333904843547,1.097196942118675,1.0286103542234333,1.0366047745358091
full,55,11,101429.04811492095,0.006647154581314707,0.005057309576492752,0.0003372472875851464,0.01408914055174626,0.09297618286941456,1.0771917062146323,0.0010771917062146323,0.0005034036189317703,0.20136144757270813,1.4027228951454163,1.0,0.8054457306861877,0.8054457902908325,5.960464477539063e-08,False,1.0297527313232422,0.894431857876972,4.531457901000977,65,-0.12071013450622559,0.0651785358786583,-0.08065131306648254,0.3359920307993889,0.09023281931877136,0.22111456841230392,0.48884349316358566,0.9410285276370367,0.912668726840604,0.9582963540708176,1.0015122873345936,0.9499004644990046,1.0061810154525386,1.00921187308086
full,55,12,107209.19704437823,0.05886431688604965,0.05698711598780126,0.05010510591383213,0.06724420332514991,0.06099913719143038,1.2820065830435072,0.0012820065830435072,0.0004924104309507779,0.19696417238031116,1.393928344760622,0.9999999999999999,0.7878566980361938,0.7878566895212442,8.514949634275126e-09,False,1.013404130935669,0.8802316440066431,4.2921857833862305,66,-0.09261858356850489,0.5258789147649492,-0.10434558881180628,0.1066658358488764,0.24244418101651327,0.029294819704123898,0.2926804210458483,1.0617528584451108,1.1068239035899863,1.0283217793331279,1.064175160437901,0.9811386657352429,1.100043878894252,1.0210446247464502
full,55,13,106465.52568565577,-0.005960767815294865,-0.006936637706694393,-0.011076282863881386,0.06072881943724695,0.09121797951956852,0.4955599712474006,0.0004955599712474006,0.00048664393967815813,0.19465757587126326,1.3893151517425264,0.9999999999999999,0.7786303758621216,0.7786303034850528,7.23770687827141e-08,False,1.0830234289169312,0.9407021979011239,5.056412220001221,67,-0.10388751540865218,0.44947545017514906,-0.09077006046261107,0.28379668082509724,0.22181242491517747,0.08636843200240815,0.15320458795343125,0.9738875049333385,0.9888637987703586,0.9580667059670183,0.9741042923022349,1.0316838732645068,0.9409652971679298,0.9865905140302956
full,55,14,111988.70604936672,0.05322085093217099,0.05187764140683804,0.04322733814438082,0.10705281337996597,0.06193311596676407,0.7792014479637146,0.0007792014479637146,0.0004969475897295135,0.1987790358918054,1.3975580717836107,0.9999999999999999,0.795116126537323,0.7951161435672214,1.7029898380371833e-08,False,0.9947468042373657,0.8640260959423646,4.134981632232666,68,0.02189031775508607,0.5411967688373156,-0.09895218376602447,0.08857336427484239,0.2443386667541095,-0.09982685212578093,0.3027799182704517,1.0350516236175364,1.0668988139445743,1.0189072752337456,0.971959213401311,0.9986197377501727,0.9864349300551081,1.0646866347847974
full,55,15,114740.41133517738,0.025556040651111722,0.02457127493372102,0.017409536755661516,0.12846747857751695,0.08010256883778918,0.45420257321425844,0.00045420257321425846,0.0005064848783825125,0.202593951353005,1.40518790270601,1.0,0.8103757500648499,0.8103758054120198,5.534716995825306e-08,False,0.9658171534538269,0.8388981205450066,3.891324996948242,69,0.016326923455510817,0.5353813735502106,-0.10146903565951756,0.1478381124990327,0.4121752051370485,-0.10112491569348744,0.09087233671120235,1.0146423361916632,1.0003827389871474,1.0247643242463869,1.0041213937804423,1.0570145127850723,0.969058874086807,1.0042553191489363
full,55,16,118020.44171690372,0.029442011027812853,0.02858653148928303,0.020838782904979057,0.15268915668125904,0.06765790397526074,0.3194126167467664,0.00031941261674676643,0.0005119457149079868,0.20477828596319475,1.4095565719263894,0.9999999999999999,0.8191130757331848,0.8191131438527788,6.811959396557654e-08,False,1.0075104236602783,0.8751124349113327,4.254477024078369,70,0.019528365560940314,0.5474319968904768,-0.10231962906462808,0.13198652012007575,0.27050482375281193,-0.10245865689856667,0.23532657963888984,1.0024823479186857,1.0579639578806326,0.9651039618260693,0.9328358208955223,0.9767898005884277,0.945011086474501,1.0153013182674198
full,55,17,120922.41225808873,0.025372492699923477,0.02458871106537619,0.01624957622552261,0.17302344426799332,0.08169422722423335,0.2662541057382313,0.00026625410573823127,0.0004984254123909133,0.19937016495636534,1.3987403299127306,0.9999999999999998,0.7974806427955627,0.7974806598254611,1.7029898380371833e-08,False,0.9631624221801758,0.8365922502588412,3.8552439212799072,71,0.017369238393647318,0.5447107532194682,-0.09829312030758178,0.07808510746274674,0.3982237556150981,-0.10107704464878356,0.16098131026540483,1.0647274634440285,1.0659156475343874,1.0455609523922245,1.0168,0.9832663989290497,1.0154856874706712,0.9983769997681431
full,55,18,126435.49677982855,0.04658563190513565,0.04559191649247829,0.032863144364213684,0.209082871923718,0.06392566583021973,0.4328588300517626,0.0004328588300517626,0.0005170753551647067,0.20683014206588268,1.4136602841317654,1.0,0.8273206949234009,0.8273205682635307,1.2665987014770508e-07,False,1.0041003227233887,0.8721504588720842,4.270934104919434,72,-0.10459194611757994,0.5362464906647801,-0.10223819594830275,0.14430732745677233,0.31616486329585314,0.015320831909775734,0.19479062873870134,1.0311389371500623,1.0404774891800428,1.033478927516993,1.0743509047993705,1.0571817562968002,1.0083179297597042,1.0134695773339524
full,55,19,124303.6588408987,-0.0159332760678792,-0.01686107140182458,-0.01695369827700786,0.19551845108602905,0.0677855487863784,0.42639476353568695,0.00042639476353568696,0.0005168674739875964,0.20674698959503857,1.413493979190077,0.9999999999999999,0.8269879817962646,0.8269879583801538,2.3416110828122783e-08,False,1.004068374633789,0.8721227091140432,4.223918914794922,73,-0.11273142030196531,0.5270460910562957,-0.09401556929307325,0.17082685897392885,0.12030735532087938,0.029147540352174206,0.3594191438917603,0.9822836111014266,0.9783176430619793,0.9764445432283997,0.9483705602343465,0.963940759819704,0.9404216315307058,1.0171860678276812
full,55,20,122113.45447033316,-0.01629071918800029,-0.01761979004470715,-0.017589097923495955,0.1810894185759483,0.06320130826830381,0.8341170022530215,0.0008341170022530216,0.0005178774673757809,0.20715098695031237,1.4143019739006246,0.9999999999999999,0.828603982925415,0.8286039478012492,3.5124165798094964e-08,False,0.9562573432922363,0.8305945749425637,3.8828530311584473,74,0.013550102444631701,0.546246059904141,-0.10376790844436204,0.06095413557652915,0.39188436485294786,-0.10338307850595033,0.19451632417206252,0.953865200398201,0.9405989802128366,0.9695992992920063,0.9972972972972974,1.0277221108884433,0.9517543859649122,0.9894120297364272
full,55,21,122026.74929488682,0.00032370727903363594,-0.0007100378563724696,-0.003615130341298062,0.18050754791195434,0.06066519354608213,0.5256274880043099,0.0005256274880043099,0.0005083174617694957,0.2033269847077983,1.4066539694155966,0.9999999999999999,0.8133079409599304,0.8133079388311932,2.1287371865241766e-09,False,0.9263707399368286,0.8046354011023941,3.618536949157715,75,0.01836182017411503,0.5538483898022345,-0.10239209580634323,0.03825743895556244,0.15176731747175964,-0.10093488890145508,0.4410920183041266,0.9753702827932057,0.9734845260871898,0.9817779805097796,0.9632210607820363,0.9691257718557038,0.9810547875064004,1.0403005464480872
full,55,22,128194.01934837521,0.05128088574124012,0.05054031258822378,0.03636001495168538,0.2199324078587177,0.06129689990155976,0.19063235659684455,0.00019063235659684454,0.0005140642981444086,0.20562571925776346,1.4112514385155268,0.9999999999999999,0.8225027918815613,0.8225028770310536,8.514949234594837e-08,False,0.9575791358947754,0.8317426694095702,3.890185832977295,76,0.019975767071757994,0.5584852589028222,-0.10429700783320836,0.04359964334539004,0.23549047538212367,-0.1013287114245551,0.3480745745556695,1.0891792688816473,1.1069920631695078,1.0876782985427245,0.965032154340836,1.0026827632461435,0.978079331941545,0.9929962792733641
full,55,23,130715.29576812612,0.020689073876429376,0.019667660258776865,0.011965882661244211,0.2349785890597802,0.06160597079636562,0.4795590734907558,0.00047955907349075586,0.0005216518283954689,0.20866073135818758,1.417321462716375,1.0,0.8346428275108337,0.8346429254327501,9.792191635327185e-08,False,0.9385069012641907,0.8151767368943161,3.7445156574249268,77,-0.10552577035767693,0.5232720885957991,-0.10313496100051064,0.05241361526506286,0.1564256463732038,0.014542016067675162,0.46200736505644663,1.0442292370169115,1.0551892045973597,1.0483617643675298,0.9808413161182841,0.9802675585284282,0.9829242262540022,1.0125633678642274
full,55,24,130565.93503895937,-0.0006007851920833973,-0.001142641557661972,-0.0036256368086233157,0.23410344382582526,0.05500983149336766,0.02473786047526763,2.4737860475267632e-05,0.0005175912739442928,0.20703650957771713,1.4140730191554343,0.9999999999999999,0.8281461000442505,0.8281460383108685,6.17333819619148e-08,False,0.9409693479537964,0.8173155909128694,3.7643849849700928,78,-0.10666671741221634,0.5259864444711378,-0.10036979216550079,0.0531733634748629,0.16255530369068893,0.014071518821375695,0.45124987911965164,1.0158957024486046,1.010169583320357,1.0122251879699948,0.9732484076433121,1.0010235414534288,0.8322475570032573,1.0013060513713536
full,56,1,101343.6912836152,0.015492388895806952,0.013436912836152004,0.010841120734349289,0.013258756086304557,0.048352707039105366,1.521105932337897,0.001521105932337897,0.0005050630042595523,0.20202520170382093,1.4040504034076415,0.9999999999999998,0.8081009387969971,0.8081008068152831,1.3198171400219394e-07,False,0.907558798789978,0.7882955566344623,3.4175379276275635,56,-0.09660631631101882,0.5260470711759158,-0.10541888539280211,0.06942485805068696,0.058797007160527354,0.027536084609372263,0.5202201807073183,1.0357733081792009,1.0341142880338432,1.0231835256931106,0.9411956876837635,1.048016701461378,0.9239052404881549,1.0130736392742796
full,56,2,97094.87040562142,-0.04132267280478974,-0.041924867983180736,-0.045405831344157405,-0.02992052599938777,0.04453098516930147,0.12917955006871912,0.0001291795500687191,0.0004991699223007474,0.19966796892029898,1.399335937840598,1.0,0.7986719608306885,0.7986718756811961,8.514949234594837e-08,False,0.9119403958320618,0.7921013634690633,3.4105172157287598,57,-0.0977844265954835,0.4695086883647101,-0.10188354232481547,0.07411438546010427,0.051923725221838274,0.034574936543192186,0.5695462333304542,0.9120432847339066,0.8673832471904358,0.9509451683395475,0.9694550503297468,0.9555112881806108,0.8717948717948719,1.0287068738477745
full,56,3,96053.5240660252,-0.00972113750468273,-0.010725039698244787,-0.014035329900244845,-0.04108621700607329,0.057392777871186525,0.531862375991685,0.000531862375991685,0.0004824088886380196,0.19296355545520782,1.3859271109104156,1.0,0.7718541622161865,0.7718542218208313,5.960464477539063e-08,False,1.0328811407089233,0.8971491597436433,4.145453929901123,58,-0.08871548622846603,0.20594202727079391,-0.10424806922674179,0.17127013951539993,0.13180295377969742,0.0953965038061142,0.5885519310832024,1.0000531712757406,0.9794685529360748,1.000391488535496,0.999641962047977,1.0055594162612926,1.0401069518716577,0.9831029185867896
full,56,4,92973.52075141577,-0.03084604127287993,-0.03206548999172898,-0.037139308867040866,-0.07557505827246236,0.05300935201303585,0.7610639951058797,0.0007610639951058797,0.0004979893724833215,0.19919574899332865,1.3983914979866572,1.0,0.7967830896377563,0.7967829959733144,9.36644419802235e-08,False,0.920214056968689,0.7992877742226125,3.4421489238739014,59,0.04586558842233249,0.45189295017293524,-0.10550205356308393,0.06791047805121966,-0.09369369543024472,0.0554262814777238,0.5781004508691174,0.9160800047452287,0.912869623396696,0.9328680427305247,1.0992120343839542,1.0241879751209397,1.1696658097686377,0.9851562499999998
full,56,5,97634.86463872436,0.05099631846684183,0.05013625223219931,0.0477234570766801,-0.02422429088243505,0.07254620626694419,0.33643989690712506,0.0003364398969071251,0.00048222932432379046,0.19289172972951618,1.3857834594590321,0.9999999999999999,0.7715668678283691,0.7715669189180643,5.10896951411155e-08,False,0.924984335899353,0.8034311858560661,3.520491123199463,60,0.04593818368656294,0.5524473126445497,-0.09917034102337702,0.024675023875066204,-0.09372138870613916,0.11668755965573446,0.45314364986760275,1.0911163764566931,1.1234912300099247,1.0672516751244587,0.9214727924405344,0.9787449392712549,0.9501831501831501,0.9801744647105474
full,56,6,96077.63436045442,-0.014950770019637183,-0.015949530775016818,-0.019828568462535487,-0.04082496062330221,0.06455797443336656,0.5208027251064777,0.0005208027251064778,0.0004936312737741641,0.19745250950966564,1.394905019019331,0.9999999999999998,0.7898099422454834,0.7898100380386621,9.579317872265847e-08,False,0.8626283407211304,0.7492694566170903,3.154844045639038,61,-0.09625780662255629,0.5262477240924324,-0.10119470288710936,0.04319879332823412,0.03897218698901789,0.026706137827464504,0.5623276672725166,0.9575598807831897,0.9536357930098714,0.9593638617140574,0.9904526166902407,1.019303688383316,0.9602929838087895,1.0035059331175835
full,56,7,92444.17865462705,-0.037076206834440906,-0.03781791391944289,-0.04371886423037283,-0.08173387935655341,0.05619890994243257,0.27944872847625185,0.0002794487284762519,0.0004911136906594037,0.19644547626376152,1.392890952527523,1.0,0.7857818603515625,0.7857819050550461,4.470348358154297e-08,False,0.8527040481567383,0.7406493256220724,3.103877544403076,62,0.03303436003625393,0.5237777810543776,-0.10221310146152973,0.0365797933191061,0.030293677002191544,-0.09423237480223179,0.5727598648518324,0.906604323640961,0.8950099292047539,0.9116191074982402,0.9460906818993214,1.0010145417653027,0.8916097952629467,1.0064498790647676
full,56,8,91210.71380383556,-0.012306291626934973,-0.013342807180966254,-0.016872810214907375,-0.09636243188565885,0.044885153716038656,0.5678881715450966,0.0005678881715450966,0.0004820930132908481,0.19283720531633924,1.3856744106326784,0.9999999999999998,0.7713487148284912,0.7713488212653568,1.0643686554345777e-07,False,1.0277131795883179,0.8926603257489043,4.102893352508545,63,0.13354668553386415,0.24203190739665711,-0.10441131357635772,0.1273822390607425,0.1013613992503711,-0.08842589173998153,0.5885149740747042,1.0798634244603893,1.039007305019145,1.1395080340749941,0.8803773584905662,0.9280405405405406,0.9914452949122017,1.0066755674232308
full,56,9,97032.83542815836,0.0647995044158165,0.06383155422776632,0.06317772667933838,-0.03057897420753508,0.05211461997570785,0.4207914077809878,0.0004207914077809878,0.0004886665754020214,0.19546663016080856,1.3909332603216171,1.0,0.7818664908409119,0.7818665206432343,2.9802322387695312e-08,False,1.0187324285507202,0.8848597445109532,4.4012064933776855,64,0.0239487886428833,0.2920242212712765,-0.10168252512812614,0.11656287685036659,0.25903600081801414,-0.09378410503268242,0.503894742578268,1.0537528861202778,1.0436698440150798,1.056726336776278,1.1337333904843547,1.097196942118675,1.0286103542234333,1.0366047745358091
full,56,10,97484.5511572089,0.006242047953770147,0.0046552873267831085,0.0003657233459496952,-0.025803563876850122,0.08819373969470529,1.0767278713839394,0.0010767278713839394,0.0005014342043016637,0.2005736817206655,1.401147363441331,1.0,0.8022946119308472,0.8022947268826619,1.1495181473364369e-07,False,1.0215412378311157,0.887299445253342,4.424768447875977,65,-0.12465776077338625,0.07315169700554439,-0.07591592094727925,0.31314732560089653,0.08815113880804606,0.2088316274540765,0.517291892852102,0.9410285276370367,0.912668726840604,0.9582963540708176,1.0015122873345936,0.9499004644990046,1.0061810154525386,1.00921187308086
full,56,11,103024.14727919936,0.05864207093232099,0.0568253744437619,0.05174414912826068,0.029353771509545212,0.06826372516269308,1.2342871331742833,0.0012342871331742834,0.00048324999000344966,0.19329999600137987,1.3865999920027596,0.9999999999999999,0.7731999158859253,0.7731999840055193,6.811959396557654e-08,False,0.9913153648376465,0.8610455855497976,4.087564945220947,66,-0.09295417847377915,0.52922021863716,-0.10034581752760072,0.0780831527497087,0.217522601463965,0.02567403657095771,0.34279998657958843,1.0617528584451108,1.1068239035899863,1.0283217793331279,1.064175160437901,0.9811386657352429,1.100043878894252,1.0210446247464502
full,56,12,102344.34156997227,-0.005656127304473069,-0.006598508477675513,-0.01056379088072974,0.02290641118023573,0.08232861102840518,0.46204426458903725,0.00046204426458903725,0.0004861468475844178,0.19445873903376715,1.3889174780675342,1.0,0.777834951877594,0.7778349561350684,4.257474373048353e-09,False,1.076753854751587,0.9352565149733395,4.951236724853516,67,-0.10569435038736888,0.4735706480486052,-0.08876438864639827,0.2477864804012435,0.20705581030675344,0.07541141233273915,0.19063438794442586,0.9738875049333385,0.9888637987703586,0.9580667059670183,0.9741042923022349,1.0316838732645068,0.9409652971679298,0.9865905140302956
full,56,13,108116.69250137995,0.05769330765954206,0.056401270874962384,0.04956185435866999,0.0750734443830341,0.052103576882567386,0.7313239808593477,0.0007313239808593477,0.0004909836288009372,0.19639345152037485,1.3927869030407496,0.9999999999999999,0.7855737805366516,0.7855738060814992,2.554484757055775e-08,False,0.9718512296676636,0.8441392525511124,3.944962739944458,68,0.019695196832929335,0.5429922906415803,-0.0964253204209464,0.06516496517828532,0.2089585480945451,-0.09996813109942845,0.35958245077303475,1.0350516236175364,1.0668988139445743,1.0189072752337456,0.971959213401311,0.9986197377501727,0.9864349300551081,1.0646866347847974
full,56,14,110705.1400589299,0.024953216970010628,0.023941238837998258,0.016733085412350558,0.09669957558638564,0.09786091582001986,0.48415882033961155,0.00048415882033961156,0.0005036697244005544,0.20146788976022179,1.4029357795204436,0.9999999999999999,0.8058715462684631,0.8058715590408871,1.277242400732348e-08,False,0.9697760939598083,0.8423368125768685,3.9034247398376465,69,0.016198160392897454,0.5422561711498669,-0.09969960685287205,0.11612123463835033,0.40008168880428585,-0.10176828290734974,0.12681063477482113,1.0146423361916632,1.0003827389871474,1.0247643242463869,1.0041213937804423,1.0570145127850723,0.969058874086807,1.0042553191489363
full,56,15,113844.60133133494,0.02951189291269518,0.028358766997935714,0.02151640898946433,0.12160964305229915,0.06787316952898355,0.6125429655824388,0.0006125429655824389,0.0005081552958914212,0.2032621183565685,1.4065242367131368,0.9999999999999999,0.8130486011505127,0.8130484734262735,1.2772423918505638e-07,False,0.9914451837539673,0.8611583448278072,4.1146111488342285,70,-0.10053992164986475,0.550561742058822,0.01865623997790472,0.09631114559514181,0.23131229089839117,-0.10272219670670374,0.30642069982630865,1.0024823479186857,1.0579639578806326,0.9651039618260693,0.9328358208955223,0.9767898005884277,0.945011086474501,1.0153013182674198
full,56,16,116638.4174516068,0.025572251710326066,0.024540611391318468,0.017593020651757545,0.1426495473372661,0.06893767266418784,0.510229145841939,0.0005102291458419391,0.0004961938903267894,0.19847755613071577,1.3969551122614317,1.0,0.7939102649688721,0.7939102245228633,4.0446008764405406e-08,False,0.9637351036071777,0.837089675026112,3.9030351638793945,71,0.01640226266213826,0.5457874028278249,-0.0971390889691455,0.06104390828737191,0.3681009499622243,-0.10133846716157027,0.20714303239115647,1.0647274634440285,1.0659156475343874,1.0455609523922245,1.0168,0.9832663989290497,1.0154856874706712,0.9983769997681431
full,56,17,121585.81101311563,0.0433982655726759,0.04241650109460293,0.03172911453092551,0.17753560907519994,0.06313894414016688,0.427287055445569,0.000427287055445569,0.0005140856553667359,0.20563426214669434,1.4112685242933884,0.9999999999999999,0.8225370645523071,0.8225370485867769,1.5965530231198954e-08,False,0.998214066028595,0.8670377212688543,4.2249908447265625,72,-0.10492695295917137,0.5406739098419036,-0.10070730918752296,0.11230343407286064,0.28446835106504814,0.014872673100658818,0.25331589406622307,1.0311389371500623,1.0404774891800428,1.033478927516993,1.0743509047993705,1.0571817562968002,1.0083179297597042,1.0134695773339524
full,56,18,119911.12501450055,-0.012871272529890287,-0.013773695998412383,-0.014395205995187989,0.1660490218242281,0.058172374884322815,0.3986591720687492,0.00039865917206874916,0.0005159492152077812,0.2063796860831125,1.4127593721662248,0.9999999999999998,0.8255188465118408,0.8255187443324496,1.0217939117040942e-07,False,0.9801629185676575,0.8513586938002401,3.9993443489074707,73,-0.11363575820411959,0.5312584766319819,-0.09274392787899291,0.13923002566610063,0.10326300348554338,0.027009917157036906,0.4056182631424495,0.9822836111014266,0.9783176430619793,0.9764445432283997,0.9483705602343465,0.963940759819704,0.9404216315307058,1.0171860678276812
full,56,19,117878.94660427685,-0.015672677840141813,-0.016947371730337446,-0.017385525514230595,0.1516720934425806,0.06017194265166182,0.780501349163907,0.0007805013491639071,0.0005153277236968279,0.20613108947873116,1.4122621789574623,1.0,0.8245242834091187,0.8245243579149246,7.450580596923828e-08,False,0.9557294845581055,0.8301360826716487,3.9207983016967773,74,-0.10286943428218365,0.5457655731588602,0.013082154095172882,0.04889856092631817,0.36241417564451694,-0.10326165519654751,0.23597062565386295,0.953865200398201,0.9405989802128366,0.9695992992920063,0.9972972972972974,1.0277221108884433,0.9517543859649122,0.9894120297364272
full,56,20,118036.90712813819,0.0025820094915189884,0.0013400232052600547,-0.0016153988421815433,0.15280735125122968,0.05501313301661272,0.7340426902685846,0.0007340426902685847,0.0005055129661091736,0.20220518644366947,1.4044103728873387,0.9999999999999999,0.8088207244873047,0.8088207457746774,2.1287372753420186e-08,False,0.9067778587341309,0.7876172407205589,3.4761712551116943,75,0.017655571124383374,0.553883851638862,-0.10106273634093149,0.03283591302377836,0.12560036884886877,-0.10114245010273798,0.47222948180777685,0.9753702827932057,0.9734845260871898,0.9817779805097796,0.9632210607820363,0.9691257718557038,0.9810547875064004,1.0403005464480872
full,56,21,123976.85505754351,0.05104081795451987,0.050322802197426686,0.03766904670950797,0.19339783257459398,0.05842869227712644,0.17230131157806935,0.00017230131157806936,0.0005110794971031802,0.2044317988412721,1.408863597682544,0.9999999999999999,0.817727267742157,0.8177271953650882,7.23770687827141e-08,False,0.9431262612342834,0.8191890619841882,3.7783713340759277,76,0.018821587519986277,0.5573424228600092,-0.10304092083658492,0.03668401922498429,0.20327833081994737,-0.10139087800468718,0.3883054384163448,1.0891792688816473,1.1069920631695078,1.0876782985427245,0.965032154340836,1.0026827632461435,0.978079331941545,0.9929962792733641
full,56,22,126536.25811259446,0.021621250936817216,0.020644200515193,0.013404050813859744,0.20971268242326224,0.05821598069617046,0.4382366577961614,0.0004382366577961614,0.0005185934109613299,0.20743736438453197,1.414874728769064,1.0,0.8297494649887085,0.8297494575381279,7.450580596923828e-09,False,0.9229391813278198,0.8016547871659538,3.621986150741577,77,-0.10566387604922056,0.5258063049986959,-0.10177348833531141,0.04461478162556887,0.14018158335238695,0.014279576018452644,0.48255511838942766,1.0442292370169115,1.0551892045973597,1.0483617643675298,0.9808413161182841,0.9802675585284282,0.9829242262540022,1.0125633678642274
full,56,23,126427.8439321511,-0.0003130163696474231,-0.000856783518498605,-0.0033905135129412606,0.20903499664467817,0.05425655468714382,0.030445226601191866,3.0445226601191865e-05,0.0005136401711830071,0.20545606847320286,1.4109121369464055,0.9999999999999999,0.821824312210083,0.821824273892811,3.831727202197044e-08,False,0.9278857707977295,0.8059513401879989,3.659773826599121,78,-0.10656323922531946,0.527768918446132,-0.0988928292478834,0.04618894042713301,0.14898676531655447,0.013748948595353527,0.4687624956880297,1.0158957024486046,1.010169583320357,1.0122251879699948,0.9732484076433121,1.0010235414534288,0.8322475570032573,1.0013060513713536
full,56,24,128486.70778483612,0.017323284397306127,0.016284892541471585,0.010699980220033201,0.22170937582539652,0.039487979213702826,0.5108149099562849,0.0005108149099562849,0.0005104161785649403,0.2041664714259761,1.4083329428519522,0.9999999999999999,0.816665768623352,0.8166658857039044,1.1708055236425707e-07,False,0.9578155279159546,0.8319479969102983,3.7497994899749756,79,-0.1052402516028711,0.3965569550969771,0.029828032744782296,0.06913191479231628,0.13746644210602554,-0.09892621982310501,0.5711831266858748,1.0517206371017433,1.0611916700117017,1.0221778015443597,1.0663176265270506,1.0606680299931834,1.1487279843444227,0.9993478260869567
full,57,1,95658.43214017461,-0.04148785161720825,-0.043415678598253904,-0.047673344027055684,-0.04538614905859428,0.045743899369228014,1.5135093863521303,0.0015135093863521303,0.000499786197074822,0.1999144788299288,1.3998289576598577,1.0,0.7996578812599182,0.7996579153197154,3.4059797204832876e-08,False,0.9093217849731445,0.7898268669765041,3.395066261291504,57,-0.09816684627107211,0.4719435194773333,-0.10174763255885669,0.07155806518026761,0.05128102696367673,0.03460640779563359,0.5705254594130176,0.9120432847339066,0.8673832471904358,0.9509451683395475,0.9694550503297468,0.9555112881806108,0.8717948717948719,1.0287068738477745
full,57,2,94627.65488171678,-0.009767999467793165,-0.010775602687564168,-0.014549702356473692,-0.056773520647833475,0.06324661534468999,0.535164809652737,0.0005351648096527371,0.0004828958133501666,0.19315832534006666,1.3863166506801332,0.9999999999999998,0.7726332545280457,0.7726333013602664,4.6832220768067145e-08,False,1.03289794921875,0.8971637594297768,4.14617919921875,58,-0.089056419474738,0.20671538795743669,-0.10410190586532866,0.16997696246419633,0.13353593434606278,0.09437327619109834,0.5885567643812724,1.0000531712757406,0.9794685529360748,1.000391488535496,0.999641962047977,1.0055594162612926,1.0401069518716577,0.9831029185867896
full,57,3,91551.59160058828,-0.03128281837439972,-0.0325070222333369,-0.038078271421060156,-0.09228030066663995,0.05142982804507375,0.7652584867818014,0.0007652584867818014,0.0004992778200123991,0.19971112800495966,1.3994222560099192,1.0,0.798844575881958,0.7988445120198384,6.386211959252819e-08,False,0.9180488586425781,0.7974071068521004,3.4326419830322266,59,0.04522027501038142,0.45506793686321806,-0.10596102795430593,0.06721064129046031,-0.09375010005065373,0.05437581666878291,0.5778364581721169,0.9160800047452287,0.912869623396696,0.9328680427305247,1.0992120343839542,1.0241879751209397,1.1696658097686377,0.9851562499999998
full,57,4,96174.0267082379,0.05136367820234633,0.050489948091955617,0.04900473069744306,-0.03978177292470986,0.06987594088974068,0.34856828674674023,0.00034856828674674023,0.0004828218250934567,0.19312873003738268,1.3862574600747652,1.0,0.7725149989128113,0.7725149201495305,7.876328078637584e-08,False,0.9292382597923279,0.8071260972023768,3.5469233989715576,60,0.04826379806867667,0.554186409871493,-0.09942108525761537,0.0250365851180894,-0.09370764477976731,0.11991556600800582,0.4457263709711177,1.0911163764566931,1.1234912300099247,1.0672516751244587,0.9214727924405344,0.9787449392712549,0.9501831501831501,0.9801744647105474
full,57,5,94641.81142566637,-0.01491816647584654,-0.015931695230145593,-0.01982066437384916,-0.05661544822123421,0.05973978154649616,0.5358899884990282,0.0005358899884990283,0.000493517392980201,0.1974069571920804,1.394813914384161,1.0,0.7896278500556946,0.7896278287683218,2.1287372753420186e-08,False,0.8636401295661926,0.7501482852416139,3.159914255142212,61,-0.09619360523564477,0.5260964621390616,-0.10121335195643563,0.043608548917940665,0.03994860766189437,0.026310189494064856,0.561443148979119,0.9575598807831897,0.9536357930098714,0.9593638617140574,0.9904526166902407,1.019303688383316,0.9602929838087895,1.0035059331175835
full,57,6,91059.962236282,-0.037103858299244674,-0.03784637186702233,-0.04424354847614971,-0.09817748156451511,0.05363030265737611,0.2803236725074904,0.0002803236725074904,0.0004910990888518947,0.19643963554075788,1.3928792710815154,0.9999999999999998,0.7857586145401001,0.7857585421630309,7.237706922680331e-08,False,0.8526086211204529,0.7405664387515061,3.1034040451049805,62,0.03295054073844636,0.5241986007562704,-0.1020600332745484,0.03642966757927621,0.030399987207991724,-0.09437960226620948,0.5724608392587729,0.906604323640961,0.8950099292047539,0.9116191074982402,0.9460906818993214,1.0010145417653027,0.8916097952629467,1.0064498790647676
full,57,7,89833.82196689978,-0.012423460605263559,-0.013465196330750051,-0.01730459345515034,-0.11316648685888109,0.04631176321568731,0.5730018913745879,0.0005730018913745879,0.0004823953392250198,0.19295813569000791,1.3859162713800157,0.9999999999999998,0.7718325257301331,0.7718325427600314,1.7029898380371833e-08,False,1.0284676551818848,0.8933156549229379,4.108877658843994,63,0.13440245177064622,0.24001334394727433,-0.10437572215284621,0.127693487065179,0.10240849639688218,-0.0885824135371617,0.588440356510026,1.0798634244603893,1.039007305019145,1.1395080340749941,0.8803773584905662,0.9280405405405406,0.9914452949122017,1.0066755674232308
full,57,8,95619.81653673356,0.06538346772232062,0.06440775248286434,0.06486571854065096,-0.04580832323165707,0.049848901731461316,0.4271144356046403,0.0004271144356046403,0.0004891399826322283,0.19565599305289133,1.3913119861057825,0.9999999999999999,0.7826239466667175,0.7826239722115651,2.554484757055775e-08,False,1.0205459594726562,0.8864349574552687,4.428764820098877,64,0.023807142462049208,0.28723811783960884,-0.10167909732886724,0.11855968513659068,0.26604431548288887,-0.0939768957240241,0.5000067321317536,1.0537528861202778,1.0436698440150798,1.056726336776278,1.1337333904843547,1.097196942118675,1.0286103542234333,1.0366047745358091
full,57,9,96076.63625111654,0.006372301648939205,0.004777458595180306,0.00069266528641212,-0.040835773419761745,0.08559769050966402,1.0837811338050025,0.0010837811338050025,0.0005022204853594303,0.20088819414377213,1.4017763882875443,1.0,0.8035527467727661,0.8035527765750885,2.9802322387695312e-08,False,1.021198034286499,0.8870013424421487,4.436708450317383,65,-0.12520458549261093,0.07063467055559158,-0.0756836086511612,0.31873180717229843,0.0897689238190651,0.20858506113290787,0.5131677314639091,0.9410285276370367,0.912668726840604,0.9582963540708176,1.0015122873345936,0.9499004644990046,1.0061810154525386,1.00921187308086
full,57,10,101510.55404523679,0.05839491788907969,0.05655816029942562,0.052280133554150544,0.01488075855209725,0.068727968354169,1.2524862262819496,0.0012524862262819497,0.0004844393541238138,0.19377574164952555,1.387551483299051,0.9999999999999999,0.775102972984314,0.775102966598102,6.38621200366174e-09,False,0.9939643144607544,0.8633464339581085,4.115777492523193,66,-0.0930365204278912,0.5290539235408818,-0.10073922122163434,0.08029470300035815,0.22542471891002994,0.025589006819895316,0.3334133893783603,1.0617528584451108,1.1068239035899863,1.0283217793331279,1.064175160437901,0.9811386657352429,1.100043878894252,1.0210446247464502
full,57,11,100854.83514745737,-0.005516393139433862,-0.006459613031835176,-0.01007528259990077,0.00847589653195635,0.0734084115951974,0.4622584347214018,0.00046225843472140184,0.00048664355650544165,0.19465742260217667,1.3893148452043533,1.0,0.7786296010017395,0.7786296904087067,8.940696716308594e-08,False,1.076245665550232,0.934815107441517,4.949101448059082,67,-0.10577922314405441,0.47286611050367355,-0.08887819945812225,0.2506805881857872,0.20994438976049423,0.07447131723165512,0.18669501692056656,0.9738875049333385,0.9888637987703586,0.9580667059670183,0.9741042923022349,1.0316838732645068,0.9409652971679298,0.9865905140302956
full,57,12,106552.20825834117,0.0577929982563834,0.056490827658919995,0.05016062178982112,0.06149293726935268,0.05712837895150414,0.7398289505924497,0.0007398289505924497,0.0004919553029217891,0.19678212116871563,1.393564242337431,0.9999999999999999,0.7871285080909729,0.7871284846748621,2.3416110828122783e-08,False,0.9714217782020569,0.8437662357475959,3.94289231300354,68,0.01961551340562956,0.5431104294423545,-0.09659396936850889,0.06503114024443285,0.20805460134787218,-0.10018815180020674,0.3609704367284264,1.0350516236175364,1.0668988139445743,1.0189072752337456,0.971959213401311,0.9986197377501727,0.9864349300551081,1.0646866347847974
full,57,13,109100.13462561188,0.024922752178399676,0.023912468910012086,0.017193121895832195,0.08341084689620148,0.09449575462033225,0.4821323773690632,0.0004821323773690632,0.000504070260961141,0.20162810438445639,1.4032562087689127,0.9999999999999998,0.8065124750137329,0.8065124175378253,5.747590758886645e-08,False,0.9698420763015747,0.8423941241107329,3.904703378677368,69,0.016171725200755244,0.5425988507590123,-0.09974101212407863,0.11468412700508321,0.3994678032717534,-0.10188709226037776,0.12870559814785207,1.0146423361916632,1.0003827389871474,1.0247643242463869,1.0041213937804423,1.0570145127850723,0.969058874086807,1.0042553191489363
full,57,14,112228.5583642882,0.02983584642970416,0.02867479265183137,0.022830840673711616,0.10896119973843843,0.05439024337050657,0.6197200880518982,0.0006197200880518982,0.0005083322804421186,0.20333291217684746,1.406665824353695,1.0,0.8133315443992615,0.8133316487073898,1.043081283569336e-07,False,0.9899045825004578,0.8598201955813823,4.101442813873291,70,-0.10055465064942837,0.5507898796349764,0.018615279346704483,0.09430951066315174,0.22759992070496082,-0.10277826152741909,0.312018321827054,1.0024823479186857,1.0579639578806326,0.9651039618260693,0.9328358208955223,0.9767898005884277,0.945011086474501,1.0153013182674198
full,57,15,114988.86131306534,0.025623788611390586,0.024595370278368334,0.01802541012597386,0.13035054997420226,0.06727880219579936,0.5066838780684131,0.0005066838780684131,0.0004965439132813896,0.19861756531255587,1.3972351306251116,0.9999999999999999,0.7944702506065369,0.7944702612502232,1.0643686376710093e-08,False,0.9641875624656677,0.837482675797173,3.9132330417633057,71,0.016327437545572004,0.5458483719932181,-0.09719172625669412,0.059679402570639334,0.3627073490726096,-0.10142583905586175,0.21405500413051673,1.0647274634440285,1.0659156475343874,1.0455609523922245,1.0168,0.9832663989290497,1.0154856874706712,0.9983769997681431
full,57,16,119808.84469590618,0.042899664969895834,0.041916958980210195,0.03151445513986889,0.16533708129966673,0.06944152371191165,0.42869846043842186,0.00042869846043842185,0.0005140281575066703,0.20561126300266813,1.4112225260053362,0.9999999999999999,0.8224450945854187,0.8224450520106723,4.257474639501879e-08,False,0.9969594478607178,0.865947973774445,4.215239524841309,72,-0.10492672984089171,0.5411893778613635,-0.10068453316177642,0.1086870783141681,0.27776408727679935,0.01482520784650529,0.2631455117038318,1.0311389371500623,1.0404774891800428,1.033478927516993,1.0743509047993705,1.0571817562968002,1.0083179297597042,1.0134695773339524
full,57,17,118212.41552295069,-0.012428974374922186,-0.013324802329973906,-0.01427929242945442,0.15406516686409133,0.06014755987758035,0.3914746998676231,0.0003914746998676231,0.0005160392727702856,0.20641570910811424,1.4128314182162285,1.0,0.8256628513336182,0.825662836432457,1.4901161193847656e-08,False,0.9761496186256409,0.8478727857621592,3.963639974594116,73,-0.11360102705657482,0.5319005344063044,-0.09281468205153942,0.13528789021074772,0.09998987801373005,0.026749055832624435,0.4124883506447077,0.9822836111014266,0.9783176430619793,0.9764445432283997,0.9483705602343465,0.963940759819704,0.9404216315307058,1.0171860678276812
full,57,18,116179.019267162,-0.01593528716630599,-0.017201207223397796,-0.018234103067688443,0.13925938925303882,0.06856650913271875,0.772072053381375,0.000772072053381375,0.0005151756161025594,0.20607024644102373,1.4121404928820473,0.9999999999999999,0.8242809772491455,0.8242809857640947,8.514949190185916e-09,False,0.9557645320892334,0.8301665245703951,3.9285688400268555,74,-0.10283971311790605,0.5456188273216998,0.01301473645227294,0.047337963112762976,0.35571687934654095,-0.10323053332311768,0.24438184020774703,0.953865200398201,0.9405989802128366,0.9695992992920063,0.9972972972972974,1.0277221108884433,0.9517543859649122,0.9894120297364272
full,57,19,116382.90509770479,0.0029916276429857724,0.0017549281430404573,-0.0014634325760578158,0.14076728093315038,0.059426485123387544,0.7285585057522568,0.0007285585057522568,0.0005052130682660001,0.20208522730640005,1.4041704546128,0.9999999999999998,0.8083409070968628,0.8083409092256,2.1287371865241766e-09,False,0.9031946063041687,0.784504867205361,3.450538396835327,75,0.01761720489178384,0.5538256761751004,-0.10093184587146556,0.032234377892954,0.12048779401396001,-0.10115338143493449,0.47792017433260164,0.9753702827932057,0.9734845260871898,0.9817779805097796,0.9632210607820363,0.9691257718557038,0.9810547875064004,1.0403005464480872
full,57,20,122231.78246179203,0.050968785726901666,0.050255468010332205,0.038235894848092006,0.18188217511056404,0.057579986586433,0.16826328528778894,0.00016826328528778896,0.0005106911315981831,0.20427645263927324,1.4085529052785464,1.0,0.817105770111084,0.8171058105570927,4.0446008764405406e-08,False,0.9403140544891357,0.8167464102414107,3.7553694248199463,76,0.01867337950638362,0.5570563623415572,-0.1028898185385125,0.03582813457718917,0.19673881919256278,-0.10138663410076074,0.39597975702158045,1.0891792688816473,1.1069920631695078,1.0876782985427245,0.965032154340836,1.0026827632461435,0.978079331941545,0.9929962792733641
full,57,21,124773.60624448983,0.021763771292774514,0.020795113443529578,0.013812191858466119,0.1985484509916845,0.05708168045308688,0.43035854186330513,0.00043035854186330514,0.0005181163629250868,0.2072465451700347,1.4144930903400694,0.9999999999999999,0.8289861679077148,0.8289861806801389,1.277242400732348e-08,False,0.9204836487770081,0.7995219386920511,3.602325439453125,77,-0.10567759882126537,0.5259613974818161,-0.10156894634876934,0.04375648711408886,0.1370054914483002,0.014305880559342232,0.48621728856648716,1.0442292370169115,1.0551892045973597,1.0483617643675298,0.9808413161182841,0.9802675585284282,0.9829242262540022,1.0125633678642274
full,57,22,124669.61596891373,-0.0002889836455097772,-0.0008334316744226244,-0.003335805494810739,0.1978799387259288,0.053345864581100674,0.03167054269995004,3.1670542699950036e-05,0.0005130832196612443,0.20523328786449774,1.4104665757289954,1.0,0.8209331035614014,0.8209331514579907,4.7896589361329234e-08,False,0.9258973598480225,0.8042242283815714,3.643359661102295,78,-0.10653991478362254,0.5279156543048364,-0.0986933730808752,0.045453471663807116,0.14631394815764256,0.013755908768091879,0.4717943049701197,1.0158957024486046,1.010169583320357,1.0122251879699948,0.9732484076433121,1.0010235414534288,0.8322475570032573,1.0013060513713536
full,57,23,126693.93879361442,0.017271971077423398,0.01623749948187414,0.010692482016953088,0.2106962578304482,0.04247674175132651,0.5072276884956018,0.0005072276884956019,0.0005101973097771406,0.20407892391085625,1.4081578478217125,1.0,0.8163157105445862,0.816315695643425,1.4901161193847656e-08,False,0.9580210447311401,0.8321265065478451,3.7491986751556396,79,-0.10514667816460133,0.3958590980619192,0.030306492000818253,0.0688071008771658,0.13744481466710567,-0.09893224574625492,0.5716614183038473,1.0517206371017433,1.0611916700117017,1.0221778015443597,1.0663176265270506,1.0606680299931834,1.1487279843444227,0.9993478260869567
full,57,24,131438.54649259642,0.03857034535946413,0.037449366119329586,0.025834674269735108,0.23918817828959527,0.05314492378823899,0.5705385873360292,0.0005705385873360293,0.0005093927282307829,0.20375709129231315,1.4075141825846262,1.0,0.8150283694267273,0.8150283651692525,4.257474817137563e-09,False,0.9701140522956848,0.8426303594576372,3.8755080699920654,80,-0.1185386287314551,0.5142037315028054,-0.08521846256085805,0.08027568140200206,0.09881434270313807,0.056523833956037245,0.45393950172833036,1.0310187843265763,1.0178682872014018,1.0207962964654471,0.9975450081833063,0.980719794344473,0.9982964224872232,1.0815749401783774
full,58,1,98948.4808851219,-0.009005845492238262,-0.010515191148780967,-0.013789167554608624,-0.010626935405899651,0.06324464297417948,1.0409030594996045,0.0010409030594996046,0.00048332009730594496,0.193328038922378,1.386656077844756,1.0,0.7733121514320374,0.7733121556895122,4.257474817137563e-09,False,1.0361965894699097,0.900028921947502,4.161929130554199,58,-0.0897253645317895,0.18503547034093312,-0.10360267439058848,0.17408317646809987,0.1426964881164687,0.10160859248467854,0.5899043115121978,1.0000531712757406,0.9794685529360748,1.000391488535496,0.999641962047977,1.0055594162612926,1.0401069518716577,0.9831029185867896
full,58,2,96038.54640178385,-0.028169841688782782,-0.0294085816912788,-0.033123613907168996,-0.04124857931151027,0.05003940003116753,0.7768330488886153,0.0007768330488886153,0.0004986265993544034,0.19945063974176136,1.3989012794835225,0.9999999999999999,0.7978025078773499,0.797802558967045,5.10896951411155e-08,False,0.9341495633125305,0.8113920012379289,3.5190021991729736,59,0.051151492765971585,0.4325751374874796,-0.10544354362147196,0.07503564762217657,-0.0940070961202894,0.060019732585975094,0.5806686292801584,0.9160800047452287,0.912869623396696,0.9328680427305247,1.0992120343839542,1.0241879751209397,1.1696658097686377,0.9851562499999998
full,58,3,100893.25787078189,0.05145739790228898,0.05054961420061499,0.04671825534866101,0.008853494174268062,0.0676763627423464,0.383898515254259,0.000383898515254259,0.000479831960318344,0.1919327841273376,1.383865568254675,0.9999999999999999,0.7677311301231384,0.76773113650935,6.38621155957253e-09,False,0.9351187348365784,0.8122338129277523,3.5807878971099854,60,0.05152645254773752,0.5530140354697193,-0.09888720964746817,0.02561829718095915,-0.09304557447986944,0.12363727683467524,0.4381367220942463,1.0911163764566931,1.1234912300099247,1.0672516751244587,0.9214727924405344,0.9787449392712549,0.9501831501831501,0.9801744647105474
full,58,4,99327.14150656818,-0.014485425390031725,-0.015522507621069215,-0.01876479171822499,-0.0067741654821238395,0.06274264123666176,0.5641300252505711,0.0005641300252505711,0.0004887496733239719,0.1954998693295888,1.3909997386591777,1.0,0.7819993495941162,0.7819994773183554,1.2772423918505638e-07,False,0.8740501403808594,0.7591903057483398,3.204326629638672,61,-0.09543393286211152,0.5161849063421999,-0.10006593646747727,0.04766233531492095,0.045447594353130866,0.026540505566767264,0.5596645277525698,0.9575598807831897,0.9536357930098714,0.9593638617140574,0.9904526166902407,1.019303688383316,0.9602929838087895,1.0035059331175835
full,58,5,95585.01848397705,-0.03692565225697564,-0.037674727832006205,-0.04148866684981002,-0.046189053327044594,0.041475580097785354,0.28924537982259446,0.0002892453798225945,0.000488853467894452,0.1955413871577808,1.3910827743155614,0.9999999999999998,0.78216552734375,0.7821655486311228,2.1287372753420186e-08,False,0.8575907349586487,0.7448938478477907,3.122061014175415,62,0.03346520396215574,0.5203925903354372,-0.10124525321381433,0.038026970944234295,0.03247622506959097,-0.09429613394396646,0.5711803968463625,0.906604323640961,0.8950099292047539,0.9116191074982402,0.9460906818993214,1.0010145417653027,0.8916097952629467,1.0064498790647676
full,58,6,94190.28882714796,-0.013545203103197734,-0.01459150899325179,-0.017738722644210638,-0.06168057498489743,0.044944019727156066,0.5791780118431364,0.0005791780118431365,0.0004820578199412141,0.19282312797648565,1.3856462559529714,1.0,0.771292507648468,0.7712925119059428,4.257474817137563e-09,False,1.0312817096710205,0.8957599115957513,4.131210803985596,63,0.1327352034194129,0.23377440444060735,-0.10421607324055263,0.13028950563498906,0.10866161010095052,-0.08860705473593303,0.5873624043805259,1.0798634244603893,1.039007305019145,1.1395080340749941,0.8803773584905662,0.9280405405405406,0.9914452949122017,1.0066755674232308
full,58,7,100495.06911706942,0.0679418482758638,0.06693662763357255,0.06393772842731431,0.004926302568066365,0.05338298251298963,0.4538605931614127,0.0004538605931614127,0.00048785175995102954,0.19514070398041183,1.3902814079608237,0.9999999999999999,0.7805627584457397,0.7805628159216473,5.747590758886645e-08,False,1.0279983282089233,0.8929080026938069,4.54750394821167,64,0.023067308855908242,0.27082776304866585,-0.10140509876821724,0.12766977426196846,0.2957275736012629,-0.0937356052121946,0.4778482842126063,1.0537528861202778,1.0436698440150798,1.056726336776278,1.1337333904843547,1.097196942118675,1.0286103542234333,1.0366047745358091
full,58,8,101568.09612166892,0.012587473684985362,0.010677409489111334,0.006286487764651503,0.01543886497380531,0.08452149282174884,1.3864210865327289,0.001386421086532729,0.0005016804459903921,0.20067217839615684,1.4013443567923136,1.0,0.8026887774467468,0.8026887135846272,6.386211959252819e-08,False,1.0289897918701172,0.893769177087935,4.538209915161133,65,-0.12425531021186281,-0.07641686818429402,0.06949765660933085,0.33005426504782265,0.09708428063562938,0.2098650900380952,0.49417088606527876,0.9410285276370367,0.912668726840604,0.9582963540708176,1.0015122873345936,0.9499004644990046,1.0061810154525386,1.00921187308086
full,58,9,107162.05655551274,0.0572740403830303,0.05507596034036899,0.047957940424230135,0.06683388491898357,0.06874159041896245,1.5952061324247293,0.0015952061324247294,0.0004859649190413101,0.19438596761652405,1.388771935233048,0.9999999999999999,0.7775437831878662,0.7775438704660962,8.727822997656176e-08,False,1.0041265487670898,0.8721732385242074,4.214922904968262,66,-0.09305881682251183,0.5267335104623011,-0.10132715079401222,0.09029942032481941,0.2603404748120478,0.026161035788910714,0.2908515262284449,1.0617528584451108,1.1068239035899863,1.0283217793331279,1.064175160437901,0.9811386657352429,1.100043878894252,1.0210446247464502
full,58,10,106515.58719203298,-0.005070946491129158,-0.00603263304437307,-0.009900181256707889,0.061170269664723054,0.0847313200489475,0.48134438480649666,0.00048134438480649665,0.00048571113230926646,0.1942844529237066,1.388568905847413,1.0,0.7771376967430115,0.7771378116948262,1.1495181473364369e-07,False,1.0776478052139282,0.9360329904791189,4.994328498840332,67,-0.10615685901471547,0.4596029115574701,-0.08812759390899114,0.26745565661362236,0.2275345070021493,0.07647743501833507,0.16321394273212977,0.9738875049333385,0.9888637987703586,0.9580667059670183,0.9741042923022349,1.0316838732645068,0.9409652971679298,0.9865905140302956
full,58,11,112260.39257823468,0.055255743975984206,0.053933940915563916,0.0452048607859843,0.10921387585287812,0.0567749080434153,0.7606935799121856,0.0007606935799121855,0.0004926818210099425,0.197072728403977,1.3941454568079539,0.9999999999999999,0.7882907390594482,0.7882909136159078,1.745564595090343e-07,False,0.9823516607284546,0.8532598110857265,4.043241024017334,68,0.019888986434255324,0.5408108649509293,-0.09650405815669469,0.07253143617085048,0.23612069764307567,-0.1005686702472823,0.3277207432048661,1.0350516236175364,1.0668988139445743,1.0189072752337456,0.971959213401311,0.9986197377501727,0.9864349300551081,1.0646866347847974
full,58,12,115015.58257064987,0.025526517082444578,0.024542850146324735,0.01721181014842156,0.1305525932664502,0.08253814530301026,0.4551510353173528,0.0004551510353173528,0.0005044916258858783,0.20179665035435135,1.4035933007087027,0.9999999999999999,0.8071866631507874,0.8071866014174054,6.17333819619148e-08,False,0.9660217761993408,0.8390758536035037,3.8766589164733887,69,0.01602150340165409,0.5394976253488234,-0.09975542474005905,0.12558367502476486,0.4106439764478377,-0.1020412256142923,0.11004987013127121,1.0146423361916632,1.0003827389871474,1.0247643242463869,1.0041213937804423,1.0570145127850723,0.969058874086807,1.0042553191489363
full,58,13,118108.80009418866,0.028031400146658392,0.02689389954303567,0.0196961129691269,0.15332303841667483,0.061486643621954766,0.5977720676788262,0.0005977720676788262,0.0005093248374760151,0.20372993499040604,1.407459869980812,1.0,0.8149197697639465,0.8149197399616241,2.9802322387695312e-08,False,0.9973194599151611,0.8662606762717717,4.1705780029296875,70,-0.10056031122803688,0.5489791668951511,0.018631771206855774,0.10517510399222374,0.2498767264187336,-0.10316962376236916,0.2810671664774418,1.0024823479186857,1.0579639578806326,0.9651039618260693,0.9328358208955223,0.9767898005884277,0.945011086474501,1.0153013182674198
full,58,14,120995.14594620645,0.025453266318801626,0.02443802536065065,0.016553058051756154,0.17352056383766623,0.07288934738470498,0.4940295059766089,0.0004940295059766089,0.000496502084923642,0.19860083396945682,1.3972016679389134,0.9999999999999999,0.7944033145904541,0.7944033358778269,2.1287372753420186e-08,False,0.9634677767753601,0.8368574778902659,3.889353036880493,71,0.016517878643104,0.5451411615524973,-0.09722880167620523,0.06493115531546728,0.37801569806677954,-0.10137203229325159,0.19399494039160864,1.0647274634440285,1.0659156475343874,1.0455609523922245,1.0168,0.9832663989290497,1.0154856874706712,0.9983769997681431
full,58,15,126199.03583165846,0.04400019080899953,0.043009079783792536,0.030530552497631102,0.20760091912751466,0.07099605584434657,0.43513158708810806,0.00043513158708810806,0.0005146592103743127,0.2058636841497251,1.41172736829945,0.9999999999999999,0.8234546184539795,0.8234547365989,1.1814492051342995e-07,False,0.9998886585235596,0.8684922538288536,4.241358280181885,72,-0.10505365194486721,0.5392790326316441,-0.1008100322048579,0.11784676848245518,0.2914647945602025,0.014760724401899739,0.24251236407352345,1.0311389371500623,1.0404774891800428,1.033478927516993,1.0743509047993705,1.0571817562968002,1.0083179297597042,1.0134695773339524
full,58,16,124413.64990608138,-0.01323595329865368,-0.014147381664299519,-0.014489396292329603,0.19622967354877052,0.06236301427170931,0.40814663922148087,0.0004081466392214809,0.0005159339960664511,0.20637359842658043,1.4127471968531609,1.0,0.8254944086074829,0.8254943937063217,1.4901161193847656e-08,False,0.9832998514175415,0.8540833990538514,4.031786918640137,73,-0.11382361687719822,0.5297408755868673,-0.09254998154938221,0.14374311827123165,0.10569959692656994,0.026775624603033066,0.40041438303887844,0.9822836111014266,0.9783176430619793,0.9764445432283997,0.9483705602343465,0.963940759819704,0.9404216315307058,1.0171860678276812
full,58,17,122312.65025146342,-0.015614835273611072,-0.01688721178266195,-0.01706111125793883,0.18242307893411425,0.06509033286565108,0.7778461248214756,0.0007778461248214756,0.0005155495653993318,0.20621982615973272,1.4124396523194653,0.9999999999999999,0.8248792886734009,0.8248793046389307,1.5965529787109745e-08,False,0.9564448595046997,0.8307574494552442,3.92630934715271,74,-0.10289459130061526,0.5450856665681516,0.013035726600459624,0.0497960875342999,0.36276313462959864,-0.10332523485911746,0.23553921082722287,0.953865200398201,0.9405989802128366,0.9695992992920063,0.9972972972972974,1.0277221108884433,0.9517543859649122,0.9894120297364272
full,58,18,122494.33439444618,0.002732575804120785,0.0014854076222634571,-0.001742049595977008,0.18363571266905931,0.05909366661844151,0.7391745804675987,0.0007391745804675987,0.0005053690302052669,0.20214761208210674,1.4042952241642133,0.9999999999999999,0.8085903525352478,0.8085904483284265,9.579317872265847e-08,False,0.9061868190765381,0.787103870196802,3.4710400104522705,75,0.017659072897263928,0.5530682123665298,-0.10100819250302656,0.03307831952614443,0.12393753150744097,-0.10113941957908018,0.4744044757847275,0.9753702827932057,0.9734845260871898,0.9817779805097796,0.9632210607820363,0.9691257718557038,0.9810547875064004,1.0403005464480872
full,58,19,128643.84432796121,0.050914881385670796,0.05020240294308542,0.03648749971609778,0.2226600462509294,0.05073667731544594,0.16726834699511528,0.00016726834699511527,0.0005109217523464135,0.2043687009385654,1.4087374018771306,0.9999999999999999,0.8174747824668884,0.8174748037542612,2.1287372753420186e-08,False,0.9421225190162659,0.8183172225711115,3.7691054344177246,76,0.018771712801286145,0.5565758320902074,-0.10298016933458193,0.036720552614756985,0.1993092122886862,-0.10138853160398348,0.3929913911436285,1.0891792688816473,1.1069920631695078,1.0876782985427245,0.965032154340836,1.0026827632461435,0.978079331941545,0.9929962792733641
full,58,20,131298.76887020387,0.021613043761979478,0.02063778920874193,0.013055303480451853,0.23837823567976058,0.05325771896758666,0.436522813513875,0.00043652281351387503,0.0005185553890519909,0.20742215562079636,1.4148443112415925,0.9999999999999999,0.8296886682510376,0.829688622483185,4.576785261889427e-08,False,0.9223441481590271,0.8011379479224418,3.6154770851135254,77,-0.10574776479708298,0.5242469926763857,-0.10167439082371338,0.04508101022137062,0.13789612254393951,0.014335326052137776,0.4858627041269626,1.0442292370169115,1.0551892045973597,1.0483617643675298,0.9808413161182841,0.9802675585284282,0.9829242262540022,1.0125633678642274
full,58,21,131184.411997918,-0.0003270030149312708,-0.0008709668283249927,-0.0028532122689146214,0.2377143101301772,0.043785734386624656,0.031108459191663024,3.110845919166303e-05,0.0005131813890433738,0.20527255561734953,1.410545111234699,1.0,0.8210901021957397,0.8210902224693979,1.2027365814404334e-07,False,0.9271354079246521,0.8052995832775938,3.6521942615509033,78,-0.10658642662955184,0.5265368668894683,-0.09868612898779769,0.04648400084780793,0.1467692254643355,0.013733171724847365,0.4717492906908904,1.0158957024486046,1.010169583320357,1.0122251879699948,0.9732484076433121,1.0010235414534288,0.8322475570032573,1.0013060513713536
full,58,22,133307.41352676201,0.017222693680183143,0.01618333685009543,0.010105094135494389,0.24985417273942845,0.040695369475137445,0.5120185257068703,0.0005120185257068703,0.0005102632075015988,0.20410528300063951,1.408210566001279,0.9999999999999999,0.8164211511611938,0.8164211320025578,1.915863601098522e-08,False,0.9608765840530396,0.8346067964885625,3.7671096324920654,79,-0.10515748842486314,0.39092726127377575,0.030951917703662596,0.0709784837173564,0.13905053452721663,-0.09894779457577638,0.572197085778628,1.0517206371017433,1.0611916700117017,1.0221778015443597,1.0663176265270506,1.0606680299931834,1.1487279843444227,0.9993478260869567
full,58,23,138294.3625973834,0.038535606769712905,0.037409390360876316,0.02429762152944158,0.2769047261085389,0.05505863679337724,0.5756425894796847,0.0005756425894796847,0.0005093731704567159,0.20374926818268638,1.4074985363653727,1.0,0.8149970173835754,0.8149970727307454,5.534716995825306e-08,False,0.9713496565818787,0.8437035917042572,3.8876171112060547,80,-0.11875824949571062,0.512237545635019,-0.08499101868697576,0.08199899324348994,0.09892237612179347,0.05654270627668925,0.4540476469056947,1.0310187843265763,1.0178682872014018,1.0207962964654471,0.9975450081833063,0.980719794344473,0.9982964224872232,1.0815749401783774
full,58,24,139528.59362025122,0.009962816682448805,0.008924666195259334,0.0035020495029984104,0.2833010252209267,0.0578849921877881,0.5188974583787578,0.0005188974583787578,0.0005095408151724509,0.20381632606898037,1.4076326521379605,0.9999999999999999,0.8152652978897095,0.815265304275921,6.38621155957253e-09,False,0.9707818627357483,0.8432104122357912,3.9924182891845703,81,-0.10745575358825071,0.552643477118441,-0.09636057248072966,0.055420438892074986,0.3066626779202904,0.01974242287022726,0.26934730926794664,0.9583849199542304,0.9559426386392028,0.9499728531432721,1.0254306808859721,1.0298165137614679,1.0329920364050056,1.0512872083668543
full,59,1,96025.15510787428,-0.03774665116747489,-0.03974844892125717,-0.04413157169139224,-0.04139378778050795,0.054755678217685795,1.5727633855172565,0.0015727633855172566,0.0005097264716667789,0.2038905886667116,1.407781177333423,0.9999999999999998,0.8155623078346252,0.815562354666846,4.6832220768067145e-08,False,0.8850345611572266,0.7687312524084992,3.2833175659179688,59,0.03608632247362817,0.5038789452186652,-0.10993900735463419,0.05289992849741662,-0.0939515813120774,0.042808359222752695,0.5682170332542487,0.9160800047452287,0.912869623396696,0.9328680427305247,1.0992120343839542,1.0241879751209397,1.1696658097686377,0.9851562499999998
full,59,2,101232.00012517412,0.055268665295963526,0.054223760549519495,0.049789212437720075,0.012170066023102888,0.07549282731781533,0.49819861299225277,0.0004981986129922528,0.0004924708192369768,0.19698832769479074,1.3939766553895814,0.9999999999999999,0.7879533171653748,0.7879533107791628,6.38621200366174e-09,False,0.9798410534858704,0.8510791253423652,3.8996171951293945,60,0.08336842884974818,0.5693174608583962,-0.10306620518011708,0.029642912426165152,-0.09392212251467366,0.17228478273110728,0.34237474282937386,1.0911163764566931,1.1234912300099247,1.0672516751244587,0.9214727924405344,0.9787449392712549,0.9501831501831501,0.9801744647105474
full,59,3,99552.86329581226,-0.015396698642168416,-0.016587016232866958,-0.01963165354641653,-0.004491449963213157,0.05940275120200965,0.7138569557241032,0.0007138569557241033,0.0004958055301436357,0.19832221205745426,1.3966444241149083,0.9999999999999998,0.7932887673377991,0.7932888482298166,8.089201752881081e-08,False,0.8647305369377136,0.7510954010505703,3.173882484436035,61,-0.09461131212966783,0.5397024649594511,-0.10371089992778643,0.04451274233204977,0.0435540239725794,0.023595736495086117,0.5469572442982877,0.9575598807831897,0.9536357930098714,0.9593638617140574,0.9904526166902407,1.019303688383316,0.9602929838087895,1.0035059331175835
full,59,4,95638.97986368906,-0.0385666500314894,-0.03931462443720424,-0.04385674742697544,-0.04559877303717119,0.05498848706034821,0.2859706218753543,0.00028597062187535435,0.0004923105878489359,0.19692423513957436,1.3938484702791487,0.9999999999999999,0.7876969575881958,0.7876969405582974,1.7029898380371833e-08,False,0.8450380563735962,0.7339907297626038,3.0757014751434326,62,0.030395521117108193,0.5415317996272019,-0.10281036208782879,0.03367817242230686,0.02911289249147686,-0.09411387305174557,0.5622058494814804,0.906604323640961,0.8950099292047539,0.9116191074982402,0.9460906818993214,1.0010145417653027,0.8916097952629467,1.0064498790647676
full,59,5,94434.40153336756,-0.011570785004513917,-0.012595056242113212,-0.0156688675771186,-0.058936133191524354,0.046630148455308724,0.5505441959415164,0.0005505441959415164,0.0004862546920776367,0.1945018768310547,1.3890037536621094,1.0,0.7780075669288635,0.7780075073242188,5.960464477539063e-08,False,1.0230600833892822,0.8886186977428919,4.099031925201416,63,0.12188800424337387,0.2700391784310341,-0.10658983886241913,0.12118338793516159,0.09884905815124512,-0.08791203796863556,0.58254224807024,1.0798634244603893,1.039007305019145,1.1395080340749941,0.8803773584905662,0.9280405405405406,0.9914452949122017,1.0066755674232308
full,59,6,100817.40879225226,0.06866875012537488,0.06759197024856789,0.06418390029322685,0.008107813938529551,0.057200936736541204,0.5150615743228367,0.0005150615743228367,0.000493036320965205,0.197214528386082,1.394429056772164,0.9999999999999999,0.7888580560684204,0.788858113544328,5.747590758886645e-08,False,1.0350512266159058,0.8990340724129603,4.716682434082031,64,0.021683542323963967,0.31307815786983284,-0.10330811116312233,0.12804470237876686,0.3031978237309626,-0.09390641722295967,0.4312103020825556,1.0537528861202778,1.0436698440150798,1.056726336776278,1.1337333904843547,1.097196942118675,1.0286103542234333,1.0366047745358091
full,59,7,101207.65825462964,0.005565302881348488,0.0038708539234681982,-0.0006434321532273147,0.011932478978925576,0.08936194387246679,1.1798584716660636,0.0011798584716660636,0.0005066338846726078,0.20265355386904313,1.405307107738086,0.9999999999999999,0.8106141686439514,0.8106142154761722,4.6832220768067145e-08,False,1.0394248962402344,0.9028329935799878,4.658139705657959,65,-0.12252617840256014,0.07237706865583146,-0.08012737546648299,0.3383399748376438,0.09817939783845628,0.21934250529323304,0.47441460724387846,0.9410285276370367,0.912668726840604,0.9582963540708176,1.0015122873345936,0.9499004644990046,1.0061810154525386,1.00921187308086
full,59,8,106902.02806235747,0.05820941158843573,0.056264218596988824,0.0487808406415174,0.06456405165981904,0.07701464078752136,1.3457616274910313,0.0013457616274910314,0.0004941227885761431,0.19764911543045727,1.3952982308609143,0.9999999999999999,0.7905963659286499,0.7905964617218286,9.579317872265847e-08,False,1.005640983581543,0.8734886598904457,4.20857572555542,66,-0.09283759152250631,0.5390697597925151,-0.10481152390795095,0.0983649298016514,0.27467893356723444,0.027652789971658154,0.257882702297398,1.0617528584451108,1.1068239035899863,1.0283217793331279,1.064175160437901,0.9811386657352429,1.100043878894252,1.0210446247464502
full,59,9,106252.49886193915,-0.0051287813458673615,-0.006075929635679489,-0.010575538967848911,0.05884566413881176,0.09714302893683255,0.4632398656436374,0.0004632398656436374,0.0004892446526459286,0.19569786105837145,1.3913957221167428,0.9999999999999999,0.7827914953231812,0.7827914442334856,5.108969558520471e-08,False,1.0734632015228271,0.9323982898951245,4.905330181121826,67,-0.10415036337716241,0.47327721757548197,-0.09154749768120904,0.2675865356411252,0.22431411487715583,0.07678709072726111,0.15373290223734717,0.9738875049333385,0.9888637987703586,0.9580667059670183,0.9741042923022349,1.0316838732645068,0.9409652971679298,0.9865905140302956
full,59,10,112044.17601521962,0.05583268233512739,0.05450862064718098,0.04580872589878488,0.10749488678093899,0.056809934866846976,0.7569331287273338,0.0007569331287273338,0.0004978988359549216,0.19915953438196865,1.398319068763937,0.9999999999999999,0.7966381907463074,0.7966381375278742,5.3218433215818095e-08,False,0.9820910096168518,0.8530334124067844,4.02699613571167,68,0.021327127835580273,0.5470697909061397,-0.09838881050901754,0.07351909870547907,0.22711162561816828,-0.1007707238729511,0.3301318913166012,1.0350516236175364,1.0668988139445743,1.0189072752337456,0.971959213401311,0.9986197377501727,0.9864349300551081,1.0646866347847974
full,59,11,114754.18510470733,0.025170484401489723,0.0241869696923791,0.01701987957270691,0.12857208729463665,0.08114641881981494,0.4523046751107488,0.0004523046751107488,0.000507522789495332,0.2030091157981328,1.4060182315962655,1.0,0.812036395072937,0.812036463192531,6.811959396557654e-08,False,0.9680614471435547,0.8408474892754446,3.8900351524353027,69,0.016717336007526923,0.5434324060167586,-0.10085719185216088,0.12238918883459907,0.4043938730444227,-0.10215192394597192,0.1160763118948255,1.0146423361916632,1.0003827389871474,1.0247643242463869,1.0041213937804423,1.0570145127850723,0.969058874086807,1.0042553191489363
full,59,12,118518.42581159143,0.03373759128653875,0.03280264422120571,0.024142256276712654,0.1562493400058328,0.07069992868966976,0.3922756356852395,0.0003922756356852395,0.0005125672636287553,0.20502690545150215,1.4100538109030043,0.9999999999999999,0.8201075792312622,0.8201076218060086,4.257474639501879e-08,False,0.993770956993103,0.8631784857956369,4.13489294052124,70,0.019015776259558526,0.5522148555942944,-0.10128482218299595,0.10110198919262203,0.23156104449714932,-0.1037420832685062,0.30113323990787777,1.0024823479186857,1.0579639578806326,0.9651039618260693,0.9328358208955223,0.9767898005884277,0.945011086474501,1.0153013182674198
full,59,13,121485.57391265845,0.02580186951410668,0.025035331685757445,0.01698183403276061,0.17685699808361954,0.07251648090052279,0.24822639461074555,0.00024822639461074555,0.0004993101369057383,0.19972405476229532,1.3994481095245905,0.9999999999999999,0.7988961935043335,0.7988962190491811,2.554484757055775e-08,False,0.966503918170929,0.839494636799013,3.942718267440796,71,0.016554605747972212,0.5463274722652776,-0.09792193717190198,0.05887272262147494,0.3503713911133153,-0.10180211759039334,0.22759786301425525,1.0647274634440285,1.0659156475343874,1.0455609523922245,1.0168,0.9832663989290497,1.0154856874706712,0.9983769997681431
full,59,14,126467.77246152789,0.04200136852009706,0.04101061869659817,0.02989444314744356,0.2092847208926647,0.05066559323203191,0.43517886208636414,0.00043517886208636414,0.0005160877693976675,0.20643510775906698,1.412870215518134,1.0,0.8257405161857605,0.8257404310362682,8.514949234594837e-08,False,0.9952752590179443,0.8644851059326459,4.2019171714782715,72,-0.10489217245153018,0.5425860354942935,-0.1015429353075368,0.10519921726414136,0.2615911731762546,0.01485488138028554,0.2822038004440921,1.0311389371500623,1.0404774891800428,1.033478927516993,1.0743509047993705,1.0571817562968002,1.0083179297597042,1.0134695773339524
full,59,15,124892.99452095806,-0.011569016497213869,-0.012452009788097462,-0.012817005006786708,0.19931457818301257,0.056937245942691554,0.3765118968273912,0.0003765118968273912,0.0005172155784176929,0.20688623136707718,1.4137724627341544,0.9999999999999999,0.8275448679924011,0.8275449254683087,5.747590758886645e-08,False,0.9677127599716187,0.8405446234460802,3.89216947555542,73,-0.11324612024639336,0.5330091046967677,-0.09364011112068382,0.12983996447707924,0.09126610335494789,0.026196686817066994,0.4265743720212153,0.9822836111014266,0.9783176430619793,0.9764445432283997,0.9483705602343465,0.963940759819704,0.9404216315307058,1.0171860678276812
full,59,16,122680.83665002049,-0.0164604641299404,-0.017712425580174163,-0.0174646632944888,0.18487676860831637,0.06053707439585191,0.7575876667563405,0.0007575876667563405,0.0005161373856078301,0.20645495424313204,1.4129099084862642,1.0,0.8258197903633118,0.8258198169725284,2.6609216607909048e-08,False,0.9562619924545288,0.8305986131536218,3.947479486465454,74,-0.10297644098422357,0.5450587798176068,0.012843889583434381,0.04529327194073371,0.34125658164599115,-0.10347851325890847,0.26200243125536615,0.953865200398201,0.9405989802128366,0.9695992992920063,0.9972972972972974,1.0277221108884433,0.9517543859649122,0.9894120297364272
full,59,17,122997.27346106901,0.0038058419494906293,0.002579349959531463,-0.00085485187183921,0.18697384758165458,0.05903861690354855,0.7166941990809781,0.0007166941990809781,0.000505894711241126,0.20235788449645042,1.4047157689929008,1.0,0.8094315528869629,0.8094315379858017,1.4901161193847656e-08,False,0.8967355489730835,0.7788946012909869,3.4052436351776123,75,0.017748702317476273,0.5531619843095541,-0.1010116059333086,0.03167400322854519,0.11038424633443356,-0.10134627856314182,0.4893889483064413,0.9753702827932057,0.9734845260871898,0.9817779805097796,0.9632210607820363,0.9691257718557038,0.9810547875064004,1.0403005464480872
full,59,18,129159.5904215729,0.05081684999263336,0.050101248483807925,0.0357457151283687,0.22576403599916117,0.060889465782757744,0.17049642705491605,0.00017049642705491605,0.0005107310201440538,0.20429240805762156,1.408584816115243,1.0,0.8171695470809937,0.817169632230486,8.514949234594837e-08,False,0.9372760653495789,0.8141076464026276,3.7284247875213623,76,0.018686809177909575,0.5563666714089257,-0.10287822357245854,0.035430521305118284,0.18773314782551356,-0.10141418448516301,0.4060752583401544,1.0891792688816473,1.1069920631695078,1.0876782985427245,0.965032154340836,1.0026827632461435,0.978079331941545,0.9929962792733641
full,59,19,131858.03794271883,0.02185212276164017,0.020892351178400936,0.013183529136135342,0.24160861514228238,0.0532210001397173,0.4215147705482585,0.0004215147705482585,0.000518173639928656,0.2072694559714624,1.4145389119429246,0.9999999999999999,0.8290778398513794,0.8290778238858492,1.5965530231198954e-08,False,0.918472945690155,0.797775464181319,3.5845589637756348,77,-0.10575406053768738,0.5249672552038516,-0.10151539543377502,0.0437545125771846,0.13281604847205536,0.01444530034703867,0.4912863393713321,1.0442292370169115,1.0551892045973597,1.0483617643675298,0.9808413161182841,0.9802675585284282,0.9829242262540022,1.0125633678642274
full,59,20,131746.8207856148,-0.0002967242126377112,-0.0008434613379605382,-0.003311275815107796,0.2409684013345178,0.053421240146864356,0.0342472642660141,3.42472642660141e-05,0.0005128017433785966,0.20512069735143867,1.4102413947028771,0.9999999999999999,0.8204826712608337,0.8204827894057543,1.1814492051342995e-07,False,0.9243008494377136,0.8028375170585749,3.629086494445801,78,-0.10655733557151897,0.5272688084681119,-0.0985633617799197,0.045368347450026436,0.14307225881410496,0.013794220185705586,0.4756170624334897,1.0158957024486046,1.010169583320357,1.0122251879699948,0.9732484076433121,1.0010235414534288,0.8322475570032573,1.0013060513713536
full,59,21,133871.6872638785,0.017162470441499877,0.016128407999471905,0.0100224340543365,0.25301606303887847,0.04050455300048334,0.5070378322686467,0.0005070378322686468,0.000510094091296196,0.2040376365184784,1.4080752730369568,1.0,0.8161504864692688,0.8161505460739136,5.960464477539063e-08,False,0.9605746269226074,0.8343445198575264,3.7626922130584717,79,-0.1050812378525734,0.39105378836393356,0.031463198363780975,0.07023435831069946,0.13851898163557053,-0.098956398665905,0.5727673098444939,1.0517206371017433,1.0611916700117017,1.0221778015443597,1.0663176265270506,1.0606680299931834,1.1487279843444227,0.9993478260869567
full,59,22,138892.936315467,0.03863515771027792,0.03750792385017876,0.024019201900421252,0.2800209812479565,0.059714326173135386,0.5769542945282801,0.0005769542945282801,0.0005089380804981505,0.2035752321992602,1.4071504643985204,1.0,0.8143008351325989,0.8143009287970409,9.36644419802235e-08,False,0.9705345630645752,0.8429956104706572,3.8804359436035156,80,-0.11885323428681921,0.5124390641493457,-0.08472199791244098,0.08084836548992566,0.09784399664827756,0.0575214656335967,0.45492234027811457,1.0310187843265763,1.0178682872014018,1.0207962964654471,0.9975450081833063,0.980719794344473,0.9982964224872232,1.0815749401783774
full,59,23,140132.88307492743,0.009966213418593384,0.008927356511811091,0.0029478593298846215,0.2863916176866842,0.06845554217686169,0.5197363128619535,0.0005197363128619536,0.0005093986687383481,0.20375946749533927,1.4075189349906785,0.9999999999999999,0.8150379657745361,0.815037869981357,9.579317916674768e-08,False,0.970359206199646,0.842843297433052,3.9893558025360107,81,-0.10743266264242785,0.5529042639370476,-0.09632680485291142,0.05477929567652087,0.305826381647161,0.019781007298401404,0.27046851893620827,0.9583849199542304,0.9559426386392028,0.9499728531432721,1.0254306808859721,1.0298165137614679,1.0329920364050056,1.0512872083668543
full,59,24,146268.21917659105,0.044510640090603903,0.043782272704566694,0.02703098624075203,0.316324485503792,0.05803763152711538,0.21429612487554545,0.00021429612487554545,0.00048327595527682994,0.19331038211073198,1.3866207642214639,0.9999999999999999,0.7732415199279785,0.7732415284429277,8.514949190185916e-09,False,0.9592901468276978,0.8332288346228588,3.767524480819702,82,-0.09786222236497064,0.5792486656989371,-0.09544815974576135,0.04282937464969497,0.2106282402362142,0.030457193830183554,0.3301469076957021,1.0480212055948877,1.068795856752058,1.0230167177280944,0.9996,1.0413617562838053,0.9757709251101322,1.0109049167782667
full,60,1,105976.91235122984,0.06153990371934248,0.05976912351229835,0.05221838973926762,0.056398249567991665,0.08359719657448084,1.177787606205259,0.001177787606205259,0.000491729277585234,0.1966917110340936,1.393383422068187,0.9999999999999999,0.786766767501831,0.7867668441363742,7.663454315576246e-08,False,1.0165438652038574,0.8829587825412767,4.182602882385254,60,0.15343679647360528,0.5661714539996214,-0.10546309341277396,0.03636933650289262,-0.09122861762131965,0.1870886550417968,0.25362546901617733,1.0911163764566931,1.1234912300099247,1.0672516751244587,0.9214727924405344,0.9787449392712549,0.9501831501831501,0.9801744647105474
full,60,2,104294.30767343364,-0.014467388848416363,-0.015877087192535777,-0.018708228290301845,0.04117489985052658,0.06969757145673525,0.9272661304899623,0.0009272661304899623,0.0005041502442743097,0.2016600977097239,1.4033201954194479,1.0,0.8066403865814209,0.8066403908388957,4.257474817137563e-09,False,0.9059527516365051,0.7869005618016028,3.419002056121826,61,0.02317462808319501,0.5160862164837974,-0.10773504206112455,0.07262424698897771,0.06091456062027387,-0.09392505564859935,0.52886044553348,0.9575598807831897,0.9536357930098714,0.9593638617140574,0.9904526166902407,1.019303688383316,0.9602929838087895,1.0035059331175835
full,60,3,100274.6380091184,-0.03794889635276366,-0.038541601684548565,-0.04084560733267646,0.002738858145700074,0.04819131255699914,0.11390281042882386,0.00011390281042882386,0.0005023721286228725,0.20094885144914904,1.4018977028982982,1.0,0.8037954568862915,0.8037954057965964,5.10896951411155e-08,False,0.8725721836090088,0.7579065688073273,3.2116880416870117,62,0.039052951016596366,0.5255241495157992,-0.10475263478500504,0.045289221086672354,0.03356934232371192,-0.09619621666414399,0.5575131875063692,0.906604323640961,0.8950099292047539,0.9116191074982402,0.9460906818993214,1.0010145417653027,0.8916097952629467,1.0064498790647676
full,60,4,98638.43113689288,-0.015218713838979103,-0.016317255337054748,-0.018950888510363726,-0.013803634622062244,0.04816791485202815,0.6256781539746693,0.0006256781539746693,0.0004904627507286414,0.19618510029145653,1.392370200582913,0.9999999999999999,0.7847403287887573,0.7847404011658261,7.23770687827141e-08,False,1.0391923189163208,0.9026309794832048,4.247157096862793,63,0.14949135695184979,0.2161920687982014,-0.10825963105474201,0.14725198064531597,0.10410338108028683,-0.08792546923671452,0.5791463128158024,1.0798634244603893,1.039007305019145,1.1395080340749941,0.8803773584905662,0.9280405405405406,0.9914452949122017,1.0066755674232308
full,60,5,105871.96334152189,0.07452424325111773,0.07333381240208636,0.06616324525450794,0.05546287379766546,0.06206526330439526,0.6112310545785087,0.0006112310545785087,0.0004972509214920658,0.1989003685968263,1.3978007371936525,1.0,0.795601487159729,0.795601474387305,1.277242400732348e-08,False,1.0523886680603027,0.914093182712205,4.946758270263672,64,0.023608466344220286,0.2636041098407337,-0.10415180240358626,0.17418526645217622,0.33126575286899296,-0.09474856619324004,0.4062367730907031,1.0537528861202778,1.0436698440150798,1.056726336776278,1.1337333904843547,1.097196942118675,1.0286103542234333,1.0366047745358091
full,60,6,107049.27810584313,0.013102759605470915,0.011120175041275715,0.005637327876479633,0.06585077667570327,0.09501150003116361,1.446059965661594,0.001446059965661594,0.0005128005572727748,0.20512022290910994,1.4102404458182198,0.9999999999999999,0.8204808235168457,0.8204808916364397,6.811959396557654e-08,False,1.028373122215271,0.8932335446314212,4.541468143463135,65,-0.12138865249497549,-0.08373157041413445,0.05693053347723823,0.39065848929541447,0.1005685691322599,0.197332746216229,0.45962988478796823,0.9410285276370367,0.912668726840604,0.9582963540708176,1.0015122873345936,0.9499004644990046,1.0061810154525386,1.00921187308086
full,60,7,113047.23767696765,0.058301348852298984,0.05602989274896508,0.0452082070617444,0.11541403350562285,0.08710099536350356,1.6453451285404819,0.001645345128540482,0.0005032841235931431,0.20131364943725724,1.4026272988745145,1.0,0.8052546381950378,0.8052545977490291,4.0446008764405406e-08,False,1.0147672891616821,0.8814156681976802,4.326918601989746,66,-0.092757644663964,0.5313017418874162,-0.10855600477329325,0.12408119945653848,0.2795768132699388,0.025989040200199404,0.24036485462316445,1.0617528584451108,1.1068239035899863,1.0283217793331279,1.064175160437901,0.9811386657352429,1.100043878894252,1.0210446247464502
full,60,8,112389.74893096408,-0.004874417462227276,-0.005816053178427372,-0.009942954355290997,0.11023913701039167,0.09536115720119645,0.4539618321827481,0.0004539618321827481,0.0004927342677755016,0.19709370711020063,1.3941874142204012,0.9999999999999999,0.7883747220039368,0.7883748284408023,1.0643686554345777e-07,False,1.0681660175323486,0.9277972143417424,4.880079746246338,67,-0.10366983179535186,0.46370803351913176,-0.09342387531484878,0.2947084807923862,0.22720630999122346,0.0672105454972812,0.14426033731017793,0.9738875049333385,0.9888637987703586,0.9580667059670183,0.9741042923022349,1.0316838732645068,0.9409652971679298,0.9865905140302956
full,60,9,118636.4129239171,0.05699065018200722,0.05558037145175998,0.04403270683135682,0.15708847279349936,0.056332579035017274,0.8280016673462731,0.0008280016673462732,0.0005071287735232286,0.20285150940929142,1.4057030188185826,0.9999999999999999,0.8114058971405029,0.8114060376371652,1.4049666230420144e-07,False,0.9808193445205688,0.8519288581384951,4.022942066192627,68,0.02065136390072958,0.5456127982054437,-0.10056941104786737,0.07873999433858053,0.2058121423636164,-0.10228209836142405,0.3520352106009211,1.0350516236175364,1.0668988139445743,1.0189072752337456,0.971959213401311,0.9986197377501727,0.9864349300551081,1.0646866347847974
full,60,10,121443.74796288942,0.024674083095647115,0.023663350650804826,0.015353517020962833,0.17657350273348082,0.0826302583803727,0.47444841159241535,0.00047444841159241535,0.0005124324706516096,0.20497298826064386,1.4099459765212876,1.0,0.8198921084403992,0.8198919530425752,1.553978239421383e-07,False,0.9738626480102539,0.8458863483250844,3.949878215789795,69,0.01655084905879836,0.5427870944674527,-0.10203765625400205,0.12685826873140674,0.3949180737669979,-0.10293533200664182,0.12385870223598819,1.0146423361916632,1.0003827389871474,1.0247643242463869,1.0041213937804423,1.0570145127850723,0.969058874086807,1.0042553191489363
full,60,11,125426.61665526369,0.03373942420255971,0.032795996164342256,0.022739631303386958,0.2027210597982484,0.06815851522761221,0.3953334093093872,0.0003953334093093872,0.0005177195144018958,0.2070878057607583,1.4141756115215165,0.9999999999999999,0.8283512592315674,0.828351223043033,3.618853439135705e-08,False,0.9957168102264404,0.864868632439301,4.156280040740967,70,0.019150796213320304,0.5508904502327954,-0.1026173486773457,0.10806335961180072,0.21816109573202472,-0.1044704570834126,0.3108221039708171,1.0024823479186857,1.0579639578806326,0.9651039618260693,0.9328358208955223,0.9767898005884277,0.945011086474501,1.0153013182674198
full,60,12,128624.19964503113,0.02620908411881606,0.025493655772889312,0.016295549086313966,0.22254132367024537,0.07049429571366027,0.19383105209895543,0.00019383105209895543,0.0005035685867603336,0.20142743470413343,1.402854869408267,1.0,0.8057096600532532,0.805709738816534,7.876328078637584e-08,False,0.969955563545227,0.8424926978781021,4.001351833343506,71,0.016315079693283357,0.5450383885098355,-0.09895113722554275,0.0562352327896016,0.30941625072487766,-0.10247629747859069,0.2744224829865354,1.0647274634440285,1.0659156475343874,1.0455609523922245,1.0168,0.9832663989290497,1.0154856874706712,0.9983769997681431
full,60,13,133656.37149140803,0.040095134453030035,0.0391230566274805,0.026097607116837295,0.25181269785983673,0.06347534145508127,0.41741183559809425,0.00041741183559809426,0.0005176299032089966,0.20705196128359865,1.4141039225671972,0.9999999999999999,0.8282077312469482,0.8282078451343944,1.138874461403816e-07,False,0.9890913367271423,0.8591138192778183,4.147470951080322,72,-0.10501683436866319,0.5421515039301343,-0.10203512691493546,0.09836964375738586,0.22801312125687087,0.014638218762619143,0.3238794735765883,1.0311389371500623,1.0404774891800428,1.033478927516993,1.0743509047993705,1.0571817562968002,1.0083179297597042,1.0134695773339524
full,60,14,132131.5333445003,-0.01057272884237448,-0.011408645393353178,-0.011555873761195608,0.24317838846784035,0.058431287383984426,0.32738141582480484,0.00032738141582480483,0.0005178245795624597,0.2071298318249839,1.4142596636499678,0.9999999999999999,0.8285194039344788,0.8285193272999356,7.663454315576246e-08,False,0.9576810598373413,0.8318311994212306,3.8148374557495117,73,-0.11281754981194225,0.5321643485554627,-0.09431228201304165,0.12454154927815708,0.08211028416241917,0.024908216936247674,0.4434054328926972,0.9822836111014266,0.9783176430619793,0.9764445432283997,0.9483705602343465,0.963940759819704,0.9404216315307058,1.0171860678276812
full,60,15,129673.87827485111,-0.017385023790958853,-0.018600064704020758,-0.017618006607198658,0.22883466330786872,0.06548562894454077,0.7203863034290926,0.0007203863034290927,0.0005169169990611928,0.20676679962447714,1.4135335992489542,0.9999999999999999,0.8270672559738159,0.8270671984979083,5.747590758886645e-08,False,0.9569560289382935,0.831201445583899,3.970266342163086,74,-0.10315432798649585,0.5432114635727234,0.01257731925163949,0.04350114959691251,0.3147034977695772,-0.10361247163798129,0.2927733694336244,0.953865200398201,0.9405989802128366,0.9695992992920063,0.9972972972972974,1.0277221108884433,0.9517543859649122,0.9894120297364272
full,60,16,130155.08741048918,0.004908505092795945,0.003710918051036627,4.307969899658166e-05,0.2316858142884931,0.05616142563255604,0.686568608241422,0.000686568608241422,0.0005058794681515013,0.2023517872606005,1.404703574521201,1.0,0.8094071745872498,0.8094071490424022,2.554484757055775e-08,False,0.8881674408912659,0.7714524371704188,3.3455400466918945,75,0.017922035817589083,0.5510183604700225,-0.10091778316668101,0.03168091124721936,0.09673453441687993,-0.10143400409391948,0.5049959453088897,0.9753702827932057,0.9734845260871898,0.9817779805097796,0.9632210607820363,0.9691257718557038,0.9810547875064004,1.0403005464480872
full,60,17,136623.71894179037,0.05040648665967984,0.04969941367639441,0.03336178249477099,0.26806267041665144,0.06030147266774689,0.16335559317043843,0.00016335559317043845,0.0005100133163588389,0.20400532654353554,1.408010653087071,0.9999999999999999,0.8160212635993958,0.8160213061741421,4.257474639501879e-08,False,0.9312157034873962,0.8088436829724619,3.675211191177368,76,0.018447151673691597,0.5541189259716442,-0.10264863606010166,0.03515120436038288,0.17123904292072567,-0.10135669048343388,0.425049001617091,1.0891792688816473,1.1069920631695078,1.0876782985427245,0.965032154340836,1.0026827632461435,0.978079331941545,0.9929962792733641
full,60,18,139469.61383207602,0.021766883116583147,0.020830167062705796,0.012053353192245254,0.2829979430472802,0.05763838876767033,0.3996909654566221,0.0003996909654566221,0.0005174905407641615,0.20699621630566462,1.4139924326113291,1.0,0.8279848694801331,0.8279848652226582,4.257474817137563e-09,False,0.9182161092758179,0.797552378906322,3.5768914222717285,77,-0.10578577539750508,0.5209940043943269,-0.10121044090815953,0.045402840312038145,0.12875140884092875,0.014606290097747526,0.4972416726606233,1.0442292370169115,1.0551892045973597,1.0483617643675298,0.9808413161182841,0.9802675585284282,0.9829242262540022,1.0125633678642274
full,60,19,139342.0003124317,-0.00036382754574071363,-0.0009149915607996606,-0.003185809470883301,0.28234129138536357,0.050583156179333205,0.03997120367629187,3.997120367629187e-05,0.0005115454703835505,0.2046181881534202,1.4092363763068403,0.9999999999999998,0.8184726238250732,0.8184727526136806,1.2878860733422925e-07,False,0.9250996112823486,0.8035313127815346,3.6312739849090576,78,-0.10651388139064824,0.5237393218225666,-0.09810430676277196,0.04700092479054416,0.14128747462694133,0.013771529974681979,0.478818936938686,1.0158957024486046,1.010169583320357,1.0122251879699948,0.9732484076433121,1.0010235414534288,0.8322475570032573,1.0013060513713536
full,60,20,141574.51501921637,0.01705877422326063,0.016021836214342722,0.00902046695879395,0.2936581842683573,0.045928518483996136,0.5108135621994732,0.0005108135621994732,0.0005092523353440421,0.20370093413761686,1.4074018682752336,0.9999999999999999,0.8148037195205688,0.8148037365504672,1.7029898380371833e-08,False,0.966206431388855,0.8392362430632253,3.7957119941711426,79,-0.10488086779202735,0.38092413704310146,0.03308956857238496,0.0744887382856437,0.14128896753702844,-0.09882006634558951,0.5739095226994582,1.0517206371017433,1.0611916700117017,1.0221778015443597,1.0663176265270506,1.0606680299931834,1.1487279843444227,0.9993478260869567
full,60,21,146905.3395113123,0.03878445288455845,0.03765384251093762,0.022208684870397837,0.31928954840814616,0.06845358538782001,0.5808390708906309,0.0005808390708906309,0.0005081511368708952,0.20326045474835808,1.4065209094967162,0.9999999999999999,0.8130418658256531,0.8130418189934323,4.6832220768067145e-08,False,0.9714055061340332,0.8437521020088922,3.8943567276000977,80,-0.11933364133749691,0.5069986044296196,-0.08392681341086117,0.08402144749249729,0.09818080653037342,0.05599229250635418,0.45806730378951344,1.0310187843265763,1.0178682872014018,1.0207962964654471,0.9975450081833063,0.980719794344473,0.9982964224872232,1.0815749401783774
full,60,22,148235.56964055833,0.010099105259299357,0.009055015520001541,0.0025079556644374917,0.3253980792701776,0.07201150395187911,0.525577500462532,0.000525577500462532,0.0005086078760879381,0.20344315043517525,1.4068863008703505,0.9999999999999999,0.8137724995613098,0.813772601740701,1.0217939117040942e-07,False,0.9709420204162598,0.8433495234295523,3.9970929622650146,81,-0.10751211057816235,0.5512185527810028,-0.0959310398570129,0.05559524361576351,0.30492807765092167,0.01941508640136036,0.27228618998612675,0.9583849199542304,0.9559426386392028,0.9499728531432721,1.0254306808859721,1.0298165137614679,1.0329920364050056,1.0512872083668543
full,60,23,154717.7291929362,0.04446029167519794,0.043728772845112784,0.025284750154063583,0.35366166164901547,0.05957664449548556,0.21855255748544425,0.00021855255748544426,0.00048207256543849204,0.19282902617539682,1.3856580523507935,0.9999999999999999,0.7713160514831543,0.7713161047015871,5.3218432771728885e-08,False,0.9580729007720947,0.8321715481327251,3.759404420852661,82,-0.09772084946078916,0.57874363368111,-0.09510817671460767,0.042522144370845366,0.2087248981531177,0.029773528554609824,0.3330648214157138,1.0480212055948877,1.068795856752058,1.0230167177280944,0.9996,1.0413617562838053,0.9757709251101322,1.0109049167782667
full,60,24,157771.95965002108,0.020503301586342504,0.01974066238573191,0.009564628601266006,0.3661738104678055,0.058950404350480615,0.24643939839942108,0.0002464393983994211,0.0005011567220624004,0.20046268882496016,1.4009253776499204,1.0,0.8018507361412048,0.8018507552998408,1.915863601098522e-08,False,0.9094173908233643,0.7899099091628802,3.467106580734253,83,-0.1041314923869712,0.5666892504585641,-0.09633119643798896,0.03472020610102586,0.12241482495197228,0.020353886697973528,0.4562845206154244,1.0346697982446185,1.0596108138674234,1.0111806730814872,0.9767907162865145,0.9780018331805682,0.9322799097065462,0.9918622255866768
full,61,1,98297.15890508494,-0.014963759345213434,-0.01702841094915053,-0.020589713873575357,-0.017323400939383227,0.06532625868384262,1.6073462824736322,0.0016073462824736323,0.0004908693142767463,0.19634772571069853,1.3926954514213972,1.0,0.7853909730911255,0.7853909028427943,7.024833115210072e-08,False,0.860346794128418,0.74728773042625,3.142512559890747,61,-0.09643033386341163,0.528265958119716,-0.0999173918472869,0.042343912113990106,0.0403120791805642,0.02430430746504239,0.5611214688313859,0.9575598807831897,0.9536357930098714,0.9593638617140574,0.9904526166902407,1.019303688383316,0.9602929838087895,1.0035059331175835
full,61,2,94596.6793815191,-0.036902667281974555,-0.03764584414020544,-0.04224159150924123,-0.05711955909877875,0.04890866699691416,0.2808458272899901,0.0002808458272899901,0.0004911049588450364,0.19644198353801456,1.392883967076029,0.9999999999999998,0.7857680320739746,0.7857679341520578,9.792191679736106e-08,False,0.8524595499038696,0.7404369571379606,3.1016807556152344,62,0.03171556549412863,0.5235405090664114,-0.10080438373344286,0.036714461765119,0.031072964093514843,-0.0956375998045717,0.5733984831188406,0.906604323640961,0.8950099292047539,0.9116191074982402,0.9460906818993214,1.0010145417653027,0.8916097952629467,1.0064498790647676
full,61,3,93264.51282161345,-0.01303913362059439,-0.014082593264536092,-0.017275310289264757,-0.0722191857825869,0.04351367210913205,0.579030977828162,0.0005790309778281621,0.00047877350555998937,0.19150940222399576,1.3830188044479914,1.0,0.7660375833511353,0.7660376088959828,2.554484757055775e-08,False,1.0299487113952637,0.8946020840046558,4.100395202636719,63,0.13042036869696208,0.23432609119585582,-0.10110545477696828,0.12901833334139415,0.10794252582958766,-0.09040394744702748,0.589802083160196,1.0798634244603893,1.039007305019145,1.1395080340749941,0.8803773584905662,0.9280405405405406,0.9914452949122017,1.0066755674232308
full,61,4,99223.35036347194,0.06482895963199464,0.06389179937342226,0.061437526087129005,-0.007827286961013424,0.05908745468888953,0.39255785516330177,0.0003925578551633018,0.0004879336937197618,0.1951734774879047,1.3903469549758092,0.9999999999999999,0.7806938290596008,0.7806939099516184,8.089201752881081e-08,False,1.014627456665039,0.8812942112343145,4.326108455657959,64,0.024129943123885556,0.2727737586413111,-0.10013527316706522,0.1142126332436289,0.2648036043558802,-0.09503820432083948,0.5192535381231989,1.0537528861202778,1.0436698440150798,1.056726336776278,1.1337333904843547,1.097196942118675,1.0286103542234333,1.0366047745358091
full,61,5,100276.3784903619,0.012471718804777376,0.010612704802171358,0.006609883704612833,0.0027561674496296984,0.0794714141206058,1.3352885523012707,0.0013352885523012707,0.0005025136710277625,0.20100546841110503,1.40201093682221,1.0,0.8040217161178589,0.80402187364442,1.5752656112866248e-07,False,1.0202581882476807,0.8861850025451538,4.361711025238037,65,-0.12415762352091925,-0.07684784489018578,0.07792490614312034,0.32200680566685536,0.09506849838154655,0.17790889633553367,0.5280963618840491,0.9410285276370367,0.912668726840604,0.9582963540708176,1.0015122873345936,0.9499004644990046,1.0061810154525386,1.00921187308086
full,61,6,105795.7764634636,0.057107695281405135,0.0550418558806669,0.04907236209382059,0.05478268279892207,0.0590830651094355,1.476069839405162,0.001476069839405162,0.00048007958036448277,0.1920318321457931,1.384063664291586,0.9999999999999999,0.7681273221969604,0.768127328583172,6.38621155957253e-09,False,0.9851230978965759,0.8556670508238399,4.06208610534668,66,-0.09385892083602293,0.5146191708211387,-0.09817291130977018,0.07230373392147676,0.21133769968790667,0.022402671298810406,0.37136855641646044,1.0617528584451108,1.1068239035899863,1.0283217793331279,1.064175160437901,0.9811386657352429,1.100043878894252,1.0210446247464502
full,61,7,105169.509546162,-0.004954434134098018,-0.0059195833542361465,-0.009893550811354151,0.04915407106555869,0.08529878155981549,0.4848901134516511,0.00048489011345165115,0.0004855353944003582,0.19421415776014328,1.3884283155202866,1.0,0.7768566608428955,0.7768566310405731,2.9802322387695312e-08,False,1.0770313739776611,0.9354975651103516,5.042305946350098,67,-0.10863406956195831,0.4531756117939949,-0.08558008819818497,0.2543080523610115,0.2163468524813652,0.06524143368005753,0.20514220744371414,0.9738875049333385,0.9888637987703586,0.9580667059670183,0.9741042923022349,1.0316838732645068,0.9409652971679298,0.9865905140302956
full,61,8,111112.4226825822,0.05781109629793346,0.05650794761776168,0.04826080418706173,0.1000106236035132,0.05191496701785563,0.7427497325198992,0.0007427497325198992,0.0004899392024214778,0.19597568096859114,1.3919513619371824,1.0,0.7839027643203735,0.7839027238743648,4.0446008764405406e-08,False,0.9683752059936523,0.8411200167499361,3.9497311115264893,68,0.016988317881311693,0.5330106070531266,-0.09475825221410819,0.06176530702837876,0.2131517580045121,-0.10121742875448295,0.371059691001262,1.0350516236175364,1.0668988139445743,1.0189072752337456,0.971959213401311,0.9986197377501727,0.9864349300551081,1.0646866347847974
full,61,9,113804.48162063898,0.025248949025463485,0.024228244448843084,0.017765260380603495,0.1212999824264871,0.07048196884740791,0.4931590243109635,0.0004931590243109635,0.0005029044247099331,0.20116176988397327,1.4023235397679463,0.9999999999999999,0.8046470284461975,0.8046470795358927,5.10896951411155e-08,False,0.9694993495941162,0.8420964354750328,3.915602684020996,69,0.014783890119620724,0.5365073020969118,-0.0985772152032171,0.11344406115157263,0.40455582099301474,-0.10258455468075617,0.1318706955228533,1.0146423361916632,1.0003827389871474,1.0247643242463869,1.0041213937804423,1.0570145127850723,0.969058874086807,1.0042553191489363
full,61,10,116885.3362134332,0.02817097208272923,0.027071469848297225,0.01988025581594256,0.14446068908593024,0.06560901687001162,0.5637354031205177,0.0005637354031205178,0.0005062136373349598,0.20248545493398395,1.4049709098679677,0.9999999999999999,0.8099417686462402,0.8099418197359354,5.10896951411155e-08,False,0.9952079653739929,0.8644266554161754,4.1648688316345215,70,-0.1009312149669443,0.5436909768198217,0.01816766815526144,0.0977295312498297,0.2541177544210638,-0.10155423996703966,0.2887795242880072,1.0024823479186857,1.0579639578806326,0.9651039618260693,0.9328358208955223,0.9767898005884277,0.945011086474501,1.0153013182674198
full,61,11,119698.22599148551,0.02508342583382328,0.02406537782392104,0.01629598726765954,0.16456573043017952,0.07618108153179487,0.49838387114661076,0.0004983838711466107,0.0004952463540913804,0.19809854163655216,1.3961970832731043,0.9999999999999999,0.7923941016197205,0.7923941665462086,6.492648818579028e-08,False,0.9599717855453491,0.833820898490314,3.8671035766601562,71,0.01544351529862198,0.5427224033379129,-0.09660214252237764,0.063371396889644,0.3868771188759378,-0.10149639911417452,0.1896841072344354,1.0647274634440285,1.0659156475343874,1.0455609523922245,1.0168,0.9832663989290497,1.0154856874706712,0.9983769997681431
full,61,12,125325.30616701451,0.047961990848336855,0.04701055616253891,0.034174438152781005,0.20207655533882996,0.06672773511738857,0.397157140874437,0.000397157140874437,0.0005111456935160927,0.20445827740643707,1.408916554812874,0.9999999999999999,0.8178331851959229,0.8178331096257478,7.557017500658958e-08,False,0.9984998106956482,0.8672859159331232,4.227087497711182,72,-0.10508982637631042,0.5345594977427806,0.014609458989330693,0.11910347095025436,0.316994795708784,-0.09936845103012665,0.21919105401528732,1.0311389371500623,1.0404774891800428,1.033478927516993,1.0743509047993705,1.0571817562968002,1.0083179297597042,1.0134695773339524
full,61,13,123305.84751924594,-0.014992493286814068,-0.016113734005782865,-0.01624463318238436,0.18900845327394789,0.06353062235004579,0.6255087945610285,0.0006255087945610285,0.0005134463443287781,0.20537853773151127,1.4107570754630223,0.9999999999999999,0.8215141892433167,0.8215141509260446,3.831727202197044e-08,False,0.998385488986969,0.867186617358641,4.183658123016357,73,-0.1149571788098131,0.5248740363333906,-0.09042135892169817,0.15338442208511488,0.1288240301821913,0.026825235358306332,0.37147081377250807,0.9822836111014266,0.9783176430619793,0.9764445432283997,0.9483705602343465,0.963940759819704,0.9404216315307058,1.0171860678276812
full,61,14,121337.32901926673,-0.014687337902868913,-0.015964518630569913,-0.01631734233986531,0.1758513162579889,0.06320410647812626,0.7836766969412565,0.0007836766969412565,0.0005133828514122537,0.2053531405649015,1.4107062811298028,0.9999999999999999,0.8214123845100403,0.8214125622596056,1.7774956528882058e-07,False,0.9537943005561829,0.8284552032046438,3.881439685821533,74,-0.10288141282009228,0.5440533572275723,0.013121037877031727,0.05314114330602543,0.3858648949701871,-0.10247172774480923,0.20917270718408482,0.953865200398201,0.9405989802128366,0.9695992992920063,0.9972972972972974,1.0277221108884433,0.9517543859649122,0.9894120297364272
full,61,15,121241.49026351077,0.00043897266631676146,-0.0007898538440774816,-0.0035093323847427875,0.1751998446847174,0.05715721622942574,0.7256840041705541,0.0007256840041705542,0.0005033582848097596,0.20134331392390387,1.4026866278478078,1.0,0.8053731918334961,0.8053732556956157,6.386211959252819e-08,False,0.9220824837684631,0.8009106691205767,3.598909378051758,75,0.016798570219959535,0.5524309831006187,-0.10057453491858073,0.03427536732384137,0.15558424166270665,-0.10076877900532313,0.44225415161677767,0.9753702827932057,0.9734845260871898,0.9817779805097796,0.9632210607820363,0.9691257718557038,0.9810547875064004,1.0403005464480872
full,61,16,127357.72263961594,0.05116103721929344,0.05044669413755898,0.036742003979622705,0.21481008039873695,0.05736463468793705,0.17056059198720108,0.0001705605919872011,0.0005092457282756056,0.20369829131024225,1.4073965826204844,0.9999999999999999,0.8147931098937988,0.8147931652409688,5.534716995825306e-08,False,0.9498512744903564,0.8250303342798657,3.8447821140289307,76,0.01806750574282237,0.5565879909055573,-0.1026334719998496,0.03783012607267924,0.23188383557966777,-0.10106481931039266,0.35932883300951546,1.0891792688816473,1.1069920631695078,1.0876782985427245,0.965032154340836,1.0026827632461435,0.978079331941545,0.9929962792733641
full,61,17,129905.60474291073,0.02101223749433001,0.0200057134383953,0.012771539691132035,0.23021027308325392,0.052573059867698835,0.4695484129978078,0.0004695484129978078,0.0005167477997019887,0.20669911988079548,1.413398239761591,1.0,0.8267964124679565,0.8267964795231819,6.705522537231445e-08,False,0.9307015538215637,0.808397098246975,3.6905064582824707,77,-0.10564505029469728,0.5225691748782992,-0.1010540695860982,0.04580460023134947,0.15484100114554167,0.013813873752951622,0.4696704698726535,1.0442292370169115,1.0551892045973597,1.0483617643675298,0.9808413161182841,0.9802675585284282,0.9829242262540022,1.0125633678642274
full,61,18,129793.44441455374,-0.000333435762003953,-0.0008633986853682218,-0.0029683458916196564,0.229545063303775,0.04606272224281461,0.01835411680596219,1.835411680596219e-05,0.0005119261478206942,0.20477045912827768,1.4095409182565553,1.0,0.819081723690033,0.8190818365131105,1.1282307754711951e-07,False,0.9329260587692261,0.8103292786944475,3.703855276107788,78,-0.10660053337258954,0.524268259161285,-0.09816992575568814,0.04736318891601901,0.15787624275045734,0.013519930520227957,0.4617428377802883,1.0158957024486046,1.010169583320357,1.0122251879699948,0.9732484076433121,1.0010235414534288,0.8322475570032573,1.0013060513713536
full,61,19,131917.0976786836,0.017408793063144357,0.016361791411799054,0.010179015368135959,0.24194814956000255,0.044481417761831746,0.5201493240892888,0.0005201493240892888,0.0005094670464417765,0.2037868185767106,1.407573637153421,1.0,0.8151472806930542,0.8151472743068422,6.38621200366174e-09,False,0.9592768549919128,0.8332172894809873,3.7617764472961426,79,-0.1052634186510529,0.39370882590966566,0.029652277805975485,0.06952832719045024,0.14040434440331798,-0.0985233999256577,0.5704930432673012,1.0517206371017433,1.0611916700117017,1.0221778015443597,1.0663176265270506,1.0606680299931834,1.1487279843444227,0.9993478260869567
full,61,20,136827.72501139104,0.03833758211055405,0.03722510136380097,0.023849549547247936,0.26915396721187246,0.06712536209243955,0.5629585443862847,0.0005629585443862847,0.0005090214657996381,0.20360858631985526,1.4072171726397105,1.0,0.814434289932251,0.8144343452794209,5.534716995825306e-08,False,0.972356915473938,0.844578485661596,3.9013125896453857,80,-0.11879349819251467,0.5102989045636994,-0.0848150881273406,0.08188306220940181,0.10420908459595271,0.05401105859449931,0.453206476356302,1.0310187843265763,1.0178682872014018,1.0207962964654471,0.9975450081833063,0.980719794344473,0.9982964224872232,1.0815749401783774
full,61,21,138068.9783088356,0.010100031104804508,0.00907165048122538,0.0034898388800156297,0.2757243428258165,0.06161073467856788,0.5093904574002538,0.0005093904574002538,0.0005092259602887292,0.20369038411549165,1.4073807682309831,0.9999999999999999,0.8147614598274231,0.8147615364619663,7.663454315576246e-08,False,0.9706579446792603,0.8431027783795093,3.9965450763702393,81,-0.10766475488032617,0.551097387181861,-0.09602562923516547,0.055214168237788325,0.3069770873657295,0.01942878003631318,0.27097296129379955,0.9583849199542304,0.9559426386392028,0.9499728531432721,1.0254306808859721,1.0298165137614679,1.0329920364050056,1.0512872083668543
full,61,22,144091.8332949971,0.04436674295707732,0.04362207253166939,0.027343817250650816,0.3059981422037191,0.058599642545036544,0.22993495528187077,0.00022993495528187078,0.0004833547438361815,0.19334189753447262,1.386683795068945,0.9999999999999999,0.7733675241470337,0.77336759013789,6.599085633496315e-08,False,0.9558296203613281,0.8302230595252098,3.749814987182617,82,-0.09818944787340506,0.5782282903258289,-0.09515244966106756,0.041254880971142216,0.20596889699144022,0.02909536393625395,0.3387944653098072,1.0480212055948877,1.068795856752058,1.0230167177280944,0.9996,1.0413617562838053,0.9757709251101322,1.0109049167782667
full,61,23,146934.97596795048,0.020486423985040858,0.019731462970095315,0.010628878336588503,0.31942684618662853,0.05599651292641808,0.23819846074495987,0.00023819846074495988,0.0005018803849816322,0.2007521539926529,1.4015043079853058,1.0,0.8030085563659668,0.8030086159706116,5.960464477539063e-08,False,0.9084819555282593,0.789097400389197,3.4637598991394043,83,-0.10442176833748817,0.5663309060037136,-0.09633038565516472,0.03415612876415253,0.1221444346010685,0.020226988941431046,0.4578936956822872,1.0346697982446185,1.0596108138674234,1.0111806730814872,0.9767907162865145,0.9780018331805682,0.9322799097065462,0.9918622255866768
full,61,24,147320.54833265158,0.003423763949582437,0.0026241020026791517,-0.0012518503748642812,0.32120806546145353,0.060661392993785555,0.2904789791043315,0.0002904789791043315,0.0005067721760964821,0.20270887043859281,1.4054177408771855,1.0,0.8108355402946472,0.810835481754371,5.8540276182128537e-08,False,0.9005072116851807,0.782170625897915,3.4701390266418457,84,-0.10399500293923278,0.5458268000345146,0.01381495116012435,0.0283616016219769,0.13301707045840364,-0.09871386749936004,0.48168844716357334,1.011321312412097,0.9924882378382841,1.0440690175133274,1.0090126997132325,0.9662605435801311,1.0036319612590798,1.0263308528906698
